Temperature (K)	Pressure (psia)	Density (kg/m3)	Volume (m3/kg)	Internal Energy (kJ/mol)	Enthalpy (kJ/mol)	Entropy (J/mol*K)	Cv (J/mol*K)	Cp (J/mol*K)	Sound Spd. (m/s)	Joule-Thomson (F/psia)	Viscosity (uPa*s)	Therm. Cond. (W/m*K)	Phase
22.200	24.400	166.93	0.0059904	-0.035312	-0.031253	-1.4448	16.963	27.786	912.44	-0.0070854	undefined	undefined	liquid
22.200	24.404	166.93	0.0059904	-0.035312	-0.031252	-1.4448	16.963	27.786	912.44	-0.0070854	undefined	undefined	liquid
22.200	24.408	166.94	0.0059904	-0.035313	-0.031252	-1.4449	16.963	27.786	912.44	-0.0070855	undefined	undefined	liquid
22.200	24.413	166.94	0.0059904	-0.035313	-0.031251	-1.4449	16.963	27.786	912.45	-0.0070855	undefined	undefined	liquid
22.200	24.417	166.94	0.0059903	-0.035313	-0.031251	-1.4449	16.963	27.786	912.45	-0.0070855	undefined	undefined	liquid
22.200	24.421	166.94	0.0059903	-0.035313	-0.031250	-1.4449	16.963	27.786	912.45	-0.0070855	undefined	undefined	liquid
22.200	24.425	166.94	0.0059903	-0.035314	-0.031250	-1.4449	16.963	27.786	912.45	-0.0070855	undefined	undefined	liquid
22.200	24.429	166.94	0.0059903	-0.035314	-0.031250	-1.4449	16.963	27.786	912.45	-0.0070855	undefined	undefined	liquid
22.200	24.434	166.94	0.0059903	-0.035314	-0.031249	-1.4449	16.963	27.786	912.45	-0.0070855	undefined	undefined	liquid
22.200	24.438	166.94	0.0059903	-0.035314	-0.031249	-1.4449	16.963	27.786	912.45	-0.0070856	undefined	undefined	liquid
22.200	24.442	166.94	0.0059903	-0.035315	-0.031248	-1.4449	16.963	27.786	912.45	-0.0070856	undefined	undefined	liquid
22.200	24.446	166.94	0.0059903	-0.035315	-0.031248	-1.4450	16.963	27.786	912.45	-0.0070856	undefined	undefined	liquid
22.200	24.450	166.94	0.0059903	-0.035315	-0.031247	-1.4450	16.963	27.786	912.45	-0.0070856	undefined	undefined	liquid
22.200	24.455	166.94	0.0059903	-0.035315	-0.031247	-1.4450	16.963	27.786	912.45	-0.0070856	undefined	undefined	liquid
22.200	24.459	166.94	0.0059903	-0.035316	-0.031246	-1.4450	16.963	27.786	912.45	-0.0070856	undefined	undefined	liquid
22.200	24.463	166.94	0.0059903	-0.035316	-0.031246	-1.4450	16.963	27.786	912.45	-0.0070856	undefined	undefined	liquid
22.200	24.467	166.94	0.0059903	-0.035316	-0.031245	-1.4450	16.963	27.786	912.45	-0.0070856	undefined	undefined	liquid
22.200	24.471	166.94	0.0059903	-0.035316	-0.031245	-1.4450	16.963	27.786	912.45	-0.0070857	undefined	undefined	liquid
22.200	24.476	166.94	0.0059903	-0.035317	-0.031244	-1.4450	16.963	27.786	912.45	-0.0070857	undefined	undefined	liquid
22.200	24.480	166.94	0.0059903	-0.035317	-0.031244	-1.4450	16.963	27.786	912.45	-0.0070857	undefined	undefined	liquid
22.200	24.484	166.94	0.0059903	-0.035317	-0.031244	-1.4451	16.963	27.786	912.45	-0.0070857	undefined	undefined	liquid
22.200	24.488	166.94	0.0059903	-0.035317	-0.031243	-1.4451	16.963	27.786	912.45	-0.0070857	undefined	undefined	liquid
22.200	24.492	166.94	0.0059903	-0.035317	-0.031243	-1.4451	16.963	27.786	912.46	-0.0070857	undefined	undefined	liquid
22.200	24.497	166.94	0.0059903	-0.035318	-0.031242	-1.4451	16.963	27.786	912.46	-0.0070857	undefined	undefined	liquid
22.200	24.501	166.94	0.0059903	-0.035318	-0.031242	-1.4451	16.963	27.786	912.46	-0.0070858	undefined	undefined	liquid
22.200	24.505	166.94	0.0059903	-0.035318	-0.031241	-1.4451	16.963	27.786	912.46	-0.0070858	undefined	undefined	liquid
22.200	24.509	166.94	0.0059903	-0.035318	-0.031241	-1.4451	16.963	27.786	912.46	-0.0070858	undefined	undefined	liquid
22.200	24.513	166.94	0.0059903	-0.035319	-0.031240	-1.4451	16.963	27.786	912.46	-0.0070858	undefined	undefined	liquid
22.200	24.518	166.94	0.0059903	-0.035319	-0.031240	-1.4451	16.963	27.786	912.46	-0.0070858	undefined	undefined	liquid
22.200	24.522	166.94	0.0059903	-0.035319	-0.031239	-1.4451	16.963	27.786	912.46	-0.0070858	undefined	undefined	liquid
22.200	24.526	166.94	0.0059903	-0.035319	-0.031239	-1.4452	16.963	27.786	912.46	-0.0070858	undefined	undefined	liquid
22.200	24.530	166.94	0.0059903	-0.035320	-0.031239	-1.4452	16.963	27.786	912.46	-0.0070858	undefined	undefined	liquid
22.200	24.534	166.94	0.0059903	-0.035320	-0.031238	-1.4452	16.963	27.786	912.46	-0.0070859	undefined	undefined	liquid
22.200	24.539	166.94	0.0059903	-0.035320	-0.031238	-1.4452	16.963	27.786	912.46	-0.0070859	undefined	undefined	liquid
22.200	24.543	166.94	0.0059903	-0.035320	-0.031237	-1.4452	16.963	27.785	912.46	-0.0070859	undefined	undefined	liquid
22.200	24.547	166.94	0.0059903	-0.035321	-0.031237	-1.4452	16.963	27.785	912.46	-0.0070859	undefined	undefined	liquid
22.200	24.551	166.94	0.0059903	-0.035321	-0.031236	-1.4452	16.963	27.785	912.46	-0.0070859	undefined	undefined	liquid
22.200	24.555	166.94	0.0059903	-0.035321	-0.031236	-1.4452	16.963	27.785	912.46	-0.0070859	undefined	undefined	liquid
22.200	24.560	166.94	0.0059903	-0.035321	-0.031235	-1.4452	16.963	27.785	912.46	-0.0070859	undefined	undefined	liquid
22.200	24.564	166.94	0.0059903	-0.035322	-0.031235	-1.4453	16.963	27.785	912.46	-0.0070860	undefined	undefined	liquid
22.200	24.568	166.94	0.0059903	-0.035322	-0.031234	-1.4453	16.963	27.785	912.46	-0.0070860	undefined	undefined	liquid
22.200	24.572	166.94	0.0059903	-0.035322	-0.031234	-1.4453	16.963	27.785	912.47	-0.0070860	undefined	undefined	liquid
22.200	24.576	166.94	0.0059903	-0.035322	-0.031233	-1.4453	16.963	27.785	912.47	-0.0070860	undefined	undefined	liquid
22.200	24.581	166.94	0.0059903	-0.035322	-0.031233	-1.4453	16.963	27.785	912.47	-0.0070860	undefined	undefined	liquid
22.200	24.585	166.94	0.0059903	-0.035323	-0.031233	-1.4453	16.963	27.785	912.47	-0.0070860	undefined	undefined	liquid
22.200	24.589	166.94	0.0059903	-0.035323	-0.031232	-1.4453	16.963	27.785	912.47	-0.0070860	undefined	undefined	liquid
22.200	24.593	166.94	0.0059903	-0.035323	-0.031232	-1.4453	16.963	27.785	912.47	-0.0070860	undefined	undefined	liquid
22.200	24.597	166.94	0.0059903	-0.035323	-0.031231	-1.4453	16.963	27.785	912.47	-0.0070861	undefined	undefined	liquid
22.200	24.602	166.94	0.0059903	-0.035324	-0.031231	-1.4454	16.963	27.785	912.47	-0.0070861	undefined	undefined	liquid
22.200	24.606	166.94	0.0059903	-0.035324	-0.031230	-1.4454	16.963	27.785	912.47	-0.0070861	undefined	undefined	liquid
22.200	24.610	166.94	0.0059903	-0.035324	-0.031230	-1.4454	16.963	27.785	912.47	-0.0070861	undefined	undefined	liquid
22.200	24.614	166.94	0.0059903	-0.035324	-0.031229	-1.4454	16.963	27.785	912.47	-0.0070861	undefined	undefined	liquid
22.200	24.618	166.94	0.0059903	-0.035325	-0.031229	-1.4454	16.963	27.785	912.47	-0.0070861	undefined	undefined	liquid
22.200	24.623	166.94	0.0059902	-0.035325	-0.031228	-1.4454	16.963	27.785	912.47	-0.0070861	undefined	undefined	liquid
22.200	24.627	166.94	0.0059902	-0.035325	-0.031228	-1.4454	16.963	27.785	912.47	-0.0070861	undefined	undefined	liquid
22.200	24.631	166.94	0.0059902	-0.035325	-0.031227	-1.4454	16.963	27.785	912.47	-0.0070862	undefined	undefined	liquid
22.200	24.635	166.94	0.0059902	-0.035326	-0.031227	-1.4454	16.963	27.785	912.47	-0.0070862	undefined	undefined	liquid
22.200	24.639	166.94	0.0059902	-0.035326	-0.031227	-1.4455	16.963	27.785	912.47	-0.0070862	undefined	undefined	liquid
22.200	24.644	166.94	0.0059902	-0.035326	-0.031226	-1.4455	16.963	27.785	912.47	-0.0070862	undefined	undefined	liquid
22.200	24.648	166.94	0.0059902	-0.035326	-0.031226	-1.4455	16.963	27.785	912.47	-0.0070862	undefined	undefined	liquid
22.200	24.652	166.94	0.0059902	-0.035327	-0.031225	-1.4455	16.963	27.785	912.48	-0.0070862	undefined	undefined	liquid
22.200	24.656	166.94	0.0059902	-0.035327	-0.031225	-1.4455	16.963	27.785	912.48	-0.0070862	undefined	undefined	liquid
22.200	24.660	166.94	0.0059902	-0.035327	-0.031224	-1.4455	16.963	27.785	912.48	-0.0070863	undefined	undefined	liquid
22.200	24.665	166.94	0.0059902	-0.035327	-0.031224	-1.4455	16.963	27.785	912.48	-0.0070863	undefined	undefined	liquid
22.200	24.669	166.94	0.0059902	-0.035327	-0.031223	-1.4455	16.963	27.785	912.48	-0.0070863	undefined	undefined	liquid
22.200	24.673	166.94	0.0059902	-0.035328	-0.031223	-1.4455	16.963	27.785	912.48	-0.0070863	undefined	undefined	liquid
22.200	24.677	166.94	0.0059902	-0.035328	-0.031222	-1.4455	16.963	27.785	912.48	-0.0070863	undefined	undefined	liquid
22.200	24.681	166.94	0.0059902	-0.035328	-0.031222	-1.4456	16.963	27.785	912.48	-0.0070863	undefined	undefined	liquid
22.200	24.686	166.94	0.0059902	-0.035328	-0.031222	-1.4456	16.963	27.785	912.48	-0.0070863	undefined	undefined	liquid
22.200	24.690	166.94	0.0059902	-0.035329	-0.031221	-1.4456	16.963	27.785	912.48	-0.0070863	undefined	undefined	liquid
22.200	24.694	166.94	0.0059902	-0.035329	-0.031221	-1.4456	16.963	27.785	912.48	-0.0070864	undefined	undefined	liquid
22.200	24.698	166.94	0.0059902	-0.035329	-0.031220	-1.4456	16.963	27.785	912.48	-0.0070864	undefined	undefined	liquid
22.200	24.702	166.94	0.0059902	-0.035329	-0.031220	-1.4456	16.963	27.785	912.48	-0.0070864	undefined	undefined	liquid
22.200	24.707	166.94	0.0059902	-0.035330	-0.031219	-1.4456	16.963	27.785	912.48	-0.0070864	undefined	undefined	liquid
22.200	24.711	166.94	0.0059902	-0.035330	-0.031219	-1.4456	16.963	27.785	912.48	-0.0070864	undefined	undefined	liquid
22.200	24.715	166.94	0.0059902	-0.035330	-0.031218	-1.4456	16.963	27.785	912.48	-0.0070864	undefined	undefined	liquid
22.200	24.719	166.94	0.0059902	-0.035330	-0.031218	-1.4457	16.963	27.784	912.48	-0.0070864	undefined	undefined	liquid
22.200	24.723	166.94	0.0059902	-0.035331	-0.031217	-1.4457	16.963	27.784	912.48	-0.0070865	undefined	undefined	liquid
22.200	24.728	166.94	0.0059902	-0.035331	-0.031217	-1.4457	16.963	27.784	912.48	-0.0070865	undefined	undefined	liquid
22.200	24.732	166.94	0.0059902	-0.035331	-0.031216	-1.4457	16.963	27.784	912.49	-0.0070865	undefined	undefined	liquid
22.200	24.736	166.94	0.0059902	-0.035331	-0.031216	-1.4457	16.963	27.784	912.49	-0.0070865	undefined	undefined	liquid
22.200	24.740	166.94	0.0059902	-0.035332	-0.031216	-1.4457	16.963	27.784	912.49	-0.0070865	undefined	undefined	liquid
22.200	24.744	166.94	0.0059902	-0.035332	-0.031215	-1.4457	16.963	27.784	912.49	-0.0070865	undefined	undefined	liquid
22.200	24.749	166.94	0.0059902	-0.035332	-0.031215	-1.4457	16.963	27.784	912.49	-0.0070865	undefined	undefined	liquid
22.200	24.753	166.94	0.0059902	-0.035332	-0.031214	-1.4457	16.963	27.784	912.49	-0.0070865	undefined	undefined	liquid
22.200	24.757	166.94	0.0059902	-0.035332	-0.031214	-1.4458	16.963	27.784	912.49	-0.0070866	undefined	undefined	liquid
22.200	24.761	166.94	0.0059902	-0.035333	-0.031213	-1.4458	16.963	27.784	912.49	-0.0070866	undefined	undefined	liquid
22.200	24.765	166.94	0.0059902	-0.035333	-0.031213	-1.4458	16.963	27.784	912.49	-0.0070866	undefined	undefined	liquid
22.200	24.770	166.94	0.0059902	-0.035333	-0.031212	-1.4458	16.963	27.784	912.49	-0.0070866	undefined	undefined	liquid
22.200	24.774	166.94	0.0059902	-0.035333	-0.031212	-1.4458	16.963	27.784	912.49	-0.0070866	undefined	undefined	liquid
22.200	24.778	166.94	0.0059902	-0.035334	-0.031211	-1.4458	16.963	27.784	912.49	-0.0070866	undefined	undefined	liquid
22.200	24.782	166.94	0.0059902	-0.035334	-0.031211	-1.4458	16.963	27.784	912.49	-0.0070866	undefined	undefined	liquid
22.200	24.786	166.94	0.0059902	-0.035334	-0.031210	-1.4458	16.963	27.784	912.49	-0.0070867	undefined	undefined	liquid
22.200	24.791	166.94	0.0059902	-0.035334	-0.031210	-1.4458	16.963	27.784	912.49	-0.0070867	undefined	undefined	liquid
22.200	24.795	166.94	0.0059902	-0.035335	-0.031210	-1.4459	16.963	27.784	912.49	-0.0070867	undefined	undefined	liquid
22.200	24.799	166.94	0.0059902	-0.035335	-0.031209	-1.4459	16.963	27.784	912.49	-0.0070867	undefined	undefined	liquid
22.200	24.803	166.94	0.0059902	-0.035335	-0.031209	-1.4459	16.963	27.784	912.49	-0.0070867	undefined	undefined	liquid
22.200	24.807	166.94	0.0059902	-0.035335	-0.031208	-1.4459	16.963	27.784	912.49	-0.0070867	undefined	undefined	liquid
22.200	24.812	166.94	0.0059902	-0.035336	-0.031208	-1.4459	16.964	27.784	912.50	-0.0070867	undefined	undefined	liquid
22.200	24.816	166.94	0.0059902	-0.035336	-0.031207	-1.4459	16.964	27.784	912.50	-0.0070867	undefined	undefined	liquid
22.200	24.820	166.94	0.0059902	-0.035336	-0.031207	-1.4459	16.964	27.784	912.50	-0.0070868	undefined	undefined	liquid
22.200	24.824	166.94	0.0059902	-0.035336	-0.031206	-1.4459	16.964	27.784	912.50	-0.0070868	undefined	undefined	liquid
22.200	24.828	166.94	0.0059901	-0.035337	-0.031206	-1.4459	16.964	27.784	912.50	-0.0070868	undefined	undefined	liquid
22.200	24.833	166.94	0.0059901	-0.035337	-0.031205	-1.4459	16.964	27.784	912.50	-0.0070868	undefined	undefined	liquid
22.200	24.837	166.94	0.0059901	-0.035337	-0.031205	-1.4460	16.964	27.784	912.50	-0.0070868	undefined	undefined	liquid
22.200	24.841	166.94	0.0059901	-0.035337	-0.031205	-1.4460	16.964	27.784	912.50	-0.0070868	undefined	undefined	liquid
22.200	24.845	166.94	0.0059901	-0.035337	-0.031204	-1.4460	16.964	27.784	912.50	-0.0070868	undefined	undefined	liquid
22.200	24.849	166.94	0.0059901	-0.035338	-0.031204	-1.4460	16.964	27.784	912.50	-0.0070869	undefined	undefined	liquid
22.200	24.854	166.94	0.0059901	-0.035338	-0.031203	-1.4460	16.964	27.784	912.50	-0.0070869	undefined	undefined	liquid
22.200	24.858	166.94	0.0059901	-0.035338	-0.031203	-1.4460	16.964	27.784	912.50	-0.0070869	undefined	undefined	liquid
22.200	24.862	166.94	0.0059901	-0.035338	-0.031202	-1.4460	16.964	27.784	912.50	-0.0070869	undefined	undefined	liquid
22.200	24.866	166.94	0.0059901	-0.035339	-0.031202	-1.4460	16.964	27.784	912.50	-0.0070869	undefined	undefined	liquid
22.200	24.870	166.94	0.0059901	-0.035339	-0.031201	-1.4460	16.964	27.784	912.50	-0.0070869	undefined	undefined	liquid
22.200	24.875	166.94	0.0059901	-0.035339	-0.031201	-1.4461	16.964	27.784	912.50	-0.0070869	undefined	undefined	liquid
22.200	24.879	166.94	0.0059901	-0.035339	-0.031200	-1.4461	16.964	27.784	912.50	-0.0070869	undefined	undefined	liquid
22.200	24.883	166.94	0.0059901	-0.035340	-0.031200	-1.4461	16.964	27.784	912.50	-0.0070870	undefined	undefined	liquid
22.200	24.887	166.94	0.0059901	-0.035340	-0.031199	-1.4461	16.964	27.784	912.50	-0.0070870	undefined	undefined	liquid
22.200	24.891	166.94	0.0059901	-0.035340	-0.031199	-1.4461	16.964	27.784	912.51	-0.0070870	undefined	undefined	liquid
22.200	24.896	166.94	0.0059901	-0.035340	-0.031199	-1.4461	16.964	27.784	912.51	-0.0070870	undefined	undefined	liquid
22.200	24.900	166.94	0.0059901	-0.035341	-0.031198	-1.4461	16.964	27.783	912.51	-0.0070870	undefined	undefined	liquid
22.200	24.904	166.94	0.0059901	-0.035341	-0.031198	-1.4461	16.964	27.783	912.51	-0.0070870	undefined	undefined	liquid
22.200	24.908	166.94	0.0059901	-0.035341	-0.031197	-1.4461	16.964	27.783	912.51	-0.0070870	undefined	undefined	liquid
22.200	24.912	166.94	0.0059901	-0.035341	-0.031197	-1.4462	16.964	27.783	912.51	-0.0070871	undefined	undefined	liquid
22.200	24.917	166.94	0.0059901	-0.035342	-0.031196	-1.4462	16.964	27.783	912.51	-0.0070871	undefined	undefined	liquid
22.200	24.921	166.94	0.0059901	-0.035342	-0.031196	-1.4462	16.964	27.783	912.51	-0.0070871	undefined	undefined	liquid
22.200	24.925	166.94	0.0059901	-0.035342	-0.031195	-1.4462	16.964	27.783	912.51	-0.0070871	undefined	undefined	liquid
22.200	24.929	166.94	0.0059901	-0.035342	-0.031195	-1.4462	16.964	27.783	912.51	-0.0070871	undefined	undefined	liquid
22.200	24.933	166.94	0.0059901	-0.035342	-0.031194	-1.4462	16.964	27.783	912.51	-0.0070871	undefined	undefined	liquid
22.200	24.938	166.94	0.0059901	-0.035343	-0.031194	-1.4462	16.964	27.783	912.51	-0.0070871	undefined	undefined	liquid
22.200	24.942	166.94	0.0059901	-0.035343	-0.031193	-1.4462	16.964	27.783	912.51	-0.0070871	undefined	undefined	liquid
22.200	24.946	166.94	0.0059901	-0.035343	-0.031193	-1.4462	16.964	27.783	912.51	-0.0070872	undefined	undefined	liquid
22.200	24.950	166.94	0.0059901	-0.035343	-0.031193	-1.4462	16.964	27.783	912.51	-0.0070872	undefined	undefined	liquid
22.200	24.954	166.94	0.0059901	-0.035344	-0.031192	-1.4463	16.964	27.783	912.51	-0.0070872	undefined	undefined	liquid
22.200	24.959	166.94	0.0059901	-0.035344	-0.031192	-1.4463	16.964	27.783	912.51	-0.0070872	undefined	undefined	liquid
22.200	24.963	166.94	0.0059901	-0.035344	-0.031191	-1.4463	16.964	27.783	912.51	-0.0070872	undefined	undefined	liquid
22.200	24.967	166.94	0.0059901	-0.035344	-0.031191	-1.4463	16.964	27.783	912.51	-0.0070872	undefined	undefined	liquid
22.200	24.971	166.94	0.0059901	-0.035345	-0.031190	-1.4463	16.964	27.783	912.52	-0.0070872	undefined	undefined	liquid
22.200	24.975	166.94	0.0059901	-0.035345	-0.031190	-1.4463	16.964	27.783	912.52	-0.0070873	undefined	undefined	liquid
22.200	24.980	166.94	0.0059901	-0.035345	-0.031189	-1.4463	16.964	27.783	912.52	-0.0070873	undefined	undefined	liquid
22.200	24.984	166.94	0.0059901	-0.035345	-0.031189	-1.4463	16.964	27.783	912.52	-0.0070873	undefined	undefined	liquid
22.200	24.988	166.94	0.0059901	-0.035346	-0.031188	-1.4463	16.964	27.783	912.52	-0.0070873	undefined	undefined	liquid
22.200	24.992	166.94	0.0059901	-0.035346	-0.031188	-1.4464	16.964	27.783	912.52	-0.0070873	undefined	undefined	liquid
22.200	24.996	166.94	0.0059901	-0.035346	-0.031188	-1.4464	16.964	27.783	912.52	-0.0070873	undefined	undefined	liquid
22.200	25.001	166.94	0.0059901	-0.035346	-0.031187	-1.4464	16.964	27.783	912.52	-0.0070873	undefined	undefined	liquid
22.200	25.005	166.94	0.0059901	-0.035347	-0.031187	-1.4464	16.964	27.783	912.52	-0.0070873	undefined	undefined	liquid
22.200	25.009	166.94	0.0059901	-0.035347	-0.031186	-1.4464	16.964	27.783	912.52	-0.0070874	undefined	undefined	liquid
22.200	25.013	166.94	0.0059901	-0.035347	-0.031186	-1.4464	16.964	27.783	912.52	-0.0070874	undefined	undefined	liquid
22.200	25.017	166.94	0.0059901	-0.035347	-0.031185	-1.4464	16.964	27.783	912.52	-0.0070874	undefined	undefined	liquid
22.200	25.022	166.94	0.0059901	-0.035347	-0.031185	-1.4464	16.964	27.783	912.52	-0.0070874	undefined	undefined	liquid
22.200	25.026	166.94	0.0059901	-0.035348	-0.031184	-1.4464	16.964	27.783	912.52	-0.0070874	undefined	undefined	liquid
22.200	25.030	166.94	0.0059901	-0.035348	-0.031184	-1.4465	16.964	27.783	912.52	-0.0070874	undefined	undefined	liquid
22.200	25.034	166.94	0.0059900	-0.035348	-0.031183	-1.4465	16.964	27.783	912.52	-0.0070874	undefined	undefined	liquid
22.200	25.038	166.94	0.0059900	-0.035348	-0.031183	-1.4465	16.964	27.783	912.52	-0.0070874	undefined	undefined	liquid
22.200	25.043	166.94	0.0059900	-0.035349	-0.031182	-1.4465	16.964	27.783	912.52	-0.0070875	undefined	undefined	liquid
22.200	25.047	166.94	0.0059900	-0.035349	-0.031182	-1.4465	16.964	27.783	912.52	-0.0070875	undefined	undefined	liquid
22.200	25.051	166.94	0.0059900	-0.035349	-0.031182	-1.4465	16.964	27.783	912.53	-0.0070875	undefined	undefined	liquid
22.200	25.055	166.94	0.0059900	-0.035349	-0.031181	-1.4465	16.964	27.783	912.53	-0.0070875	undefined	undefined	liquid
22.200	25.059	166.94	0.0059900	-0.035350	-0.031181	-1.4465	16.964	27.783	912.53	-0.0070875	undefined	undefined	liquid
22.200	25.064	166.94	0.0059900	-0.035350	-0.031180	-1.4465	16.964	27.783	912.53	-0.0070875	undefined	undefined	liquid
22.200	25.068	166.94	0.0059900	-0.035350	-0.031180	-1.4466	16.964	27.783	912.53	-0.0070875	undefined	undefined	liquid
22.200	25.072	166.94	0.0059900	-0.035350	-0.031179	-1.4466	16.964	27.783	912.53	-0.0070876	undefined	undefined	liquid
22.200	25.076	166.94	0.0059900	-0.035351	-0.031179	-1.4466	16.964	27.782	912.53	-0.0070876	undefined	undefined	liquid
22.200	25.080	166.94	0.0059900	-0.035351	-0.031178	-1.4466	16.964	27.782	912.53	-0.0070876	undefined	undefined	liquid
22.200	25.085	166.94	0.0059900	-0.035351	-0.031178	-1.4466	16.964	27.782	912.53	-0.0070876	undefined	undefined	liquid
22.200	25.089	166.94	0.0059900	-0.035351	-0.031177	-1.4466	16.964	27.782	912.53	-0.0070876	undefined	undefined	liquid
22.200	25.093	166.94	0.0059900	-0.035352	-0.031177	-1.4466	16.964	27.782	912.53	-0.0070876	undefined	undefined	liquid
22.200	25.097	166.94	0.0059900	-0.035352	-0.031176	-1.4466	16.964	27.782	912.53	-0.0070876	undefined	undefined	liquid
22.200	25.101	166.94	0.0059900	-0.035352	-0.031176	-1.4466	16.964	27.782	912.53	-0.0070876	undefined	undefined	liquid
22.200	25.106	166.94	0.0059900	-0.035352	-0.031176	-1.4466	16.964	27.782	912.53	-0.0070877	undefined	undefined	liquid
22.200	25.110	166.94	0.0059900	-0.035352	-0.031175	-1.4467	16.964	27.782	912.53	-0.0070877	undefined	undefined	liquid
22.200	25.114	166.94	0.0059900	-0.035353	-0.031175	-1.4467	16.964	27.782	912.53	-0.0070877	undefined	undefined	liquid
22.200	25.118	166.94	0.0059900	-0.035353	-0.031174	-1.4467	16.964	27.782	912.53	-0.0070877	undefined	undefined	liquid
22.200	25.122	166.94	0.0059900	-0.035353	-0.031174	-1.4467	16.964	27.782	912.53	-0.0070877	undefined	undefined	liquid
22.200	25.127	166.94	0.0059900	-0.035353	-0.031173	-1.4467	16.964	27.782	912.53	-0.0070877	undefined	undefined	liquid
22.200	25.131	166.94	0.0059900	-0.035354	-0.031173	-1.4467	16.964	27.782	912.54	-0.0070877	undefined	undefined	liquid
22.200	25.135	166.94	0.0059900	-0.035354	-0.031172	-1.4467	16.964	27.782	912.54	-0.0070878	undefined	undefined	liquid
22.200	25.139	166.94	0.0059900	-0.035354	-0.031172	-1.4467	16.964	27.782	912.54	-0.0070878	undefined	undefined	liquid
22.200	25.143	166.95	0.0059900	-0.035354	-0.031171	-1.4467	16.964	27.782	912.54	-0.0070878	undefined	undefined	liquid
22.200	25.148	166.95	0.0059900	-0.035355	-0.031171	-1.4468	16.964	27.782	912.54	-0.0070878	undefined	undefined	liquid
22.200	25.152	166.95	0.0059900	-0.035355	-0.031171	-1.4468	16.964	27.782	912.54	-0.0070878	undefined	undefined	liquid
22.200	25.156	166.95	0.0059900	-0.035355	-0.031170	-1.4468	16.964	27.782	912.54	-0.0070878	undefined	undefined	liquid
22.200	25.160	166.95	0.0059900	-0.035355	-0.031170	-1.4468	16.964	27.782	912.54	-0.0070878	undefined	undefined	liquid
22.200	25.164	166.95	0.0059900	-0.035356	-0.031169	-1.4468	16.964	27.782	912.54	-0.0070878	undefined	undefined	liquid
22.200	25.169	166.95	0.0059900	-0.035356	-0.031169	-1.4468	16.964	27.782	912.54	-0.0070879	undefined	undefined	liquid
22.200	25.173	166.95	0.0059900	-0.035356	-0.031168	-1.4468	16.964	27.782	912.54	-0.0070879	undefined	undefined	liquid
22.200	25.177	166.95	0.0059900	-0.035356	-0.031168	-1.4468	16.964	27.782	912.54	-0.0070879	undefined	undefined	liquid
22.200	25.181	166.95	0.0059900	-0.035356	-0.031167	-1.4468	16.964	27.782	912.54	-0.0070879	undefined	undefined	liquid
22.200	25.185	166.95	0.0059900	-0.035357	-0.031167	-1.4469	16.964	27.782	912.54	-0.0070879	undefined	undefined	liquid
22.200	25.190	166.95	0.0059900	-0.035357	-0.031166	-1.4469	16.964	27.782	912.54	-0.0070879	undefined	undefined	liquid
22.200	25.194	166.95	0.0059900	-0.035357	-0.031166	-1.4469	16.964	27.782	912.54	-0.0070879	undefined	undefined	liquid
22.200	25.198	166.95	0.0059900	-0.035357	-0.031165	-1.4469	16.964	27.782	912.54	-0.0070880	undefined	undefined	liquid
22.200	25.202	166.95	0.0059900	-0.035358	-0.031165	-1.4469	16.964	27.782	912.54	-0.0070880	undefined	undefined	liquid
22.200	25.206	166.95	0.0059900	-0.035358	-0.031165	-1.4469	16.964	27.782	912.55	-0.0070880	undefined	undefined	liquid
22.200	25.211	166.95	0.0059900	-0.035358	-0.031164	-1.4469	16.964	27.782	912.55	-0.0070880	undefined	undefined	liquid
22.200	25.215	166.95	0.0059900	-0.035358	-0.031164	-1.4469	16.964	27.782	912.55	-0.0070880	undefined	undefined	liquid
22.200	25.219	166.95	0.0059900	-0.035359	-0.031163	-1.4469	16.964	27.782	912.55	-0.0070880	undefined	undefined	liquid
22.200	25.223	166.95	0.0059900	-0.035359	-0.031163	-1.4469	16.964	27.782	912.55	-0.0070880	undefined	undefined	liquid
22.200	25.227	166.95	0.0059900	-0.035359	-0.031162	-1.4470	16.964	27.782	912.55	-0.0070880	undefined	undefined	liquid
22.200	25.232	166.95	0.0059900	-0.035359	-0.031162	-1.4470	16.964	27.782	912.55	-0.0070881	undefined	undefined	liquid
22.200	25.236	166.95	0.0059900	-0.035360	-0.031161	-1.4470	16.964	27.782	912.55	-0.0070881	undefined	undefined	liquid
22.200	25.240	166.95	0.0059899	-0.035360	-0.031161	-1.4470	16.964	27.782	912.55	-0.0070881	undefined	undefined	liquid
22.200	25.244	166.95	0.0059899	-0.035360	-0.031160	-1.4470	16.964	27.782	912.55	-0.0070881	undefined	undefined	liquid
22.200	25.248	166.95	0.0059899	-0.035360	-0.031160	-1.4470	16.964	27.782	912.55	-0.0070881	undefined	undefined	liquid
22.200	25.253	166.95	0.0059899	-0.035361	-0.031159	-1.4470	16.964	27.782	912.55	-0.0070881	undefined	undefined	liquid
22.200	25.257	166.95	0.0059899	-0.035361	-0.031159	-1.4470	16.964	27.781	912.55	-0.0070881	undefined	undefined	liquid
22.200	25.261	166.95	0.0059899	-0.035361	-0.031159	-1.4470	16.964	27.781	912.55	-0.0070882	undefined	undefined	liquid
22.200	25.265	166.95	0.0059899	-0.035361	-0.031158	-1.4471	16.964	27.781	912.55	-0.0070882	undefined	undefined	liquid
22.200	25.269	166.95	0.0059899	-0.035361	-0.031158	-1.4471	16.964	27.781	912.55	-0.0070882	undefined	undefined	liquid
22.200	25.274	166.95	0.0059899	-0.035362	-0.031157	-1.4471	16.964	27.781	912.55	-0.0070882	undefined	undefined	liquid
22.200	25.278	166.95	0.0059899	-0.035362	-0.031157	-1.4471	16.964	27.781	912.55	-0.0070882	undefined	undefined	liquid
22.200	25.282	166.95	0.0059899	-0.035362	-0.031156	-1.4471	16.964	27.781	912.55	-0.0070882	undefined	undefined	liquid
22.200	25.286	166.95	0.0059899	-0.035362	-0.031156	-1.4471	16.964	27.781	912.56	-0.0070882	undefined	undefined	liquid
22.200	25.290	166.95	0.0059899	-0.035363	-0.031155	-1.4471	16.964	27.781	912.56	-0.0070882	undefined	undefined	liquid
22.200	25.295	166.95	0.0059899	-0.035363	-0.031155	-1.4471	16.964	27.781	912.56	-0.0070883	undefined	undefined	liquid
22.200	25.299	166.95	0.0059899	-0.035363	-0.031154	-1.4471	16.964	27.781	912.56	-0.0070883	undefined	undefined	liquid
22.200	25.303	166.95	0.0059899	-0.035363	-0.031154	-1.4472	16.964	27.781	912.56	-0.0070883	undefined	undefined	liquid
22.200	25.307	166.95	0.0059899	-0.035364	-0.031154	-1.4472	16.964	27.781	912.56	-0.0070883	undefined	undefined	liquid
22.200	25.311	166.95	0.0059899	-0.035364	-0.031153	-1.4472	16.964	27.781	912.56	-0.0070883	undefined	undefined	liquid
22.200	25.316	166.95	0.0059899	-0.035364	-0.031153	-1.4472	16.964	27.781	912.56	-0.0070883	undefined	undefined	liquid
22.200	25.320	166.95	0.0059899	-0.035364	-0.031152	-1.4472	16.964	27.781	912.56	-0.0070883	undefined	undefined	liquid
22.200	25.324	166.95	0.0059899	-0.035365	-0.031152	-1.4472	16.964	27.781	912.56	-0.0070884	undefined	undefined	liquid
22.200	25.328	166.95	0.0059899	-0.035365	-0.031151	-1.4472	16.964	27.781	912.56	-0.0070884	undefined	undefined	liquid
22.200	25.332	166.95	0.0059899	-0.035365	-0.031151	-1.4472	16.964	27.781	912.56	-0.0070884	undefined	undefined	liquid
22.200	25.337	166.95	0.0059899	-0.035365	-0.031150	-1.4472	16.964	27.781	912.56	-0.0070884	undefined	undefined	liquid
22.200	25.341	166.95	0.0059899	-0.035366	-0.031150	-1.4473	16.964	27.781	912.56	-0.0070884	undefined	undefined	liquid
22.200	25.345	166.95	0.0059899	-0.035366	-0.031149	-1.4473	16.964	27.781	912.56	-0.0070884	undefined	undefined	liquid
22.200	25.349	166.95	0.0059899	-0.035366	-0.031149	-1.4473	16.964	27.781	912.56	-0.0070884	undefined	undefined	liquid
22.200	25.353	166.95	0.0059899	-0.035366	-0.031148	-1.4473	16.964	27.781	912.56	-0.0070884	undefined	undefined	liquid
22.200	25.358	166.95	0.0059899	-0.035366	-0.031148	-1.4473	16.964	27.781	912.56	-0.0070885	undefined	undefined	liquid
22.200	25.362	166.95	0.0059899	-0.035367	-0.031148	-1.4473	16.964	27.781	912.56	-0.0070885	undefined	undefined	liquid
22.200	25.366	166.95	0.0059899	-0.035367	-0.031147	-1.4473	16.964	27.781	912.57	-0.0070885	undefined	undefined	liquid
22.200	25.370	166.95	0.0059899	-0.035367	-0.031147	-1.4473	16.964	27.781	912.57	-0.0070885	undefined	undefined	liquid
22.200	25.374	166.95	0.0059899	-0.035367	-0.031146	-1.4473	16.964	27.781	912.57	-0.0070885	undefined	undefined	liquid
22.200	25.379	166.95	0.0059899	-0.035368	-0.031146	-1.4473	16.964	27.781	912.57	-0.0070885	undefined	undefined	liquid
22.200	25.383	166.95	0.0059899	-0.035368	-0.031145	-1.4474	16.964	27.781	912.57	-0.0070885	undefined	undefined	liquid
22.200	25.387	166.95	0.0059899	-0.035368	-0.031145	-1.4474	16.964	27.781	912.57	-0.0070886	undefined	undefined	liquid
22.200	25.391	166.95	0.0059899	-0.035368	-0.031144	-1.4474	16.964	27.781	912.57	-0.0070886	undefined	undefined	liquid
22.200	25.395	166.95	0.0059899	-0.035369	-0.031144	-1.4474	16.964	27.781	912.57	-0.0070886	undefined	undefined	liquid
22.200	25.400	166.95	0.0059899	-0.035369	-0.031143	-1.4474	16.964	27.781	912.57	-0.0070886	undefined	undefined	liquid
22.200	25.404	166.95	0.0059899	-0.035369	-0.031143	-1.4474	16.964	27.781	912.57	-0.0070886	undefined	undefined	liquid
22.200	25.408	166.95	0.0059899	-0.035369	-0.031142	-1.4474	16.964	27.781	912.57	-0.0070886	undefined	undefined	liquid
22.200	25.412	166.95	0.0059899	-0.035370	-0.031142	-1.4474	16.965	27.781	912.57	-0.0070886	undefined	undefined	liquid
22.200	25.416	166.95	0.0059899	-0.035370	-0.031142	-1.4474	16.965	27.781	912.57	-0.0070886	undefined	undefined	liquid
22.200	25.421	166.95	0.0059899	-0.035370	-0.031141	-1.4475	16.965	27.781	912.57	-0.0070887	undefined	undefined	liquid
22.200	25.425	166.95	0.0059899	-0.035370	-0.031141	-1.4475	16.965	27.781	912.57	-0.0070887	undefined	undefined	liquid
22.200	25.429	166.95	0.0059899	-0.035371	-0.031140	-1.4475	16.965	27.781	912.57	-0.0070887	undefined	undefined	liquid
22.200	25.433	166.95	0.0059899	-0.035371	-0.031140	-1.4475	16.965	27.780	912.57	-0.0070887	undefined	undefined	liquid
22.200	25.437	166.95	0.0059899	-0.035371	-0.031139	-1.4475	16.965	27.780	912.57	-0.0070887	undefined	undefined	liquid
22.200	25.442	166.95	0.0059899	-0.035371	-0.031139	-1.4475	16.965	27.780	912.57	-0.0070887	undefined	undefined	liquid
22.200	25.446	166.95	0.0059898	-0.035371	-0.031138	-1.4475	16.965	27.780	912.58	-0.0070887	undefined	undefined	liquid
22.200	25.450	166.95	0.0059898	-0.035372	-0.031138	-1.4475	16.965	27.780	912.58	-0.0070887	undefined	undefined	liquid
22.200	25.454	166.95	0.0059898	-0.035372	-0.031137	-1.4475	16.965	27.780	912.58	-0.0070888	undefined	undefined	liquid
22.200	25.458	166.95	0.0059898	-0.035372	-0.031137	-1.4476	16.965	27.780	912.58	-0.0070888	undefined	undefined	liquid
22.200	25.463	166.95	0.0059898	-0.035372	-0.031137	-1.4476	16.965	27.780	912.58	-0.0070888	undefined	undefined	liquid
22.200	25.467	166.95	0.0059898	-0.035373	-0.031136	-1.4476	16.965	27.780	912.58	-0.0070888	undefined	undefined	liquid
22.200	25.471	166.95	0.0059898	-0.035373	-0.031136	-1.4476	16.965	27.780	912.58	-0.0070888	undefined	undefined	liquid
22.200	25.475	166.95	0.0059898	-0.035373	-0.031135	-1.4476	16.965	27.780	912.58	-0.0070888	undefined	undefined	liquid
22.200	25.479	166.95	0.0059898	-0.035373	-0.031135	-1.4476	16.965	27.780	912.58	-0.0070888	undefined	undefined	liquid
22.200	25.484	166.95	0.0059898	-0.035374	-0.031134	-1.4476	16.965	27.780	912.58	-0.0070889	undefined	undefined	liquid
22.200	25.488	166.95	0.0059898	-0.035374	-0.031134	-1.4476	16.965	27.780	912.58	-0.0070889	undefined	undefined	liquid
22.200	25.492	166.95	0.0059898	-0.035374	-0.031133	-1.4476	16.965	27.780	912.58	-0.0070889	undefined	undefined	liquid
22.200	25.496	166.95	0.0059898	-0.035374	-0.031133	-1.4476	16.965	27.780	912.58	-0.0070889	undefined	undefined	liquid
22.200	25.500	166.95	0.0059898	-0.035375	-0.031132	-1.4477	16.965	27.780	912.58	-0.0070889	undefined	undefined	liquid
22.200	25.505	166.95	0.0059898	-0.035375	-0.031132	-1.4477	16.965	27.780	912.58	-0.0070889	undefined	undefined	liquid
22.200	25.509	166.95	0.0059898	-0.035375	-0.031131	-1.4477	16.965	27.780	912.58	-0.0070889	undefined	undefined	liquid
22.200	25.513	166.95	0.0059898	-0.035375	-0.031131	-1.4477	16.965	27.780	912.58	-0.0070889	undefined	undefined	liquid
22.200	25.517	166.95	0.0059898	-0.035376	-0.031131	-1.4477	16.965	27.780	912.58	-0.0070890	undefined	undefined	liquid
22.200	25.521	166.95	0.0059898	-0.035376	-0.031130	-1.4477	16.965	27.780	912.58	-0.0070890	undefined	undefined	liquid
22.200	25.526	166.95	0.0059898	-0.035376	-0.031130	-1.4477	16.965	27.780	912.59	-0.0070890	undefined	undefined	liquid
22.200	25.530	166.95	0.0059898	-0.035376	-0.031129	-1.4477	16.965	27.780	912.59	-0.0070890	undefined	undefined	liquid
22.200	25.534	166.95	0.0059898	-0.035376	-0.031129	-1.4477	16.965	27.780	912.59	-0.0070890	undefined	undefined	liquid
22.200	25.538	166.95	0.0059898	-0.035377	-0.031128	-1.4478	16.965	27.780	912.59	-0.0070890	undefined	undefined	liquid
22.200	25.542	166.95	0.0059898	-0.035377	-0.031128	-1.4478	16.965	27.780	912.59	-0.0070890	undefined	undefined	liquid
22.200	25.547	166.95	0.0059898	-0.035377	-0.031127	-1.4478	16.965	27.780	912.59	-0.0070891	undefined	undefined	liquid
22.200	25.551	166.95	0.0059898	-0.035377	-0.031127	-1.4478	16.965	27.780	912.59	-0.0070891	undefined	undefined	liquid
22.200	25.555	166.95	0.0059898	-0.035378	-0.031126	-1.4478	16.965	27.780	912.59	-0.0070891	undefined	undefined	liquid
22.200	25.559	166.95	0.0059898	-0.035378	-0.031126	-1.4478	16.965	27.780	912.59	-0.0070891	undefined	undefined	liquid
22.200	25.563	166.95	0.0059898	-0.035378	-0.031125	-1.4478	16.965	27.780	912.59	-0.0070891	undefined	undefined	liquid
22.200	25.568	166.95	0.0059898	-0.035378	-0.031125	-1.4478	16.965	27.780	912.59	-0.0070891	undefined	undefined	liquid
22.200	25.572	166.95	0.0059898	-0.035379	-0.031125	-1.4478	16.965	27.780	912.59	-0.0070891	undefined	undefined	liquid
22.200	25.576	166.95	0.0059898	-0.035379	-0.031124	-1.4479	16.965	27.780	912.59	-0.0070891	undefined	undefined	liquid
22.200	25.580	166.95	0.0059898	-0.035379	-0.031124	-1.4479	16.965	27.780	912.59	-0.0070892	undefined	undefined	liquid
22.200	25.584	166.95	0.0059898	-0.035379	-0.031123	-1.4479	16.965	27.780	912.59	-0.0070892	undefined	undefined	liquid
22.200	25.589	166.95	0.0059898	-0.035380	-0.031123	-1.4479	16.965	27.780	912.59	-0.0070892	undefined	undefined	liquid
22.200	25.593	166.95	0.0059898	-0.035380	-0.031122	-1.4479	16.965	27.780	912.59	-0.0070892	undefined	undefined	liquid
22.200	25.597	166.95	0.0059898	-0.035380	-0.031122	-1.4479	16.965	27.780	912.59	-0.0070892	undefined	undefined	liquid
22.200	25.601	166.95	0.0059898	-0.035380	-0.031121	-1.4479	16.965	27.780	912.59	-0.0070892	undefined	undefined	liquid
22.200	25.605	166.95	0.0059898	-0.035381	-0.031121	-1.4479	16.965	27.780	912.60	-0.0070892	undefined	undefined	liquid
22.200	25.610	166.95	0.0059898	-0.035381	-0.031120	-1.4479	16.965	27.780	912.60	-0.0070893	undefined	undefined	liquid
22.200	25.614	166.95	0.0059898	-0.035381	-0.031120	-1.4480	16.965	27.779	912.60	-0.0070893	undefined	undefined	liquid
22.200	25.618	166.95	0.0059898	-0.035381	-0.031120	-1.4480	16.965	27.779	912.60	-0.0070893	undefined	undefined	liquid
22.200	25.622	166.95	0.0059898	-0.035381	-0.031119	-1.4480	16.965	27.779	912.60	-0.0070893	undefined	undefined	liquid
22.200	25.626	166.95	0.0059898	-0.035382	-0.031119	-1.4480	16.965	27.779	912.60	-0.0070893	undefined	undefined	liquid
22.200	25.631	166.95	0.0059898	-0.035382	-0.031118	-1.4480	16.965	27.779	912.60	-0.0070893	undefined	undefined	liquid
22.200	25.635	166.95	0.0059898	-0.035382	-0.031118	-1.4480	16.965	27.779	912.60	-0.0070893	undefined	undefined	liquid
22.200	25.639	166.95	0.0059898	-0.035382	-0.031117	-1.4480	16.965	27.779	912.60	-0.0070893	undefined	undefined	liquid
22.200	25.643	166.95	0.0059898	-0.035383	-0.031117	-1.4480	16.965	27.779	912.60	-0.0070894	undefined	undefined	liquid
22.200	25.647	166.95	0.0059898	-0.035383	-0.031116	-1.4480	16.965	27.779	912.60	-0.0070894	undefined	undefined	liquid
22.200	25.652	166.95	0.0059897	-0.035383	-0.031116	-1.4480	16.965	27.779	912.60	-0.0070894	undefined	undefined	liquid
22.200	25.656	166.95	0.0059897	-0.035383	-0.031115	-1.4481	16.965	27.779	912.60	-0.0070894	undefined	undefined	liquid
22.200	25.660	166.95	0.0059897	-0.035384	-0.031115	-1.4481	16.965	27.779	912.60	-0.0070894	undefined	undefined	liquid
22.200	25.664	166.95	0.0059897	-0.035384	-0.031114	-1.4481	16.965	27.779	912.60	-0.0070894	undefined	undefined	liquid
22.200	25.668	166.95	0.0059897	-0.035384	-0.031114	-1.4481	16.965	27.779	912.60	-0.0070894	undefined	undefined	liquid
22.200	25.673	166.95	0.0059897	-0.035384	-0.031114	-1.4481	16.965	27.779	912.60	-0.0070895	undefined	undefined	liquid
22.200	25.677	166.95	0.0059897	-0.035385	-0.031113	-1.4481	16.965	27.779	912.60	-0.0070895	undefined	undefined	liquid
22.200	25.681	166.95	0.0059897	-0.035385	-0.031113	-1.4481	16.965	27.779	912.61	-0.0070895	undefined	undefined	liquid
22.200	25.685	166.95	0.0059897	-0.035385	-0.031112	-1.4481	16.965	27.779	912.61	-0.0070895	undefined	undefined	liquid
22.200	25.689	166.95	0.0059897	-0.035385	-0.031112	-1.4481	16.965	27.779	912.61	-0.0070895	undefined	undefined	liquid
22.200	25.694	166.95	0.0059897	-0.035386	-0.031111	-1.4482	16.965	27.779	912.61	-0.0070895	undefined	undefined	liquid
22.200	25.698	166.95	0.0059897	-0.035386	-0.031111	-1.4482	16.965	27.779	912.61	-0.0070895	undefined	undefined	liquid
22.200	25.702	166.95	0.0059897	-0.035386	-0.031110	-1.4482	16.965	27.779	912.61	-0.0070895	undefined	undefined	liquid
22.200	25.706	166.95	0.0059897	-0.035386	-0.031110	-1.4482	16.965	27.779	912.61	-0.0070896	undefined	undefined	liquid
22.200	25.710	166.95	0.0059897	-0.035386	-0.031109	-1.4482	16.965	27.779	912.61	-0.0070896	undefined	undefined	liquid
22.200	25.715	166.95	0.0059897	-0.035387	-0.031109	-1.4482	16.965	27.779	912.61	-0.0070896	undefined	undefined	liquid
22.200	25.719	166.95	0.0059897	-0.035387	-0.031108	-1.4482	16.965	27.779	912.61	-0.0070896	undefined	undefined	liquid
22.200	25.723	166.95	0.0059897	-0.035387	-0.031108	-1.4482	16.965	27.779	912.61	-0.0070896	undefined	undefined	liquid
22.200	25.727	166.95	0.0059897	-0.035387	-0.031108	-1.4482	16.965	27.779	912.61	-0.0070896	undefined	undefined	liquid
22.200	25.731	166.95	0.0059897	-0.035388	-0.031107	-1.4483	16.965	27.779	912.61	-0.0070896	undefined	undefined	liquid
22.200	25.736	166.95	0.0059897	-0.035388	-0.031107	-1.4483	16.965	27.779	912.61	-0.0070897	undefined	undefined	liquid
22.200	25.740	166.95	0.0059897	-0.035388	-0.031106	-1.4483	16.965	27.779	912.61	-0.0070897	undefined	undefined	liquid
22.200	25.744	166.95	0.0059897	-0.035388	-0.031106	-1.4483	16.965	27.779	912.61	-0.0070897	undefined	undefined	liquid
22.200	25.748	166.95	0.0059897	-0.035389	-0.031105	-1.4483	16.965	27.779	912.61	-0.0070897	undefined	undefined	liquid
22.200	25.752	166.95	0.0059897	-0.035389	-0.031105	-1.4483	16.965	27.779	912.61	-0.0070897	undefined	undefined	liquid
22.200	25.757	166.95	0.0059897	-0.035389	-0.031104	-1.4483	16.965	27.779	912.61	-0.0070897	undefined	undefined	liquid
22.200	25.761	166.95	0.0059897	-0.035389	-0.031104	-1.4483	16.965	27.779	912.62	-0.0070897	undefined	undefined	liquid
22.200	25.765	166.95	0.0059897	-0.035390	-0.031103	-1.4483	16.965	27.779	912.62	-0.0070897	undefined	undefined	liquid
22.200	25.769	166.95	0.0059897	-0.035390	-0.031103	-1.4484	16.965	27.779	912.62	-0.0070898	undefined	undefined	liquid
22.200	25.773	166.95	0.0059897	-0.035390	-0.031103	-1.4484	16.965	27.779	912.62	-0.0070898	undefined	undefined	liquid
22.200	25.778	166.95	0.0059897	-0.035390	-0.031102	-1.4484	16.965	27.779	912.62	-0.0070898	undefined	undefined	liquid
22.200	25.782	166.95	0.0059897	-0.035390	-0.031102	-1.4484	16.965	27.779	912.62	-0.0070898	undefined	undefined	liquid
22.200	25.786	166.95	0.0059897	-0.035391	-0.031101	-1.4484	16.965	27.779	912.62	-0.0070898	undefined	undefined	liquid
22.200	25.790	166.95	0.0059897	-0.035391	-0.031101	-1.4484	16.965	27.778	912.62	-0.0070898	undefined	undefined	liquid
22.200	25.794	166.95	0.0059897	-0.035391	-0.031100	-1.4484	16.965	27.778	912.62	-0.0070898	undefined	undefined	liquid
22.200	25.799	166.95	0.0059897	-0.035391	-0.031100	-1.4484	16.965	27.778	912.62	-0.0070899	undefined	undefined	liquid
22.200	25.803	166.95	0.0059897	-0.035392	-0.031099	-1.4484	16.965	27.778	912.62	-0.0070899	undefined	undefined	liquid
22.200	25.807	166.95	0.0059897	-0.035392	-0.031099	-1.4484	16.965	27.778	912.62	-0.0070899	undefined	undefined	liquid
22.200	25.811	166.95	0.0059897	-0.035392	-0.031098	-1.4485	16.965	27.778	912.62	-0.0070899	undefined	undefined	liquid
22.200	25.815	166.95	0.0059897	-0.035392	-0.031098	-1.4485	16.965	27.778	912.62	-0.0070899	undefined	undefined	liquid
22.200	25.820	166.95	0.0059897	-0.035393	-0.031097	-1.4485	16.965	27.778	912.62	-0.0070899	undefined	undefined	liquid
22.200	25.824	166.95	0.0059897	-0.035393	-0.031097	-1.4485	16.965	27.778	912.62	-0.0070899	undefined	undefined	liquid
22.200	25.828	166.95	0.0059897	-0.035393	-0.031097	-1.4485	16.965	27.778	912.62	-0.0070899	undefined	undefined	liquid
22.200	25.832	166.95	0.0059897	-0.035393	-0.031096	-1.4485	16.965	27.778	912.62	-0.0070900	undefined	undefined	liquid
22.200	25.836	166.95	0.0059897	-0.035394	-0.031096	-1.4485	16.965	27.778	912.62	-0.0070900	undefined	undefined	liquid
22.200	25.841	166.95	0.0059897	-0.035394	-0.031095	-1.4485	16.965	27.778	912.63	-0.0070900	undefined	undefined	liquid
22.200	25.845	166.95	0.0059897	-0.035394	-0.031095	-1.4485	16.965	27.778	912.63	-0.0070900	undefined	undefined	liquid
22.200	25.849	166.95	0.0059897	-0.035394	-0.031094	-1.4486	16.965	27.778	912.63	-0.0070900	undefined	undefined	liquid
22.200	25.853	166.95	0.0059897	-0.035395	-0.031094	-1.4486	16.965	27.778	912.63	-0.0070900	undefined	undefined	liquid
22.200	25.857	166.95	0.0059896	-0.035395	-0.031093	-1.4486	16.965	27.778	912.63	-0.0070900	undefined	undefined	liquid
22.200	25.862	166.95	0.0059896	-0.035395	-0.031093	-1.4486	16.965	27.778	912.63	-0.0070901	undefined	undefined	liquid
22.200	25.866	166.95	0.0059896	-0.035395	-0.031092	-1.4486	16.965	27.778	912.63	-0.0070901	undefined	undefined	liquid
22.200	25.870	166.95	0.0059896	-0.035395	-0.031092	-1.4486	16.965	27.778	912.63	-0.0070901	undefined	undefined	liquid
22.200	25.874	166.95	0.0059896	-0.035396	-0.031091	-1.4486	16.965	27.778	912.63	-0.0070901	undefined	undefined	liquid
22.200	25.878	166.95	0.0059896	-0.035396	-0.031091	-1.4486	16.965	27.778	912.63	-0.0070901	undefined	undefined	liquid
22.200	25.883	166.96	0.0059896	-0.035396	-0.031091	-1.4486	16.965	27.778	912.63	-0.0070901	undefined	undefined	liquid
22.200	25.887	166.96	0.0059896	-0.035396	-0.031090	-1.4487	16.965	27.778	912.63	-0.0070901	undefined	undefined	liquid
22.200	25.891	166.96	0.0059896	-0.035397	-0.031090	-1.4487	16.965	27.778	912.63	-0.0070901	undefined	undefined	liquid
22.200	25.895	166.96	0.0059896	-0.035397	-0.031089	-1.4487	16.965	27.778	912.63	-0.0070902	undefined	undefined	liquid
22.200	25.899	166.96	0.0059896	-0.035397	-0.031089	-1.4487	16.965	27.778	912.63	-0.0070902	undefined	undefined	liquid
22.200	25.904	166.96	0.0059896	-0.035397	-0.031088	-1.4487	16.965	27.778	912.63	-0.0070902	undefined	undefined	liquid
22.200	25.908	166.96	0.0059896	-0.035398	-0.031088	-1.4487	16.965	27.778	912.63	-0.0070902	undefined	undefined	liquid
22.200	25.912	166.96	0.0059896	-0.035398	-0.031087	-1.4487	16.965	27.778	912.63	-0.0070902	undefined	undefined	liquid
22.200	25.916	166.96	0.0059896	-0.035398	-0.031087	-1.4487	16.965	27.778	912.63	-0.0070902	undefined	undefined	liquid
22.200	25.920	166.96	0.0059896	-0.035398	-0.031086	-1.4487	16.965	27.778	912.64	-0.0070902	undefined	undefined	liquid
22.200	25.925	166.96	0.0059896	-0.035399	-0.031086	-1.4487	16.965	27.778	912.64	-0.0070902	undefined	undefined	liquid
22.200	25.929	166.96	0.0059896	-0.035399	-0.031085	-1.4488	16.965	27.778	912.64	-0.0070903	undefined	undefined	liquid
22.200	25.933	166.96	0.0059896	-0.035399	-0.031085	-1.4488	16.965	27.778	912.64	-0.0070903	undefined	undefined	liquid
22.200	25.937	166.96	0.0059896	-0.035399	-0.031085	-1.4488	16.965	27.778	912.64	-0.0070903	undefined	undefined	liquid
22.200	25.941	166.96	0.0059896	-0.035400	-0.031084	-1.4488	16.965	27.778	912.64	-0.0070903	undefined	undefined	liquid
22.200	25.946	166.96	0.0059896	-0.035400	-0.031084	-1.4488	16.965	27.778	912.64	-0.0070903	undefined	undefined	liquid
22.200	25.950	166.96	0.0059896	-0.035400	-0.031083	-1.4488	16.965	27.778	912.64	-0.0070903	undefined	undefined	liquid
22.200	25.954	166.96	0.0059896	-0.035400	-0.031083	-1.4488	16.965	27.778	912.64	-0.0070903	undefined	undefined	liquid
22.200	25.958	166.96	0.0059896	-0.035400	-0.031082	-1.4488	16.965	27.778	912.64	-0.0070904	undefined	undefined	liquid
22.200	25.962	166.96	0.0059896	-0.035401	-0.031082	-1.4488	16.965	27.778	912.64	-0.0070904	undefined	undefined	liquid
22.200	25.967	166.96	0.0059896	-0.035401	-0.031081	-1.4489	16.965	27.778	912.64	-0.0070904	undefined	undefined	liquid
22.200	25.971	166.96	0.0059896	-0.035401	-0.031081	-1.4489	16.965	27.777	912.64	-0.0070904	undefined	undefined	liquid
22.200	25.975	166.96	0.0059896	-0.035401	-0.031080	-1.4489	16.965	27.777	912.64	-0.0070904	undefined	undefined	liquid
22.200	25.979	166.96	0.0059896	-0.035402	-0.031080	-1.4489	16.965	27.777	912.64	-0.0070904	undefined	undefined	liquid
22.200	25.983	166.96	0.0059896	-0.035402	-0.031080	-1.4489	16.965	27.777	912.64	-0.0070904	undefined	undefined	liquid
22.200	25.988	166.96	0.0059896	-0.035402	-0.031079	-1.4489	16.965	27.777	912.64	-0.0070904	undefined	undefined	liquid
22.200	25.992	166.96	0.0059896	-0.035402	-0.031079	-1.4489	16.965	27.777	912.64	-0.0070905	undefined	undefined	liquid
22.200	25.996	166.96	0.0059896	-0.035403	-0.031078	-1.4489	16.965	27.777	912.65	-0.0070905	undefined	undefined	liquid
22.200	26.000	166.96	0.0059896	-0.035403	-0.031078	-1.4489	16.965	27.777	912.65	-0.0070905	undefined	undefined	liquid
22.200	26.004	166.96	0.0059896	-0.035403	-0.031077	-1.4490	16.965	27.777	912.65	-0.0070905	undefined	undefined	liquid
22.200	26.009	166.96	0.0059896	-0.035403	-0.031077	-1.4490	16.965	27.777	912.65	-0.0070905	undefined	undefined	liquid
22.200	26.013	166.96	0.0059896	-0.035404	-0.031076	-1.4490	16.966	27.777	912.65	-0.0070905	undefined	undefined	liquid
22.200	26.017	166.96	0.0059896	-0.035404	-0.031076	-1.4490	16.966	27.777	912.65	-0.0070905	undefined	undefined	liquid
22.200	26.021	166.96	0.0059896	-0.035404	-0.031075	-1.4490	16.966	27.777	912.65	-0.0070906	undefined	undefined	liquid
22.200	26.025	166.96	0.0059896	-0.035404	-0.031075	-1.4490	16.966	27.777	912.65	-0.0070906	undefined	undefined	liquid
22.200	26.030	166.96	0.0059896	-0.035405	-0.031074	-1.4490	16.966	27.777	912.65	-0.0070906	undefined	undefined	liquid
22.200	26.034	166.96	0.0059896	-0.035405	-0.031074	-1.4490	16.966	27.777	912.65	-0.0070906	undefined	undefined	liquid
22.200	26.038	166.96	0.0059896	-0.035405	-0.031074	-1.4490	16.966	27.777	912.65	-0.0070906	undefined	undefined	liquid
22.200	26.042	166.96	0.0059896	-0.035405	-0.031073	-1.4491	16.966	27.777	912.65	-0.0070906	undefined	undefined	liquid
22.200	26.046	166.96	0.0059896	-0.035405	-0.031073	-1.4491	16.966	27.777	912.65	-0.0070906	undefined	undefined	liquid
22.200	26.051	166.96	0.0059896	-0.035406	-0.031072	-1.4491	16.966	27.777	912.65	-0.0070906	undefined	undefined	liquid
22.200	26.055	166.96	0.0059896	-0.035406	-0.031072	-1.4491	16.966	27.777	912.65	-0.0070907	undefined	undefined	liquid
22.200	26.059	166.96	0.0059896	-0.035406	-0.031071	-1.4491	16.966	27.777	912.65	-0.0070907	undefined	undefined	liquid
22.200	26.063	166.96	0.0059895	-0.035406	-0.031071	-1.4491	16.966	27.777	912.65	-0.0070907	undefined	undefined	liquid
22.200	26.067	166.96	0.0059895	-0.035407	-0.031070	-1.4491	16.966	27.777	912.65	-0.0070907	undefined	undefined	liquid
22.200	26.072	166.96	0.0059895	-0.035407	-0.031070	-1.4491	16.966	27.777	912.65	-0.0070907	undefined	undefined	liquid
22.200	26.076	166.96	0.0059895	-0.035407	-0.031069	-1.4491	16.966	27.777	912.66	-0.0070907	undefined	undefined	liquid
22.200	26.080	166.96	0.0059895	-0.035407	-0.031069	-1.4491	16.966	27.777	912.66	-0.0070907	undefined	undefined	liquid
22.200	26.084	166.96	0.0059895	-0.035408	-0.031068	-1.4492	16.966	27.777	912.66	-0.0070908	undefined	undefined	liquid
22.200	26.088	166.96	0.0059895	-0.035408	-0.031068	-1.4492	16.966	27.777	912.66	-0.0070908	undefined	undefined	liquid
22.200	26.093	166.96	0.0059895	-0.035408	-0.031068	-1.4492	16.966	27.777	912.66	-0.0070908	undefined	undefined	liquid
22.200	26.097	166.96	0.0059895	-0.035408	-0.031067	-1.4492	16.966	27.777	912.66	-0.0070908	undefined	undefined	liquid
22.200	26.101	166.96	0.0059895	-0.035409	-0.031067	-1.4492	16.966	27.777	912.66	-0.0070908	undefined	undefined	liquid
22.200	26.105	166.96	0.0059895	-0.035409	-0.031066	-1.4492	16.966	27.777	912.66	-0.0070908	undefined	undefined	liquid
22.200	26.109	166.96	0.0059895	-0.035409	-0.031066	-1.4492	16.966	27.777	912.66	-0.0070908	undefined	undefined	liquid
22.200	26.114	166.96	0.0059895	-0.035409	-0.031065	-1.4492	16.966	27.777	912.66	-0.0070908	undefined	undefined	liquid
22.200	26.118	166.96	0.0059895	-0.035410	-0.031065	-1.4492	16.966	27.777	912.66	-0.0070909	undefined	undefined	liquid
22.200	26.122	166.96	0.0059895	-0.035410	-0.031064	-1.4493	16.966	27.777	912.66	-0.0070909	undefined	undefined	liquid
22.200	26.126	166.96	0.0059895	-0.035410	-0.031064	-1.4493	16.966	27.777	912.66	-0.0070909	undefined	undefined	liquid
22.200	26.130	166.96	0.0059895	-0.035410	-0.031063	-1.4493	16.966	27.777	912.66	-0.0070909	undefined	undefined	liquid
22.200	26.135	166.96	0.0059895	-0.035410	-0.031063	-1.4493	16.966	27.777	912.66	-0.0070909	undefined	undefined	liquid
22.200	26.139	166.96	0.0059895	-0.035411	-0.031063	-1.4493	16.966	27.777	912.66	-0.0070909	undefined	undefined	liquid
22.200	26.143	166.96	0.0059895	-0.035411	-0.031062	-1.4493	16.966	27.777	912.66	-0.0070909	undefined	undefined	liquid
22.200	26.147	166.96	0.0059895	-0.035411	-0.031062	-1.4493	16.966	27.776	912.66	-0.0070910	undefined	undefined	liquid
22.200	26.151	166.96	0.0059895	-0.035411	-0.031061	-1.4493	16.966	27.776	912.66	-0.0070910	undefined	undefined	liquid
22.200	26.156	166.96	0.0059895	-0.035412	-0.031061	-1.4493	16.966	27.776	912.67	-0.0070910	undefined	undefined	liquid
22.200	26.160	166.96	0.0059895	-0.035412	-0.031060	-1.4494	16.966	27.776	912.67	-0.0070910	undefined	undefined	liquid
22.200	26.164	166.96	0.0059895	-0.035412	-0.031060	-1.4494	16.966	27.776	912.67	-0.0070910	undefined	undefined	liquid
22.200	26.168	166.96	0.0059895	-0.035412	-0.031059	-1.4494	16.966	27.776	912.67	-0.0070910	undefined	undefined	liquid
22.200	26.172	166.96	0.0059895	-0.035413	-0.031059	-1.4494	16.966	27.776	912.67	-0.0070910	undefined	undefined	liquid
22.200	26.177	166.96	0.0059895	-0.035413	-0.031058	-1.4494	16.966	27.776	912.67	-0.0070910	undefined	undefined	liquid
22.200	26.181	166.96	0.0059895	-0.035413	-0.031058	-1.4494	16.966	27.776	912.67	-0.0070911	undefined	undefined	liquid
22.200	26.185	166.96	0.0059895	-0.035413	-0.031057	-1.4494	16.966	27.776	912.67	-0.0070911	undefined	undefined	liquid
22.200	26.189	166.96	0.0059895	-0.035414	-0.031057	-1.4494	16.966	27.776	912.67	-0.0070911	undefined	undefined	liquid
22.200	26.193	166.96	0.0059895	-0.035414	-0.031057	-1.4494	16.966	27.776	912.67	-0.0070911	undefined	undefined	liquid
22.200	26.198	166.96	0.0059895	-0.035414	-0.031056	-1.4494	16.966	27.776	912.67	-0.0070911	undefined	undefined	liquid
22.200	26.202	166.96	0.0059895	-0.035414	-0.031056	-1.4495	16.966	27.776	912.67	-0.0070911	undefined	undefined	liquid
22.200	26.206	166.96	0.0059895	-0.035414	-0.031055	-1.4495	16.966	27.776	912.67	-0.0070911	undefined	undefined	liquid
22.200	26.210	166.96	0.0059895	-0.035415	-0.031055	-1.4495	16.966	27.776	912.67	-0.0070912	undefined	undefined	liquid
22.200	26.214	166.96	0.0059895	-0.035415	-0.031054	-1.4495	16.966	27.776	912.67	-0.0070912	undefined	undefined	liquid
22.200	26.219	166.96	0.0059895	-0.035415	-0.031054	-1.4495	16.966	27.776	912.67	-0.0070912	undefined	undefined	liquid
22.200	26.223	166.96	0.0059895	-0.035415	-0.031053	-1.4495	16.966	27.776	912.67	-0.0070912	undefined	undefined	liquid
22.200	26.227	166.96	0.0059895	-0.035416	-0.031053	-1.4495	16.966	27.776	912.67	-0.0070912	undefined	undefined	liquid
22.200	26.231	166.96	0.0059895	-0.035416	-0.031052	-1.4495	16.966	27.776	912.68	-0.0070912	undefined	undefined	liquid
22.200	26.235	166.96	0.0059895	-0.035416	-0.031052	-1.4495	16.966	27.776	912.68	-0.0070912	undefined	undefined	liquid
22.200	26.240	166.96	0.0059895	-0.035416	-0.031051	-1.4496	16.966	27.776	912.68	-0.0070912	undefined	undefined	liquid
22.200	26.244	166.96	0.0059895	-0.035417	-0.031051	-1.4496	16.966	27.776	912.68	-0.0070913	undefined	undefined	liquid
22.200	26.248	166.96	0.0059895	-0.035417	-0.031051	-1.4496	16.966	27.776	912.68	-0.0070913	undefined	undefined	liquid
22.200	26.252	166.96	0.0059895	-0.035417	-0.031050	-1.4496	16.966	27.776	912.68	-0.0070913	undefined	undefined	liquid
22.200	26.256	166.96	0.0059895	-0.035417	-0.031050	-1.4496	16.966	27.776	912.68	-0.0070913	undefined	undefined	liquid
22.200	26.261	166.96	0.0059895	-0.035418	-0.031049	-1.4496	16.966	27.776	912.68	-0.0070913	undefined	undefined	liquid
22.200	26.265	166.96	0.0059895	-0.035418	-0.031049	-1.4496	16.966	27.776	912.68	-0.0070913	undefined	undefined	liquid
22.200	26.269	166.96	0.0059894	-0.035418	-0.031048	-1.4496	16.966	27.776	912.68	-0.0070913	undefined	undefined	liquid
22.200	26.273	166.96	0.0059894	-0.035418	-0.031048	-1.4496	16.966	27.776	912.68	-0.0070914	undefined	undefined	liquid
22.200	26.277	166.96	0.0059894	-0.035419	-0.031047	-1.4497	16.966	27.776	912.68	-0.0070914	undefined	undefined	liquid
22.200	26.282	166.96	0.0059894	-0.035419	-0.031047	-1.4497	16.966	27.776	912.68	-0.0070914	undefined	undefined	liquid
22.200	26.286	166.96	0.0059894	-0.035419	-0.031046	-1.4497	16.966	27.776	912.68	-0.0070914	undefined	undefined	liquid
22.200	26.290	166.96	0.0059894	-0.035419	-0.031046	-1.4497	16.966	27.776	912.68	-0.0070914	undefined	undefined	liquid
22.200	26.294	166.96	0.0059894	-0.035419	-0.031046	-1.4497	16.966	27.776	912.68	-0.0070914	undefined	undefined	liquid
22.200	26.298	166.96	0.0059894	-0.035420	-0.031045	-1.4497	16.966	27.776	912.68	-0.0070914	undefined	undefined	liquid
22.200	26.303	166.96	0.0059894	-0.035420	-0.031045	-1.4497	16.966	27.776	912.68	-0.0070914	undefined	undefined	liquid
22.200	26.307	166.96	0.0059894	-0.035420	-0.031044	-1.4497	16.966	27.776	912.68	-0.0070915	undefined	undefined	liquid
22.200	26.311	166.96	0.0059894	-0.035420	-0.031044	-1.4497	16.966	27.776	912.69	-0.0070915	undefined	undefined	liquid
22.200	26.315	166.96	0.0059894	-0.035421	-0.031043	-1.4498	16.966	27.776	912.69	-0.0070915	undefined	undefined	liquid
22.200	26.319	166.96	0.0059894	-0.035421	-0.031043	-1.4498	16.966	27.776	912.69	-0.0070915	undefined	undefined	liquid
22.200	26.324	166.96	0.0059894	-0.035421	-0.031042	-1.4498	16.966	27.776	912.69	-0.0070915	undefined	undefined	liquid
22.200	26.328	166.96	0.0059894	-0.035421	-0.031042	-1.4498	16.966	27.775	912.69	-0.0070915	undefined	undefined	liquid
22.200	26.332	166.96	0.0059894	-0.035422	-0.031041	-1.4498	16.966	27.775	912.69	-0.0070915	undefined	undefined	liquid
22.200	26.336	166.96	0.0059894	-0.035422	-0.031041	-1.4498	16.966	27.775	912.69	-0.0070916	undefined	undefined	liquid
22.200	26.340	166.96	0.0059894	-0.035422	-0.031040	-1.4498	16.966	27.775	912.69	-0.0070916	undefined	undefined	liquid
22.200	26.345	166.96	0.0059894	-0.035422	-0.031040	-1.4498	16.966	27.775	912.69	-0.0070916	undefined	undefined	liquid
22.200	26.349	166.96	0.0059894	-0.035423	-0.031040	-1.4498	16.966	27.775	912.69	-0.0070916	undefined	undefined	liquid
22.200	26.353	166.96	0.0059894	-0.035423	-0.031039	-1.4498	16.966	27.775	912.69	-0.0070916	undefined	undefined	liquid
22.200	26.357	166.96	0.0059894	-0.035423	-0.031039	-1.4499	16.966	27.775	912.69	-0.0070916	undefined	undefined	liquid
22.200	26.361	166.96	0.0059894	-0.035423	-0.031038	-1.4499	16.966	27.775	912.69	-0.0070916	undefined	undefined	liquid
22.200	26.366	166.96	0.0059894	-0.035424	-0.031038	-1.4499	16.966	27.775	912.69	-0.0070916	undefined	undefined	liquid
22.200	26.370	166.96	0.0059894	-0.035424	-0.031037	-1.4499	16.966	27.775	912.69	-0.0070917	undefined	undefined	liquid
22.200	26.374	166.96	0.0059894	-0.035424	-0.031037	-1.4499	16.966	27.775	912.69	-0.0070917	undefined	undefined	liquid
22.200	26.378	166.96	0.0059894	-0.035424	-0.031036	-1.4499	16.966	27.775	912.69	-0.0070917	undefined	undefined	liquid
22.200	26.382	166.96	0.0059894	-0.035424	-0.031036	-1.4499	16.966	27.775	912.69	-0.0070917	undefined	undefined	liquid
22.200	26.387	166.96	0.0059894	-0.035425	-0.031035	-1.4499	16.966	27.775	912.69	-0.0070917	undefined	undefined	liquid
22.200	26.391	166.96	0.0059894	-0.035425	-0.031035	-1.4499	16.966	27.775	912.70	-0.0070917	undefined	undefined	liquid
22.200	26.395	166.96	0.0059894	-0.035425	-0.031034	-1.4500	16.966	27.775	912.70	-0.0070917	undefined	undefined	liquid
22.200	26.399	166.96	0.0059894	-0.035425	-0.031034	-1.4500	16.966	27.775	912.70	-0.0070917	undefined	undefined	liquid
22.200	26.403	166.96	0.0059894	-0.035426	-0.031034	-1.4500	16.966	27.775	912.70	-0.0070918	undefined	undefined	liquid
22.200	26.408	166.96	0.0059894	-0.035426	-0.031033	-1.4500	16.966	27.775	912.70	-0.0070918	undefined	undefined	liquid
22.200	26.412	166.96	0.0059894	-0.035426	-0.031033	-1.4500	16.966	27.775	912.70	-0.0070918	undefined	undefined	liquid
22.200	26.416	166.96	0.0059894	-0.035426	-0.031032	-1.4500	16.966	27.775	912.70	-0.0070918	undefined	undefined	liquid
22.200	26.420	166.96	0.0059894	-0.035427	-0.031032	-1.4500	16.966	27.775	912.70	-0.0070918	undefined	undefined	liquid
22.200	26.424	166.96	0.0059894	-0.035427	-0.031031	-1.4500	16.966	27.775	912.70	-0.0070918	undefined	undefined	liquid
22.200	26.429	166.96	0.0059894	-0.035427	-0.031031	-1.4500	16.966	27.775	912.70	-0.0070918	undefined	undefined	liquid
22.200	26.433	166.96	0.0059894	-0.035427	-0.031030	-1.4501	16.966	27.775	912.70	-0.0070919	undefined	undefined	liquid
22.200	26.437	166.96	0.0059894	-0.035428	-0.031030	-1.4501	16.966	27.775	912.70	-0.0070919	undefined	undefined	liquid
22.200	26.441	166.96	0.0059894	-0.035428	-0.031029	-1.4501	16.966	27.775	912.70	-0.0070919	undefined	undefined	liquid
22.200	26.445	166.96	0.0059894	-0.035428	-0.031029	-1.4501	16.966	27.775	912.70	-0.0070919	undefined	undefined	liquid
22.200	26.450	166.96	0.0059894	-0.035428	-0.031029	-1.4501	16.966	27.775	912.70	-0.0070919	undefined	undefined	liquid
22.200	26.454	166.96	0.0059894	-0.035429	-0.031028	-1.4501	16.966	27.775	912.70	-0.0070919	undefined	undefined	liquid
22.200	26.458	166.96	0.0059894	-0.035429	-0.031028	-1.4501	16.966	27.775	912.70	-0.0070919	undefined	undefined	liquid
22.200	26.462	166.96	0.0059894	-0.035429	-0.031027	-1.4501	16.966	27.775	912.70	-0.0070919	undefined	undefined	liquid
22.200	26.466	166.96	0.0059894	-0.035429	-0.031027	-1.4501	16.966	27.775	912.71	-0.0070920	undefined	undefined	liquid
22.200	26.471	166.96	0.0059894	-0.035429	-0.031026	-1.4501	16.966	27.775	912.71	-0.0070920	undefined	undefined	liquid
22.200	26.475	166.96	0.0059893	-0.035430	-0.031026	-1.4502	16.966	27.775	912.71	-0.0070920	undefined	undefined	liquid
22.200	26.479	166.96	0.0059893	-0.035430	-0.031025	-1.4502	16.966	27.775	912.71	-0.0070920	undefined	undefined	liquid
22.200	26.483	166.96	0.0059893	-0.035430	-0.031025	-1.4502	16.966	27.775	912.71	-0.0070920	undefined	undefined	liquid
22.200	26.487	166.96	0.0059893	-0.035430	-0.031024	-1.4502	16.966	27.775	912.71	-0.0070920	undefined	undefined	liquid
22.200	26.492	166.96	0.0059893	-0.035431	-0.031024	-1.4502	16.966	27.775	912.71	-0.0070920	undefined	undefined	liquid
22.200	26.496	166.96	0.0059893	-0.035431	-0.031023	-1.4502	16.966	27.775	912.71	-0.0070921	undefined	undefined	liquid
22.200	26.500	166.96	0.0059893	-0.035431	-0.031023	-1.4502	16.966	27.775	912.71	-0.0070921	undefined	undefined	liquid
22.200	26.504	166.96	0.0059893	-0.035431	-0.031023	-1.4502	16.966	27.774	912.71	-0.0070921	undefined	undefined	liquid
22.200	26.508	166.96	0.0059893	-0.035432	-0.031022	-1.4502	16.966	27.774	912.71	-0.0070921	undefined	undefined	liquid
22.200	26.513	166.96	0.0059893	-0.035432	-0.031022	-1.4503	16.966	27.774	912.71	-0.0070921	undefined	undefined	liquid
22.200	26.517	166.96	0.0059893	-0.035432	-0.031021	-1.4503	16.966	27.774	912.71	-0.0070921	undefined	undefined	liquid
22.200	26.521	166.96	0.0059893	-0.035432	-0.031021	-1.4503	16.966	27.774	912.71	-0.0070921	undefined	undefined	liquid
22.200	26.525	166.96	0.0059893	-0.035433	-0.031020	-1.4503	16.966	27.774	912.71	-0.0070921	undefined	undefined	liquid
22.200	26.529	166.96	0.0059893	-0.035433	-0.031020	-1.4503	16.966	27.774	912.71	-0.0070922	undefined	undefined	liquid
22.200	26.534	166.96	0.0059893	-0.035433	-0.031019	-1.4503	16.966	27.774	912.71	-0.0070922	undefined	undefined	liquid
22.200	26.538	166.96	0.0059893	-0.035433	-0.031019	-1.4503	16.966	27.774	912.71	-0.0070922	undefined	undefined	liquid
22.200	26.542	166.96	0.0059893	-0.035434	-0.031018	-1.4503	16.966	27.774	912.71	-0.0070922	undefined	undefined	liquid
22.200	26.546	166.96	0.0059893	-0.035434	-0.031018	-1.4503	16.966	27.774	912.72	-0.0070922	undefined	undefined	liquid
22.200	26.550	166.96	0.0059893	-0.035434	-0.031017	-1.4504	16.966	27.774	912.72	-0.0070922	undefined	undefined	liquid
22.200	26.555	166.96	0.0059893	-0.035434	-0.031017	-1.4504	16.966	27.774	912.72	-0.0070922	undefined	undefined	liquid
22.200	26.559	166.96	0.0059893	-0.035434	-0.031017	-1.4504	16.966	27.774	912.72	-0.0070923	undefined	undefined	liquid
22.200	26.563	166.96	0.0059893	-0.035435	-0.031016	-1.4504	16.966	27.774	912.72	-0.0070923	undefined	undefined	liquid
22.200	26.567	166.96	0.0059893	-0.035435	-0.031016	-1.4504	16.966	27.774	912.72	-0.0070923	undefined	undefined	liquid
22.200	26.571	166.96	0.0059893	-0.035435	-0.031015	-1.4504	16.966	27.774	912.72	-0.0070923	undefined	undefined	liquid
22.200	26.576	166.96	0.0059893	-0.035435	-0.031015	-1.4504	16.966	27.774	912.72	-0.0070923	undefined	undefined	liquid
22.200	26.580	166.96	0.0059893	-0.035436	-0.031014	-1.4504	16.966	27.774	912.72	-0.0070923	undefined	undefined	liquid
22.200	26.584	166.96	0.0059893	-0.035436	-0.031014	-1.4504	16.966	27.774	912.72	-0.0070923	undefined	undefined	liquid
22.200	26.588	166.96	0.0059893	-0.035436	-0.031013	-1.4505	16.966	27.774	912.72	-0.0070923	undefined	undefined	liquid
22.200	26.592	166.96	0.0059893	-0.035436	-0.031013	-1.4505	16.966	27.774	912.72	-0.0070924	undefined	undefined	liquid
22.200	26.597	166.96	0.0059893	-0.035437	-0.031012	-1.4505	16.966	27.774	912.72	-0.0070924	undefined	undefined	liquid
22.200	26.601	166.96	0.0059893	-0.035437	-0.031012	-1.4505	16.966	27.774	912.72	-0.0070924	undefined	undefined	liquid
22.200	26.605	166.96	0.0059893	-0.035437	-0.031012	-1.4505	16.966	27.774	912.72	-0.0070924	undefined	undefined	liquid
22.200	26.609	166.96	0.0059893	-0.035437	-0.031011	-1.4505	16.966	27.774	912.72	-0.0070924	undefined	undefined	liquid
22.200	26.613	166.96	0.0059893	-0.035438	-0.031011	-1.4505	16.966	27.774	912.72	-0.0070924	undefined	undefined	liquid
22.200	26.618	166.96	0.0059893	-0.035438	-0.031010	-1.4505	16.967	27.774	912.72	-0.0070924	undefined	undefined	liquid
22.200	26.622	166.97	0.0059893	-0.035438	-0.031010	-1.4505	16.967	27.774	912.72	-0.0070925	undefined	undefined	liquid
22.200	26.626	166.97	0.0059893	-0.035438	-0.031009	-1.4505	16.967	27.774	912.73	-0.0070925	undefined	undefined	liquid
22.200	26.630	166.97	0.0059893	-0.035438	-0.031009	-1.4506	16.967	27.774	912.73	-0.0070925	undefined	undefined	liquid
22.200	26.634	166.97	0.0059893	-0.035439	-0.031008	-1.4506	16.967	27.774	912.73	-0.0070925	undefined	undefined	liquid
22.200	26.639	166.97	0.0059893	-0.035439	-0.031008	-1.4506	16.967	27.774	912.73	-0.0070925	undefined	undefined	liquid
22.200	26.643	166.97	0.0059893	-0.035439	-0.031007	-1.4506	16.967	27.774	912.73	-0.0070925	undefined	undefined	liquid
22.200	26.647	166.97	0.0059893	-0.035439	-0.031007	-1.4506	16.967	27.774	912.73	-0.0070925	undefined	undefined	liquid
22.200	26.651	166.97	0.0059893	-0.035440	-0.031006	-1.4506	16.967	27.774	912.73	-0.0070925	undefined	undefined	liquid
22.200	26.655	166.97	0.0059893	-0.035440	-0.031006	-1.4506	16.967	27.774	912.73	-0.0070926	undefined	undefined	liquid
22.200	26.660	166.97	0.0059893	-0.035440	-0.031006	-1.4506	16.967	27.774	912.73	-0.0070926	undefined	undefined	liquid
22.200	26.664	166.97	0.0059893	-0.035440	-0.031005	-1.4506	16.967	27.774	912.73	-0.0070926	undefined	undefined	liquid
22.200	26.668	166.97	0.0059893	-0.035441	-0.031005	-1.4507	16.967	27.774	912.73	-0.0070926	undefined	undefined	liquid
22.200	26.672	166.97	0.0059893	-0.035441	-0.031004	-1.4507	16.967	27.774	912.73	-0.0070926	undefined	undefined	liquid
22.200	26.676	166.97	0.0059893	-0.035441	-0.031004	-1.4507	16.967	27.774	912.73	-0.0070926	undefined	undefined	liquid
22.200	26.681	166.97	0.0059892	-0.035441	-0.031003	-1.4507	16.967	27.773	912.73	-0.0070926	undefined	undefined	liquid
22.200	26.685	166.97	0.0059892	-0.035442	-0.031003	-1.4507	16.967	27.773	912.73	-0.0070927	undefined	undefined	liquid
22.200	26.689	166.97	0.0059892	-0.035442	-0.031002	-1.4507	16.967	27.773	912.73	-0.0070927	undefined	undefined	liquid
22.200	26.693	166.97	0.0059892	-0.035442	-0.031002	-1.4507	16.967	27.773	912.73	-0.0070927	undefined	undefined	liquid
22.200	26.697	166.97	0.0059892	-0.035442	-0.031001	-1.4507	16.967	27.773	912.73	-0.0070927	undefined	undefined	liquid
22.200	26.702	166.97	0.0059892	-0.035443	-0.031001	-1.4507	16.967	27.773	912.74	-0.0070927	undefined	undefined	liquid
22.200	26.706	166.97	0.0059892	-0.035443	-0.031000	-1.4508	16.967	27.773	912.74	-0.0070927	undefined	undefined	liquid
22.200	26.710	166.97	0.0059892	-0.035443	-0.031000	-1.4508	16.967	27.773	912.74	-0.0070927	undefined	undefined	liquid
22.200	26.714	166.97	0.0059892	-0.035443	-0.031000	-1.4508	16.967	27.773	912.74	-0.0070927	undefined	undefined	liquid
22.200	26.718	166.97	0.0059892	-0.035443	-0.030999	-1.4508	16.967	27.773	912.74	-0.0070928	undefined	undefined	liquid
22.200	26.723	166.97	0.0059892	-0.035444	-0.030999	-1.4508	16.967	27.773	912.74	-0.0070928	undefined	undefined	liquid
22.200	26.727	166.97	0.0059892	-0.035444	-0.030998	-1.4508	16.967	27.773	912.74	-0.0070928	undefined	undefined	liquid
22.200	26.731	166.97	0.0059892	-0.035444	-0.030998	-1.4508	16.967	27.773	912.74	-0.0070928	undefined	undefined	liquid
22.200	26.735	166.97	0.0059892	-0.035444	-0.030997	-1.4508	16.967	27.773	912.74	-0.0070928	undefined	undefined	liquid
22.200	26.739	166.97	0.0059892	-0.035445	-0.030997	-1.4508	16.967	27.773	912.74	-0.0070928	undefined	undefined	liquid
22.200	26.744	166.97	0.0059892	-0.035445	-0.030996	-1.4508	16.967	27.773	912.74	-0.0070928	undefined	undefined	liquid
22.200	26.748	166.97	0.0059892	-0.035445	-0.030996	-1.4509	16.967	27.773	912.74	-0.0070929	undefined	undefined	liquid
22.200	26.752	166.97	0.0059892	-0.035445	-0.030995	-1.4509	16.967	27.773	912.74	-0.0070929	undefined	undefined	liquid
22.200	26.756	166.97	0.0059892	-0.035446	-0.030995	-1.4509	16.967	27.773	912.74	-0.0070929	undefined	undefined	liquid
22.200	26.760	166.97	0.0059892	-0.035446	-0.030994	-1.4509	16.967	27.773	912.74	-0.0070929	undefined	undefined	liquid
22.200	26.765	166.97	0.0059892	-0.035446	-0.030994	-1.4509	16.967	27.773	912.74	-0.0070929	undefined	undefined	liquid
22.200	26.769	166.97	0.0059892	-0.035446	-0.030994	-1.4509	16.967	27.773	912.74	-0.0070929	undefined	undefined	liquid
22.200	26.773	166.97	0.0059892	-0.035447	-0.030993	-1.4509	16.967	27.773	912.74	-0.0070929	undefined	undefined	liquid
22.200	26.777	166.97	0.0059892	-0.035447	-0.030993	-1.4509	16.967	27.773	912.74	-0.0070929	undefined	undefined	liquid
22.200	26.781	166.97	0.0059892	-0.035447	-0.030992	-1.4509	16.967	27.773	912.75	-0.0070930	undefined	undefined	liquid
22.200	26.786	166.97	0.0059892	-0.035447	-0.030992	-1.4510	16.967	27.773	912.75	-0.0070930	undefined	undefined	liquid
22.200	26.790	166.97	0.0059892	-0.035448	-0.030991	-1.4510	16.967	27.773	912.75	-0.0070930	undefined	undefined	liquid
22.200	26.794	166.97	0.0059892	-0.035448	-0.030991	-1.4510	16.967	27.773	912.75	-0.0070930	undefined	undefined	liquid
22.200	26.798	166.97	0.0059892	-0.035448	-0.030990	-1.4510	16.967	27.773	912.75	-0.0070930	undefined	undefined	liquid
22.200	26.802	166.97	0.0059892	-0.035448	-0.030990	-1.4510	16.967	27.773	912.75	-0.0070930	undefined	undefined	liquid
22.200	26.807	166.97	0.0059892	-0.035448	-0.030989	-1.4510	16.967	27.773	912.75	-0.0070930	undefined	undefined	liquid
22.200	26.811	166.97	0.0059892	-0.035449	-0.030989	-1.4510	16.967	27.773	912.75	-0.0070931	undefined	undefined	liquid
22.200	26.815	166.97	0.0059892	-0.035449	-0.030989	-1.4510	16.967	27.773	912.75	-0.0070931	undefined	undefined	liquid
22.200	26.819	166.97	0.0059892	-0.035449	-0.030988	-1.4510	16.967	27.773	912.75	-0.0070931	undefined	undefined	liquid
22.200	26.823	166.97	0.0059892	-0.035449	-0.030988	-1.4511	16.967	27.773	912.75	-0.0070931	undefined	undefined	liquid
22.200	26.828	166.97	0.0059892	-0.035450	-0.030987	-1.4511	16.967	27.773	912.75	-0.0070931	undefined	undefined	liquid
22.200	26.832	166.97	0.0059892	-0.035450	-0.030987	-1.4511	16.967	27.773	912.75	-0.0070931	undefined	undefined	liquid
22.200	26.836	166.97	0.0059892	-0.035450	-0.030986	-1.4511	16.967	27.773	912.75	-0.0070931	undefined	undefined	liquid
22.200	26.840	166.97	0.0059892	-0.035450	-0.030986	-1.4511	16.967	27.773	912.75	-0.0070931	undefined	undefined	liquid
22.200	26.844	166.97	0.0059892	-0.035451	-0.030985	-1.4511	16.967	27.773	912.75	-0.0070932	undefined	undefined	liquid
22.200	26.849	166.97	0.0059892	-0.035451	-0.030985	-1.4511	16.967	27.773	912.75	-0.0070932	undefined	undefined	liquid
22.200	26.853	166.97	0.0059892	-0.035451	-0.030984	-1.4511	16.967	27.773	912.75	-0.0070932	undefined	undefined	liquid
22.200	26.857	166.97	0.0059892	-0.035451	-0.030984	-1.4511	16.967	27.773	912.75	-0.0070932	undefined	undefined	liquid
22.200	26.861	166.97	0.0059892	-0.035452	-0.030983	-1.4511	16.967	27.772	912.76	-0.0070932	undefined	undefined	liquid
22.200	26.865	166.97	0.0059892	-0.035452	-0.030983	-1.4512	16.967	27.772	912.76	-0.0070932	undefined	undefined	liquid
22.200	26.870	166.97	0.0059892	-0.035452	-0.030983	-1.4512	16.967	27.772	912.76	-0.0070932	undefined	undefined	liquid
22.200	26.874	166.97	0.0059892	-0.035452	-0.030982	-1.4512	16.967	27.772	912.76	-0.0070933	undefined	undefined	liquid
22.200	26.878	166.97	0.0059892	-0.035453	-0.030982	-1.4512	16.967	27.772	912.76	-0.0070933	undefined	undefined	liquid
22.200	26.882	166.97	0.0059892	-0.035453	-0.030981	-1.4512	16.967	27.772	912.76	-0.0070933	undefined	undefined	liquid
22.200	26.886	166.97	0.0059891	-0.035453	-0.030981	-1.4512	16.967	27.772	912.76	-0.0070933	undefined	undefined	liquid
22.200	26.891	166.97	0.0059891	-0.035453	-0.030980	-1.4512	16.967	27.772	912.76	-0.0070933	undefined	undefined	liquid
22.200	26.895	166.97	0.0059891	-0.035453	-0.030980	-1.4512	16.967	27.772	912.76	-0.0070933	undefined	undefined	liquid
22.200	26.899	166.97	0.0059891	-0.035454	-0.030979	-1.4512	16.967	27.772	912.76	-0.0070933	undefined	undefined	liquid
22.200	26.903	166.97	0.0059891	-0.035454	-0.030979	-1.4513	16.967	27.772	912.76	-0.0070933	undefined	undefined	liquid
22.200	26.907	166.97	0.0059891	-0.035454	-0.030978	-1.4513	16.967	27.772	912.76	-0.0070934	undefined	undefined	liquid
22.200	26.912	166.97	0.0059891	-0.035454	-0.030978	-1.4513	16.967	27.772	912.76	-0.0070934	undefined	undefined	liquid
22.200	26.916	166.97	0.0059891	-0.035455	-0.030977	-1.4513	16.967	27.772	912.76	-0.0070934	undefined	undefined	liquid
22.200	26.920	166.97	0.0059891	-0.035455	-0.030977	-1.4513	16.967	27.772	912.76	-0.0070934	undefined	undefined	liquid
