Temperature (K)	Pressure (psia)	Density (kg/m3)	Volume (m3/kg)	Internal Energy (kJ/mol)	Enthalpy (kJ/mol)	Entropy (J/mol*K)	Cv (J/mol*K)	Cp (J/mol*K)	Sound Spd. (m/s)	Joule-Thomson (F/psia)	Viscosity (uPa*s)	Therm. Cond. (W/m*K)	Phase
22.160	24.400	167.04	0.0059867	-0.036419	-0.032362	-1.4949	16.912	27.689	914.10	-0.0071249	undefined	undefined	liquid
22.160	24.404	167.04	0.0059867	-0.036419	-0.032362	-1.4949	16.912	27.689	914.10	-0.0071249	undefined	undefined	liquid
22.160	24.408	167.04	0.0059867	-0.036420	-0.032361	-1.4949	16.912	27.689	914.10	-0.0071249	undefined	undefined	liquid
22.160	24.413	167.04	0.0059867	-0.036420	-0.032361	-1.4949	16.912	27.689	914.10	-0.0071249	undefined	undefined	liquid
22.160	24.417	167.04	0.0059867	-0.036420	-0.032360	-1.4949	16.912	27.689	914.10	-0.0071249	undefined	undefined	liquid
22.160	24.421	167.04	0.0059867	-0.036420	-0.032360	-1.4949	16.912	27.689	914.10	-0.0071250	undefined	undefined	liquid
22.160	24.425	167.04	0.0059867	-0.036421	-0.032359	-1.4949	16.912	27.689	914.10	-0.0071250	undefined	undefined	liquid
22.160	24.429	167.04	0.0059867	-0.036421	-0.032359	-1.4949	16.912	27.689	914.10	-0.0071250	undefined	undefined	liquid
22.160	24.434	167.04	0.0059867	-0.036421	-0.032359	-1.4949	16.912	27.689	914.10	-0.0071250	undefined	undefined	liquid
22.160	24.438	167.04	0.0059866	-0.036421	-0.032358	-1.4950	16.912	27.689	914.10	-0.0071250	undefined	undefined	liquid
22.160	24.442	167.04	0.0059866	-0.036422	-0.032358	-1.4950	16.912	27.689	914.10	-0.0071250	undefined	undefined	liquid
22.160	24.446	167.04	0.0059866	-0.036422	-0.032357	-1.4950	16.912	27.689	914.10	-0.0071250	undefined	undefined	liquid
22.160	24.450	167.04	0.0059866	-0.036422	-0.032357	-1.4950	16.912	27.689	914.10	-0.0071250	undefined	undefined	liquid
22.160	24.455	167.04	0.0059866	-0.036422	-0.032356	-1.4950	16.912	27.689	914.10	-0.0071251	undefined	undefined	liquid
22.160	24.459	167.04	0.0059866	-0.036423	-0.032356	-1.4950	16.912	27.689	914.11	-0.0071251	undefined	undefined	liquid
22.160	24.463	167.04	0.0059866	-0.036423	-0.032355	-1.4950	16.912	27.689	914.11	-0.0071251	undefined	undefined	liquid
22.160	24.467	167.04	0.0059866	-0.036423	-0.032355	-1.4950	16.912	27.689	914.11	-0.0071251	undefined	undefined	liquid
22.160	24.471	167.04	0.0059866	-0.036423	-0.032354	-1.4950	16.912	27.689	914.11	-0.0071251	undefined	undefined	liquid
22.160	24.476	167.04	0.0059866	-0.036424	-0.032354	-1.4951	16.912	27.689	914.11	-0.0071251	undefined	undefined	liquid
22.160	24.480	167.04	0.0059866	-0.036424	-0.032354	-1.4951	16.912	27.689	914.11	-0.0071251	undefined	undefined	liquid
22.160	24.484	167.04	0.0059866	-0.036424	-0.032353	-1.4951	16.912	27.689	914.11	-0.0071252	undefined	undefined	liquid
22.160	24.488	167.04	0.0059866	-0.036424	-0.032353	-1.4951	16.912	27.689	914.11	-0.0071252	undefined	undefined	liquid
22.160	24.492	167.04	0.0059866	-0.036424	-0.032352	-1.4951	16.912	27.689	914.11	-0.0071252	undefined	undefined	liquid
22.160	24.497	167.04	0.0059866	-0.036425	-0.032352	-1.4951	16.912	27.689	914.11	-0.0071252	undefined	undefined	liquid
22.160	24.501	167.04	0.0059866	-0.036425	-0.032351	-1.4951	16.912	27.689	914.11	-0.0071252	undefined	undefined	liquid
22.160	24.505	167.04	0.0059866	-0.036425	-0.032351	-1.4951	16.912	27.688	914.11	-0.0071252	undefined	undefined	liquid
22.160	24.509	167.04	0.0059866	-0.036425	-0.032350	-1.4951	16.912	27.688	914.11	-0.0071252	undefined	undefined	liquid
22.160	24.513	167.04	0.0059866	-0.036426	-0.032350	-1.4951	16.912	27.688	914.11	-0.0071252	undefined	undefined	liquid
22.160	24.518	167.04	0.0059866	-0.036426	-0.032349	-1.4952	16.912	27.688	914.11	-0.0071253	undefined	undefined	liquid
22.160	24.522	167.04	0.0059866	-0.036426	-0.032349	-1.4952	16.912	27.688	914.11	-0.0071253	undefined	undefined	liquid
22.160	24.526	167.04	0.0059866	-0.036426	-0.032348	-1.4952	16.912	27.688	914.11	-0.0071253	undefined	undefined	liquid
22.160	24.530	167.04	0.0059866	-0.036427	-0.032348	-1.4952	16.912	27.688	914.11	-0.0071253	undefined	undefined	liquid
22.160	24.534	167.04	0.0059866	-0.036427	-0.032348	-1.4952	16.913	27.688	914.11	-0.0071253	undefined	undefined	liquid
22.160	24.539	167.04	0.0059866	-0.036427	-0.032347	-1.4952	16.913	27.688	914.12	-0.0071253	undefined	undefined	liquid
22.160	24.543	167.04	0.0059866	-0.036427	-0.032347	-1.4952	16.913	27.688	914.12	-0.0071253	undefined	undefined	liquid
22.160	24.547	167.04	0.0059866	-0.036428	-0.032346	-1.4952	16.913	27.688	914.12	-0.0071254	undefined	undefined	liquid
22.160	24.551	167.04	0.0059866	-0.036428	-0.032346	-1.4952	16.913	27.688	914.12	-0.0071254	undefined	undefined	liquid
22.160	24.555	167.04	0.0059866	-0.036428	-0.032345	-1.4953	16.913	27.688	914.12	-0.0071254	undefined	undefined	liquid
22.160	24.560	167.04	0.0059866	-0.036428	-0.032345	-1.4953	16.913	27.688	914.12	-0.0071254	undefined	undefined	liquid
22.160	24.564	167.04	0.0059866	-0.036428	-0.032344	-1.4953	16.913	27.688	914.12	-0.0071254	undefined	undefined	liquid
22.160	24.568	167.04	0.0059866	-0.036429	-0.032344	-1.4953	16.913	27.688	914.12	-0.0071254	undefined	undefined	liquid
22.160	24.572	167.04	0.0059866	-0.036429	-0.032343	-1.4953	16.913	27.688	914.12	-0.0071254	undefined	undefined	liquid
22.160	24.576	167.04	0.0059866	-0.036429	-0.032343	-1.4953	16.913	27.688	914.12	-0.0071254	undefined	undefined	liquid
22.160	24.581	167.04	0.0059866	-0.036429	-0.032342	-1.4953	16.913	27.688	914.12	-0.0071255	undefined	undefined	liquid
22.160	24.585	167.04	0.0059866	-0.036430	-0.032342	-1.4953	16.913	27.688	914.12	-0.0071255	undefined	undefined	liquid
22.160	24.589	167.04	0.0059866	-0.036430	-0.032342	-1.4953	16.913	27.688	914.12	-0.0071255	undefined	undefined	liquid
22.160	24.593	167.04	0.0059866	-0.036430	-0.032341	-1.4954	16.913	27.688	914.12	-0.0071255	undefined	undefined	liquid
22.160	24.597	167.04	0.0059866	-0.036430	-0.032341	-1.4954	16.913	27.688	914.12	-0.0071255	undefined	undefined	liquid
22.160	24.602	167.04	0.0059866	-0.036431	-0.032340	-1.4954	16.913	27.688	914.12	-0.0071255	undefined	undefined	liquid
22.160	24.606	167.04	0.0059866	-0.036431	-0.032340	-1.4954	16.913	27.688	914.12	-0.0071255	undefined	undefined	liquid
22.160	24.610	167.04	0.0059866	-0.036431	-0.032339	-1.4954	16.913	27.688	914.12	-0.0071256	undefined	undefined	liquid
22.160	24.614	167.04	0.0059866	-0.036431	-0.032339	-1.4954	16.913	27.688	914.12	-0.0071256	undefined	undefined	liquid
22.160	24.618	167.04	0.0059866	-0.036432	-0.032338	-1.4954	16.913	27.688	914.13	-0.0071256	undefined	undefined	liquid
22.160	24.623	167.04	0.0059866	-0.036432	-0.032338	-1.4954	16.913	27.688	914.13	-0.0071256	undefined	undefined	liquid
22.160	24.627	167.04	0.0059866	-0.036432	-0.032337	-1.4954	16.913	27.688	914.13	-0.0071256	undefined	undefined	liquid
22.160	24.631	167.04	0.0059866	-0.036432	-0.032337	-1.4955	16.913	27.688	914.13	-0.0071256	undefined	undefined	liquid
22.160	24.635	167.04	0.0059866	-0.036433	-0.032336	-1.4955	16.913	27.688	914.13	-0.0071256	undefined	undefined	liquid
22.160	24.639	167.04	0.0059866	-0.036433	-0.032336	-1.4955	16.913	27.688	914.13	-0.0071256	undefined	undefined	liquid
22.160	24.644	167.04	0.0059865	-0.036433	-0.032336	-1.4955	16.913	27.688	914.13	-0.0071257	undefined	undefined	liquid
22.160	24.648	167.04	0.0059865	-0.036433	-0.032335	-1.4955	16.913	27.688	914.13	-0.0071257	undefined	undefined	liquid
22.160	24.652	167.04	0.0059865	-0.036433	-0.032335	-1.4955	16.913	27.688	914.13	-0.0071257	undefined	undefined	liquid
22.160	24.656	167.04	0.0059865	-0.036434	-0.032334	-1.4955	16.913	27.688	914.13	-0.0071257	undefined	undefined	liquid
22.160	24.660	167.04	0.0059865	-0.036434	-0.032334	-1.4955	16.913	27.688	914.13	-0.0071257	undefined	undefined	liquid
22.160	24.665	167.04	0.0059865	-0.036434	-0.032333	-1.4955	16.913	27.688	914.13	-0.0071257	undefined	undefined	liquid
22.160	24.669	167.04	0.0059865	-0.036434	-0.032333	-1.4955	16.913	27.688	914.13	-0.0071257	undefined	undefined	liquid
22.160	24.673	167.04	0.0059865	-0.036435	-0.032332	-1.4956	16.913	27.688	914.13	-0.0071258	undefined	undefined	liquid
22.160	24.677	167.04	0.0059865	-0.036435	-0.032332	-1.4956	16.913	27.688	914.13	-0.0071258	undefined	undefined	liquid
22.160	24.681	167.04	0.0059865	-0.036435	-0.032331	-1.4956	16.913	27.688	914.13	-0.0071258	undefined	undefined	liquid
22.160	24.686	167.04	0.0059865	-0.036435	-0.032331	-1.4956	16.913	27.687	914.13	-0.0071258	undefined	undefined	liquid
22.160	24.690	167.04	0.0059865	-0.036436	-0.032330	-1.4956	16.913	27.687	914.13	-0.0071258	undefined	undefined	liquid
22.160	24.694	167.04	0.0059865	-0.036436	-0.032330	-1.4956	16.913	27.687	914.13	-0.0071258	undefined	undefined	liquid
22.160	24.698	167.04	0.0059865	-0.036436	-0.032330	-1.4956	16.913	27.687	914.14	-0.0071258	undefined	undefined	liquid
22.160	24.702	167.04	0.0059865	-0.036436	-0.032329	-1.4956	16.913	27.687	914.14	-0.0071258	undefined	undefined	liquid
22.160	24.707	167.04	0.0059865	-0.036437	-0.032329	-1.4956	16.913	27.687	914.14	-0.0071259	undefined	undefined	liquid
22.160	24.711	167.04	0.0059865	-0.036437	-0.032328	-1.4957	16.913	27.687	914.14	-0.0071259	undefined	undefined	liquid
22.160	24.715	167.04	0.0059865	-0.036437	-0.032328	-1.4957	16.913	27.687	914.14	-0.0071259	undefined	undefined	liquid
22.160	24.719	167.04	0.0059865	-0.036437	-0.032327	-1.4957	16.913	27.687	914.14	-0.0071259	undefined	undefined	liquid
22.160	24.723	167.04	0.0059865	-0.036437	-0.032327	-1.4957	16.913	27.687	914.14	-0.0071259	undefined	undefined	liquid
22.160	24.728	167.04	0.0059865	-0.036438	-0.032326	-1.4957	16.913	27.687	914.14	-0.0071259	undefined	undefined	liquid
22.160	24.732	167.04	0.0059865	-0.036438	-0.032326	-1.4957	16.913	27.687	914.14	-0.0071259	undefined	undefined	liquid
22.160	24.736	167.04	0.0059865	-0.036438	-0.032325	-1.4957	16.913	27.687	914.14	-0.0071260	undefined	undefined	liquid
22.160	24.740	167.04	0.0059865	-0.036438	-0.032325	-1.4957	16.913	27.687	914.14	-0.0071260	undefined	undefined	liquid
22.160	24.744	167.04	0.0059865	-0.036439	-0.032325	-1.4957	16.913	27.687	914.14	-0.0071260	undefined	undefined	liquid
22.160	24.749	167.04	0.0059865	-0.036439	-0.032324	-1.4958	16.913	27.687	914.14	-0.0071260	undefined	undefined	liquid
22.160	24.753	167.04	0.0059865	-0.036439	-0.032324	-1.4958	16.913	27.687	914.14	-0.0071260	undefined	undefined	liquid
22.160	24.757	167.04	0.0059865	-0.036439	-0.032323	-1.4958	16.913	27.687	914.14	-0.0071260	undefined	undefined	liquid
22.160	24.761	167.04	0.0059865	-0.036440	-0.032323	-1.4958	16.913	27.687	914.14	-0.0071260	undefined	undefined	liquid
22.160	24.765	167.04	0.0059865	-0.036440	-0.032322	-1.4958	16.913	27.687	914.14	-0.0071260	undefined	undefined	liquid
22.160	24.770	167.04	0.0059865	-0.036440	-0.032322	-1.4958	16.913	27.687	914.14	-0.0071261	undefined	undefined	liquid
22.160	24.774	167.04	0.0059865	-0.036440	-0.032321	-1.4958	16.913	27.687	914.15	-0.0071261	undefined	undefined	liquid
22.160	24.778	167.04	0.0059865	-0.036441	-0.032321	-1.4958	16.913	27.687	914.15	-0.0071261	undefined	undefined	liquid
22.160	24.782	167.04	0.0059865	-0.036441	-0.032320	-1.4958	16.913	27.687	914.15	-0.0071261	undefined	undefined	liquid
22.160	24.786	167.04	0.0059865	-0.036441	-0.032320	-1.4958	16.913	27.687	914.15	-0.0071261	undefined	undefined	liquid
22.160	24.791	167.04	0.0059865	-0.036441	-0.032319	-1.4959	16.913	27.687	914.15	-0.0071261	undefined	undefined	liquid
22.160	24.795	167.04	0.0059865	-0.036441	-0.032319	-1.4959	16.913	27.687	914.15	-0.0071261	undefined	undefined	liquid
22.160	24.799	167.04	0.0059865	-0.036442	-0.032319	-1.4959	16.913	27.687	914.15	-0.0071262	undefined	undefined	liquid
22.160	24.803	167.04	0.0059865	-0.036442	-0.032318	-1.4959	16.913	27.687	914.15	-0.0071262	undefined	undefined	liquid
22.160	24.807	167.04	0.0059865	-0.036442	-0.032318	-1.4959	16.913	27.687	914.15	-0.0071262	undefined	undefined	liquid
22.160	24.812	167.04	0.0059865	-0.036442	-0.032317	-1.4959	16.913	27.687	914.15	-0.0071262	undefined	undefined	liquid
22.160	24.816	167.04	0.0059865	-0.036443	-0.032317	-1.4959	16.913	27.687	914.15	-0.0071262	undefined	undefined	liquid
22.160	24.820	167.04	0.0059865	-0.036443	-0.032316	-1.4959	16.913	27.687	914.15	-0.0071262	undefined	undefined	liquid
22.160	24.824	167.04	0.0059865	-0.036443	-0.032316	-1.4959	16.913	27.687	914.15	-0.0071262	undefined	undefined	liquid
22.160	24.828	167.04	0.0059865	-0.036443	-0.032315	-1.4960	16.913	27.687	914.15	-0.0071262	undefined	undefined	liquid
22.160	24.833	167.04	0.0059865	-0.036444	-0.032315	-1.4960	16.913	27.687	914.15	-0.0071263	undefined	undefined	liquid
22.160	24.837	167.04	0.0059865	-0.036444	-0.032314	-1.4960	16.913	27.687	914.15	-0.0071263	undefined	undefined	liquid
22.160	24.841	167.04	0.0059865	-0.036444	-0.032314	-1.4960	16.913	27.687	914.15	-0.0071263	undefined	undefined	liquid
22.160	24.845	167.04	0.0059865	-0.036444	-0.032313	-1.4960	16.913	27.687	914.15	-0.0071263	undefined	undefined	liquid
22.160	24.849	167.04	0.0059865	-0.036445	-0.032313	-1.4960	16.913	27.687	914.15	-0.0071263	undefined	undefined	liquid
22.160	24.854	167.04	0.0059864	-0.036445	-0.032313	-1.4960	16.913	27.687	914.16	-0.0071263	undefined	undefined	liquid
22.160	24.858	167.04	0.0059864	-0.036445	-0.032312	-1.4960	16.913	27.687	914.16	-0.0071263	undefined	undefined	liquid
22.160	24.862	167.04	0.0059864	-0.036445	-0.032312	-1.4960	16.913	27.686	914.16	-0.0071264	undefined	undefined	liquid
22.160	24.866	167.04	0.0059864	-0.036446	-0.032311	-1.4961	16.913	27.686	914.16	-0.0071264	undefined	undefined	liquid
22.160	24.870	167.04	0.0059864	-0.036446	-0.032311	-1.4961	16.913	27.686	914.16	-0.0071264	undefined	undefined	liquid
22.160	24.875	167.04	0.0059864	-0.036446	-0.032310	-1.4961	16.913	27.686	914.16	-0.0071264	undefined	undefined	liquid
22.160	24.879	167.04	0.0059864	-0.036446	-0.032310	-1.4961	16.913	27.686	914.16	-0.0071264	undefined	undefined	liquid
22.160	24.883	167.04	0.0059864	-0.036446	-0.032309	-1.4961	16.913	27.686	914.16	-0.0071264	undefined	undefined	liquid
22.160	24.887	167.04	0.0059864	-0.036447	-0.032309	-1.4961	16.913	27.686	914.16	-0.0071264	undefined	undefined	liquid
22.160	24.891	167.04	0.0059864	-0.036447	-0.032308	-1.4961	16.913	27.686	914.16	-0.0071264	undefined	undefined	liquid
22.160	24.896	167.04	0.0059864	-0.036447	-0.032308	-1.4961	16.913	27.686	914.16	-0.0071265	undefined	undefined	liquid
22.160	24.900	167.04	0.0059864	-0.036447	-0.032307	-1.4961	16.913	27.686	914.16	-0.0071265	undefined	undefined	liquid
22.160	24.904	167.04	0.0059864	-0.036448	-0.032307	-1.4961	16.913	27.686	914.16	-0.0071265	undefined	undefined	liquid
22.160	24.908	167.04	0.0059864	-0.036448	-0.032307	-1.4962	16.913	27.686	914.16	-0.0071265	undefined	undefined	liquid
22.160	24.912	167.04	0.0059864	-0.036448	-0.032306	-1.4962	16.913	27.686	914.16	-0.0071265	undefined	undefined	liquid
22.160	24.917	167.04	0.0059864	-0.036448	-0.032306	-1.4962	16.913	27.686	914.16	-0.0071265	undefined	undefined	liquid
22.160	24.921	167.04	0.0059864	-0.036449	-0.032305	-1.4962	16.913	27.686	914.16	-0.0071265	undefined	undefined	liquid
22.160	24.925	167.04	0.0059864	-0.036449	-0.032305	-1.4962	16.913	27.686	914.16	-0.0071266	undefined	undefined	liquid
22.160	24.929	167.04	0.0059864	-0.036449	-0.032304	-1.4962	16.913	27.686	914.16	-0.0071266	undefined	undefined	liquid
22.160	24.933	167.05	0.0059864	-0.036449	-0.032304	-1.4962	16.913	27.686	914.17	-0.0071266	undefined	undefined	liquid
22.160	24.938	167.05	0.0059864	-0.036450	-0.032303	-1.4962	16.913	27.686	914.17	-0.0071266	undefined	undefined	liquid
22.160	24.942	167.05	0.0059864	-0.036450	-0.032303	-1.4962	16.913	27.686	914.17	-0.0071266	undefined	undefined	liquid
22.160	24.946	167.05	0.0059864	-0.036450	-0.032302	-1.4963	16.913	27.686	914.17	-0.0071266	undefined	undefined	liquid
22.160	24.950	167.05	0.0059864	-0.036450	-0.032302	-1.4963	16.913	27.686	914.17	-0.0071266	undefined	undefined	liquid
22.160	24.954	167.05	0.0059864	-0.036450	-0.032301	-1.4963	16.913	27.686	914.17	-0.0071266	undefined	undefined	liquid
22.160	24.959	167.05	0.0059864	-0.036451	-0.032301	-1.4963	16.913	27.686	914.17	-0.0071267	undefined	undefined	liquid
22.160	24.963	167.05	0.0059864	-0.036451	-0.032301	-1.4963	16.913	27.686	914.17	-0.0071267	undefined	undefined	liquid
22.160	24.967	167.05	0.0059864	-0.036451	-0.032300	-1.4963	16.913	27.686	914.17	-0.0071267	undefined	undefined	liquid
22.160	24.971	167.05	0.0059864	-0.036451	-0.032300	-1.4963	16.913	27.686	914.17	-0.0071267	undefined	undefined	liquid
22.160	24.975	167.05	0.0059864	-0.036452	-0.032299	-1.4963	16.913	27.686	914.17	-0.0071267	undefined	undefined	liquid
22.160	24.980	167.05	0.0059864	-0.036452	-0.032299	-1.4963	16.913	27.686	914.17	-0.0071267	undefined	undefined	liquid
22.160	24.984	167.05	0.0059864	-0.036452	-0.032298	-1.4964	16.913	27.686	914.17	-0.0071267	undefined	undefined	liquid
22.160	24.988	167.05	0.0059864	-0.036452	-0.032298	-1.4964	16.913	27.686	914.17	-0.0071268	undefined	undefined	liquid
22.160	24.992	167.05	0.0059864	-0.036453	-0.032297	-1.4964	16.913	27.686	914.17	-0.0071268	undefined	undefined	liquid
22.160	24.996	167.05	0.0059864	-0.036453	-0.032297	-1.4964	16.913	27.686	914.17	-0.0071268	undefined	undefined	liquid
22.160	25.001	167.05	0.0059864	-0.036453	-0.032296	-1.4964	16.913	27.686	914.17	-0.0071268	undefined	undefined	liquid
22.160	25.005	167.05	0.0059864	-0.036453	-0.032296	-1.4964	16.913	27.686	914.17	-0.0071268	undefined	undefined	liquid
22.160	25.009	167.05	0.0059864	-0.036454	-0.032296	-1.4964	16.913	27.686	914.18	-0.0071268	undefined	undefined	liquid
22.160	25.013	167.05	0.0059864	-0.036454	-0.032295	-1.4964	16.913	27.686	914.18	-0.0071268	undefined	undefined	liquid
22.160	25.017	167.05	0.0059864	-0.036454	-0.032295	-1.4964	16.913	27.686	914.18	-0.0071268	undefined	undefined	liquid
22.160	25.022	167.05	0.0059864	-0.036454	-0.032294	-1.4964	16.913	27.686	914.18	-0.0071269	undefined	undefined	liquid
22.160	25.026	167.05	0.0059864	-0.036455	-0.032294	-1.4965	16.913	27.686	914.18	-0.0071269	undefined	undefined	liquid
22.160	25.030	167.05	0.0059864	-0.036455	-0.032293	-1.4965	16.913	27.686	914.18	-0.0071269	undefined	undefined	liquid
22.160	25.034	167.05	0.0059864	-0.036455	-0.032293	-1.4965	16.913	27.686	914.18	-0.0071269	undefined	undefined	liquid
22.160	25.038	167.05	0.0059864	-0.036455	-0.032292	-1.4965	16.913	27.685	914.18	-0.0071269	undefined	undefined	liquid
22.160	25.043	167.05	0.0059864	-0.036455	-0.032292	-1.4965	16.913	27.685	914.18	-0.0071269	undefined	undefined	liquid
22.160	25.047	167.05	0.0059864	-0.036456	-0.032291	-1.4965	16.913	27.685	914.18	-0.0071269	undefined	undefined	liquid
22.160	25.051	167.05	0.0059864	-0.036456	-0.032291	-1.4965	16.913	27.685	914.18	-0.0071270	undefined	undefined	liquid
22.160	25.055	167.05	0.0059864	-0.036456	-0.032290	-1.4965	16.913	27.685	914.18	-0.0071270	undefined	undefined	liquid
22.160	25.059	167.05	0.0059863	-0.036456	-0.032290	-1.4965	16.913	27.685	914.18	-0.0071270	undefined	undefined	liquid
22.160	25.064	167.05	0.0059863	-0.036457	-0.032290	-1.4966	16.913	27.685	914.18	-0.0071270	undefined	undefined	liquid
22.160	25.068	167.05	0.0059863	-0.036457	-0.032289	-1.4966	16.913	27.685	914.18	-0.0071270	undefined	undefined	liquid
22.160	25.072	167.05	0.0059863	-0.036457	-0.032289	-1.4966	16.913	27.685	914.18	-0.0071270	undefined	undefined	liquid
22.160	25.076	167.05	0.0059863	-0.036457	-0.032288	-1.4966	16.913	27.685	914.18	-0.0071270	undefined	undefined	liquid
22.160	25.080	167.05	0.0059863	-0.036458	-0.032288	-1.4966	16.913	27.685	914.18	-0.0071270	undefined	undefined	liquid
22.160	25.085	167.05	0.0059863	-0.036458	-0.032287	-1.4966	16.913	27.685	914.18	-0.0071271	undefined	undefined	liquid
22.160	25.089	167.05	0.0059863	-0.036458	-0.032287	-1.4966	16.913	27.685	914.19	-0.0071271	undefined	undefined	liquid
22.160	25.093	167.05	0.0059863	-0.036458	-0.032286	-1.4966	16.913	27.685	914.19	-0.0071271	undefined	undefined	liquid
22.160	25.097	167.05	0.0059863	-0.036459	-0.032286	-1.4966	16.913	27.685	914.19	-0.0071271	undefined	undefined	liquid
22.160	25.101	167.05	0.0059863	-0.036459	-0.032285	-1.4967	16.913	27.685	914.19	-0.0071271	undefined	undefined	liquid
22.160	25.106	167.05	0.0059863	-0.036459	-0.032285	-1.4967	16.913	27.685	914.19	-0.0071271	undefined	undefined	liquid
22.160	25.110	167.05	0.0059863	-0.036459	-0.032284	-1.4967	16.913	27.685	914.19	-0.0071271	undefined	undefined	liquid
22.160	25.114	167.05	0.0059863	-0.036459	-0.032284	-1.4967	16.913	27.685	914.19	-0.0071272	undefined	undefined	liquid
22.160	25.118	167.05	0.0059863	-0.036460	-0.032284	-1.4967	16.913	27.685	914.19	-0.0071272	undefined	undefined	liquid
22.160	25.122	167.05	0.0059863	-0.036460	-0.032283	-1.4967	16.913	27.685	914.19	-0.0071272	undefined	undefined	liquid
22.160	25.127	167.05	0.0059863	-0.036460	-0.032283	-1.4967	16.913	27.685	914.19	-0.0071272	undefined	undefined	liquid
22.160	25.131	167.05	0.0059863	-0.036460	-0.032282	-1.4967	16.914	27.685	914.19	-0.0071272	undefined	undefined	liquid
22.160	25.135	167.05	0.0059863	-0.036461	-0.032282	-1.4967	16.914	27.685	914.19	-0.0071272	undefined	undefined	liquid
22.160	25.139	167.05	0.0059863	-0.036461	-0.032281	-1.4967	16.914	27.685	914.19	-0.0071272	undefined	undefined	liquid
22.160	25.143	167.05	0.0059863	-0.036461	-0.032281	-1.4968	16.914	27.685	914.19	-0.0071272	undefined	undefined	liquid
22.160	25.148	167.05	0.0059863	-0.036461	-0.032280	-1.4968	16.914	27.685	914.19	-0.0071273	undefined	undefined	liquid
22.160	25.152	167.05	0.0059863	-0.036462	-0.032280	-1.4968	16.914	27.685	914.19	-0.0071273	undefined	undefined	liquid
22.160	25.156	167.05	0.0059863	-0.036462	-0.032279	-1.4968	16.914	27.685	914.19	-0.0071273	undefined	undefined	liquid
22.160	25.160	167.05	0.0059863	-0.036462	-0.032279	-1.4968	16.914	27.685	914.19	-0.0071273	undefined	undefined	liquid
22.160	25.164	167.05	0.0059863	-0.036462	-0.032278	-1.4968	16.914	27.685	914.19	-0.0071273	undefined	undefined	liquid
22.160	25.169	167.05	0.0059863	-0.036463	-0.032278	-1.4968	16.914	27.685	914.20	-0.0071273	undefined	undefined	liquid
22.160	25.173	167.05	0.0059863	-0.036463	-0.032278	-1.4968	16.914	27.685	914.20	-0.0071273	undefined	undefined	liquid
22.160	25.177	167.05	0.0059863	-0.036463	-0.032277	-1.4968	16.914	27.685	914.20	-0.0071274	undefined	undefined	liquid
22.160	25.181	167.05	0.0059863	-0.036463	-0.032277	-1.4969	16.914	27.685	914.20	-0.0071274	undefined	undefined	liquid
22.160	25.185	167.05	0.0059863	-0.036463	-0.032276	-1.4969	16.914	27.685	914.20	-0.0071274	undefined	undefined	liquid
22.160	25.190	167.05	0.0059863	-0.036464	-0.032276	-1.4969	16.914	27.685	914.20	-0.0071274	undefined	undefined	liquid
22.160	25.194	167.05	0.0059863	-0.036464	-0.032275	-1.4969	16.914	27.685	914.20	-0.0071274	undefined	undefined	liquid
22.160	25.198	167.05	0.0059863	-0.036464	-0.032275	-1.4969	16.914	27.685	914.20	-0.0071274	undefined	undefined	liquid
22.160	25.202	167.05	0.0059863	-0.036464	-0.032274	-1.4969	16.914	27.685	914.20	-0.0071274	undefined	undefined	liquid
22.160	25.206	167.05	0.0059863	-0.036465	-0.032274	-1.4969	16.914	27.685	914.20	-0.0071275	undefined	undefined	liquid
22.160	25.211	167.05	0.0059863	-0.036465	-0.032273	-1.4969	16.914	27.685	914.20	-0.0071275	undefined	undefined	liquid
22.160	25.215	167.05	0.0059863	-0.036465	-0.032273	-1.4969	16.914	27.685	914.20	-0.0071275	undefined	undefined	liquid
22.160	25.219	167.05	0.0059863	-0.036465	-0.032272	-1.4970	16.914	27.684	914.20	-0.0071275	undefined	undefined	liquid
22.160	25.223	167.05	0.0059863	-0.036466	-0.032272	-1.4970	16.914	27.684	914.20	-0.0071275	undefined	undefined	liquid
22.160	25.227	167.05	0.0059863	-0.036466	-0.032272	-1.4970	16.914	27.684	914.20	-0.0071275	undefined	undefined	liquid
22.160	25.232	167.05	0.0059863	-0.036466	-0.032271	-1.4970	16.914	27.684	914.20	-0.0071275	undefined	undefined	liquid
22.160	25.236	167.05	0.0059863	-0.036466	-0.032271	-1.4970	16.914	27.684	914.20	-0.0071275	undefined	undefined	liquid
22.160	25.240	167.05	0.0059863	-0.036467	-0.032270	-1.4970	16.914	27.684	914.20	-0.0071276	undefined	undefined	liquid
22.160	25.244	167.05	0.0059863	-0.036467	-0.032270	-1.4970	16.914	27.684	914.20	-0.0071276	undefined	undefined	liquid
22.160	25.248	167.05	0.0059863	-0.036467	-0.032269	-1.4970	16.914	27.684	914.21	-0.0071276	undefined	undefined	liquid
22.160	25.253	167.05	0.0059863	-0.036467	-0.032269	-1.4970	16.914	27.684	914.21	-0.0071276	undefined	undefined	liquid
22.160	25.257	167.05	0.0059863	-0.036468	-0.032268	-1.4970	16.914	27.684	914.21	-0.0071276	undefined	undefined	liquid
22.160	25.261	167.05	0.0059863	-0.036468	-0.032268	-1.4971	16.914	27.684	914.21	-0.0071276	undefined	undefined	liquid
22.160	25.265	167.05	0.0059862	-0.036468	-0.032267	-1.4971	16.914	27.684	914.21	-0.0071276	undefined	undefined	liquid
22.160	25.269	167.05	0.0059862	-0.036468	-0.032267	-1.4971	16.914	27.684	914.21	-0.0071277	undefined	undefined	liquid
22.160	25.274	167.05	0.0059862	-0.036468	-0.032266	-1.4971	16.914	27.684	914.21	-0.0071277	undefined	undefined	liquid
22.160	25.278	167.05	0.0059862	-0.036469	-0.032266	-1.4971	16.914	27.684	914.21	-0.0071277	undefined	undefined	liquid
22.160	25.282	167.05	0.0059862	-0.036469	-0.032266	-1.4971	16.914	27.684	914.21	-0.0071277	undefined	undefined	liquid
22.160	25.286	167.05	0.0059862	-0.036469	-0.032265	-1.4971	16.914	27.684	914.21	-0.0071277	undefined	undefined	liquid
22.160	25.290	167.05	0.0059862	-0.036469	-0.032265	-1.4971	16.914	27.684	914.21	-0.0071277	undefined	undefined	liquid
22.160	25.295	167.05	0.0059862	-0.036470	-0.032264	-1.4971	16.914	27.684	914.21	-0.0071277	undefined	undefined	liquid
22.160	25.299	167.05	0.0059862	-0.036470	-0.032264	-1.4972	16.914	27.684	914.21	-0.0071277	undefined	undefined	liquid
22.160	25.303	167.05	0.0059862	-0.036470	-0.032263	-1.4972	16.914	27.684	914.21	-0.0071278	undefined	undefined	liquid
22.160	25.307	167.05	0.0059862	-0.036470	-0.032263	-1.4972	16.914	27.684	914.21	-0.0071278	undefined	undefined	liquid
22.160	25.311	167.05	0.0059862	-0.036471	-0.032262	-1.4972	16.914	27.684	914.21	-0.0071278	undefined	undefined	liquid
22.160	25.316	167.05	0.0059862	-0.036471	-0.032262	-1.4972	16.914	27.684	914.21	-0.0071278	undefined	undefined	liquid
22.160	25.320	167.05	0.0059862	-0.036471	-0.032261	-1.4972	16.914	27.684	914.21	-0.0071278	undefined	undefined	liquid
22.160	25.324	167.05	0.0059862	-0.036471	-0.032261	-1.4972	16.914	27.684	914.22	-0.0071278	undefined	undefined	liquid
22.160	25.328	167.05	0.0059862	-0.036472	-0.032261	-1.4972	16.914	27.684	914.22	-0.0071278	undefined	undefined	liquid
22.160	25.332	167.05	0.0059862	-0.036472	-0.032260	-1.4972	16.914	27.684	914.22	-0.0071279	undefined	undefined	liquid
22.160	25.337	167.05	0.0059862	-0.036472	-0.032260	-1.4973	16.914	27.684	914.22	-0.0071279	undefined	undefined	liquid
22.160	25.341	167.05	0.0059862	-0.036472	-0.032259	-1.4973	16.914	27.684	914.22	-0.0071279	undefined	undefined	liquid
22.160	25.345	167.05	0.0059862	-0.036472	-0.032259	-1.4973	16.914	27.684	914.22	-0.0071279	undefined	undefined	liquid
22.160	25.349	167.05	0.0059862	-0.036473	-0.032258	-1.4973	16.914	27.684	914.22	-0.0071279	undefined	undefined	liquid
22.160	25.353	167.05	0.0059862	-0.036473	-0.032258	-1.4973	16.914	27.684	914.22	-0.0071279	undefined	undefined	liquid
22.160	25.358	167.05	0.0059862	-0.036473	-0.032257	-1.4973	16.914	27.684	914.22	-0.0071279	undefined	undefined	liquid
22.160	25.362	167.05	0.0059862	-0.036473	-0.032257	-1.4973	16.914	27.684	914.22	-0.0071279	undefined	undefined	liquid
22.160	25.366	167.05	0.0059862	-0.036474	-0.032256	-1.4973	16.914	27.684	914.22	-0.0071280	undefined	undefined	liquid
22.160	25.370	167.05	0.0059862	-0.036474	-0.032256	-1.4973	16.914	27.684	914.22	-0.0071280	undefined	undefined	liquid
22.160	25.374	167.05	0.0059862	-0.036474	-0.032255	-1.4974	16.914	27.684	914.22	-0.0071280	undefined	undefined	liquid
22.160	25.379	167.05	0.0059862	-0.036474	-0.032255	-1.4974	16.914	27.684	914.22	-0.0071280	undefined	undefined	liquid
22.160	25.383	167.05	0.0059862	-0.036475	-0.032255	-1.4974	16.914	27.684	914.22	-0.0071280	undefined	undefined	liquid
22.160	25.387	167.05	0.0059862	-0.036475	-0.032254	-1.4974	16.914	27.684	914.22	-0.0071280	undefined	undefined	liquid
22.160	25.391	167.05	0.0059862	-0.036475	-0.032254	-1.4974	16.914	27.684	914.22	-0.0071280	undefined	undefined	liquid
22.160	25.395	167.05	0.0059862	-0.036475	-0.032253	-1.4974	16.914	27.683	914.22	-0.0071281	undefined	undefined	liquid
22.160	25.400	167.05	0.0059862	-0.036476	-0.032253	-1.4974	16.914	27.683	914.22	-0.0071281	undefined	undefined	liquid
22.160	25.404	167.05	0.0059862	-0.036476	-0.032252	-1.4974	16.914	27.683	914.23	-0.0071281	undefined	undefined	liquid
22.160	25.408	167.05	0.0059862	-0.036476	-0.032252	-1.4974	16.914	27.683	914.23	-0.0071281	undefined	undefined	liquid
22.160	25.412	167.05	0.0059862	-0.036476	-0.032251	-1.4974	16.914	27.683	914.23	-0.0071281	undefined	undefined	liquid
22.160	25.416	167.05	0.0059862	-0.036476	-0.032251	-1.4975	16.914	27.683	914.23	-0.0071281	undefined	undefined	liquid
22.160	25.421	167.05	0.0059862	-0.036477	-0.032250	-1.4975	16.914	27.683	914.23	-0.0071281	undefined	undefined	liquid
22.160	25.425	167.05	0.0059862	-0.036477	-0.032250	-1.4975	16.914	27.683	914.23	-0.0071281	undefined	undefined	liquid
22.160	25.429	167.05	0.0059862	-0.036477	-0.032249	-1.4975	16.914	27.683	914.23	-0.0071282	undefined	undefined	liquid
22.160	25.433	167.05	0.0059862	-0.036477	-0.032249	-1.4975	16.914	27.683	914.23	-0.0071282	undefined	undefined	liquid
22.160	25.437	167.05	0.0059862	-0.036478	-0.032249	-1.4975	16.914	27.683	914.23	-0.0071282	undefined	undefined	liquid
22.160	25.442	167.05	0.0059862	-0.036478	-0.032248	-1.4975	16.914	27.683	914.23	-0.0071282	undefined	undefined	liquid
22.160	25.446	167.05	0.0059862	-0.036478	-0.032248	-1.4975	16.914	27.683	914.23	-0.0071282	undefined	undefined	liquid
22.160	25.450	167.05	0.0059862	-0.036478	-0.032247	-1.4975	16.914	27.683	914.23	-0.0071282	undefined	undefined	liquid
22.160	25.454	167.05	0.0059862	-0.036479	-0.032247	-1.4976	16.914	27.683	914.23	-0.0071282	undefined	undefined	liquid
22.160	25.458	167.05	0.0059862	-0.036479	-0.032246	-1.4976	16.914	27.683	914.23	-0.0071283	undefined	undefined	liquid
22.160	25.463	167.05	0.0059862	-0.036479	-0.032246	-1.4976	16.914	27.683	914.23	-0.0071283	undefined	undefined	liquid
22.160	25.467	167.05	0.0059862	-0.036479	-0.032245	-1.4976	16.914	27.683	914.23	-0.0071283	undefined	undefined	liquid
22.160	25.471	167.05	0.0059861	-0.036480	-0.032245	-1.4976	16.914	27.683	914.23	-0.0071283	undefined	undefined	liquid
22.160	25.475	167.05	0.0059861	-0.036480	-0.032244	-1.4976	16.914	27.683	914.23	-0.0071283	undefined	undefined	liquid
22.160	25.479	167.05	0.0059861	-0.036480	-0.032244	-1.4976	16.914	27.683	914.24	-0.0071283	undefined	undefined	liquid
22.160	25.484	167.05	0.0059861	-0.036480	-0.032243	-1.4976	16.914	27.683	914.24	-0.0071283	undefined	undefined	liquid
22.160	25.488	167.05	0.0059861	-0.036481	-0.032243	-1.4976	16.914	27.683	914.24	-0.0071283	undefined	undefined	liquid
22.160	25.492	167.05	0.0059861	-0.036481	-0.032243	-1.4977	16.914	27.683	914.24	-0.0071284	undefined	undefined	liquid
22.160	25.496	167.05	0.0059861	-0.036481	-0.032242	-1.4977	16.914	27.683	914.24	-0.0071284	undefined	undefined	liquid
22.160	25.500	167.05	0.0059861	-0.036481	-0.032242	-1.4977	16.914	27.683	914.24	-0.0071284	undefined	undefined	liquid
22.160	25.505	167.05	0.0059861	-0.036481	-0.032241	-1.4977	16.914	27.683	914.24	-0.0071284	undefined	undefined	liquid
22.160	25.509	167.05	0.0059861	-0.036482	-0.032241	-1.4977	16.914	27.683	914.24	-0.0071284	undefined	undefined	liquid
22.160	25.513	167.05	0.0059861	-0.036482	-0.032240	-1.4977	16.914	27.683	914.24	-0.0071284	undefined	undefined	liquid
22.160	25.517	167.05	0.0059861	-0.036482	-0.032240	-1.4977	16.914	27.683	914.24	-0.0071284	undefined	undefined	liquid
22.160	25.521	167.05	0.0059861	-0.036482	-0.032239	-1.4977	16.914	27.683	914.24	-0.0071285	undefined	undefined	liquid
22.160	25.526	167.05	0.0059861	-0.036483	-0.032239	-1.4977	16.914	27.683	914.24	-0.0071285	undefined	undefined	liquid
22.160	25.530	167.05	0.0059861	-0.036483	-0.032238	-1.4977	16.914	27.683	914.24	-0.0071285	undefined	undefined	liquid
22.160	25.534	167.05	0.0059861	-0.036483	-0.032238	-1.4978	16.914	27.683	914.24	-0.0071285	undefined	undefined	liquid
22.160	25.538	167.05	0.0059861	-0.036483	-0.032237	-1.4978	16.914	27.683	914.24	-0.0071285	undefined	undefined	liquid
22.160	25.542	167.05	0.0059861	-0.036484	-0.032237	-1.4978	16.914	27.683	914.24	-0.0071285	undefined	undefined	liquid
22.160	25.547	167.05	0.0059861	-0.036484	-0.032237	-1.4978	16.914	27.683	914.24	-0.0071285	undefined	undefined	liquid
22.160	25.551	167.05	0.0059861	-0.036484	-0.032236	-1.4978	16.914	27.683	914.24	-0.0071285	undefined	undefined	liquid
22.160	25.555	167.05	0.0059861	-0.036484	-0.032236	-1.4978	16.914	27.683	914.24	-0.0071286	undefined	undefined	liquid
22.160	25.559	167.05	0.0059861	-0.036485	-0.032235	-1.4978	16.914	27.683	914.25	-0.0071286	undefined	undefined	liquid
22.160	25.563	167.05	0.0059861	-0.036485	-0.032235	-1.4978	16.914	27.683	914.25	-0.0071286	undefined	undefined	liquid
22.160	25.568	167.05	0.0059861	-0.036485	-0.032234	-1.4978	16.914	27.683	914.25	-0.0071286	undefined	undefined	liquid
22.160	25.572	167.05	0.0059861	-0.036485	-0.032234	-1.4979	16.914	27.683	914.25	-0.0071286	undefined	undefined	liquid
22.160	25.576	167.05	0.0059861	-0.036485	-0.032233	-1.4979	16.914	27.682	914.25	-0.0071286	undefined	undefined	liquid
22.160	25.580	167.05	0.0059861	-0.036486	-0.032233	-1.4979	16.914	27.682	914.25	-0.0071286	undefined	undefined	liquid
22.160	25.584	167.05	0.0059861	-0.036486	-0.032232	-1.4979	16.914	27.682	914.25	-0.0071287	undefined	undefined	liquid
22.160	25.589	167.05	0.0059861	-0.036486	-0.032232	-1.4979	16.914	27.682	914.25	-0.0071287	undefined	undefined	liquid
22.160	25.593	167.05	0.0059861	-0.036486	-0.032232	-1.4979	16.914	27.682	914.25	-0.0071287	undefined	undefined	liquid
22.160	25.597	167.05	0.0059861	-0.036487	-0.032231	-1.4979	16.914	27.682	914.25	-0.0071287	undefined	undefined	liquid
22.160	25.601	167.05	0.0059861	-0.036487	-0.032231	-1.4979	16.914	27.682	914.25	-0.0071287	undefined	undefined	liquid
22.160	25.605	167.05	0.0059861	-0.036487	-0.032230	-1.4979	16.914	27.682	914.25	-0.0071287	undefined	undefined	liquid
22.160	25.610	167.05	0.0059861	-0.036487	-0.032230	-1.4980	16.914	27.682	914.25	-0.0071287	undefined	undefined	liquid
22.160	25.614	167.05	0.0059861	-0.036488	-0.032229	-1.4980	16.914	27.682	914.25	-0.0071287	undefined	undefined	liquid
22.160	25.618	167.05	0.0059861	-0.036488	-0.032229	-1.4980	16.914	27.682	914.25	-0.0071288	undefined	undefined	liquid
22.160	25.622	167.05	0.0059861	-0.036488	-0.032228	-1.4980	16.914	27.682	914.25	-0.0071288	undefined	undefined	liquid
22.160	25.626	167.05	0.0059861	-0.036488	-0.032228	-1.4980	16.914	27.682	914.25	-0.0071288	undefined	undefined	liquid
22.160	25.631	167.05	0.0059861	-0.036489	-0.032227	-1.4980	16.914	27.682	914.25	-0.0071288	undefined	undefined	liquid
22.160	25.635	167.05	0.0059861	-0.036489	-0.032227	-1.4980	16.914	27.682	914.25	-0.0071288	undefined	undefined	liquid
22.160	25.639	167.05	0.0059861	-0.036489	-0.032226	-1.4980	16.914	27.682	914.26	-0.0071288	undefined	undefined	liquid
22.160	25.643	167.05	0.0059861	-0.036489	-0.032226	-1.4980	16.914	27.682	914.26	-0.0071288	undefined	undefined	liquid
22.160	25.647	167.05	0.0059861	-0.036489	-0.032226	-1.4980	16.914	27.682	914.26	-0.0071289	undefined	undefined	liquid
22.160	25.652	167.05	0.0059861	-0.036490	-0.032225	-1.4981	16.914	27.682	914.26	-0.0071289	undefined	undefined	liquid
22.160	25.656	167.05	0.0059861	-0.036490	-0.032225	-1.4981	16.914	27.682	914.26	-0.0071289	undefined	undefined	liquid
22.160	25.660	167.05	0.0059861	-0.036490	-0.032224	-1.4981	16.914	27.682	914.26	-0.0071289	undefined	undefined	liquid
22.160	25.664	167.05	0.0059861	-0.036490	-0.032224	-1.4981	16.914	27.682	914.26	-0.0071289	undefined	undefined	liquid
22.160	25.668	167.05	0.0059861	-0.036491	-0.032223	-1.4981	16.914	27.682	914.26	-0.0071289	undefined	undefined	liquid
22.160	25.673	167.06	0.0059861	-0.036491	-0.032223	-1.4981	16.914	27.682	914.26	-0.0071289	undefined	undefined	liquid
22.160	25.677	167.06	0.0059860	-0.036491	-0.032222	-1.4981	16.914	27.682	914.26	-0.0071289	undefined	undefined	liquid
22.160	25.681	167.06	0.0059860	-0.036491	-0.032222	-1.4981	16.914	27.682	914.26	-0.0071290	undefined	undefined	liquid
22.160	25.685	167.06	0.0059860	-0.036492	-0.032221	-1.4981	16.914	27.682	914.26	-0.0071290	undefined	undefined	liquid
22.160	25.689	167.06	0.0059860	-0.036492	-0.032221	-1.4982	16.914	27.682	914.26	-0.0071290	undefined	undefined	liquid
22.160	25.694	167.06	0.0059860	-0.036492	-0.032220	-1.4982	16.914	27.682	914.26	-0.0071290	undefined	undefined	liquid
22.160	25.698	167.06	0.0059860	-0.036492	-0.032220	-1.4982	16.914	27.682	914.26	-0.0071290	undefined	undefined	liquid
22.160	25.702	167.06	0.0059860	-0.036493	-0.032220	-1.4982	16.914	27.682	914.26	-0.0071290	undefined	undefined	liquid
22.160	25.706	167.06	0.0059860	-0.036493	-0.032219	-1.4982	16.914	27.682	914.26	-0.0071290	undefined	undefined	liquid
22.160	25.710	167.06	0.0059860	-0.036493	-0.032219	-1.4982	16.914	27.682	914.26	-0.0071291	undefined	undefined	liquid
22.160	25.715	167.06	0.0059860	-0.036493	-0.032218	-1.4982	16.914	27.682	914.27	-0.0071291	undefined	undefined	liquid
22.160	25.719	167.06	0.0059860	-0.036494	-0.032218	-1.4982	16.914	27.682	914.27	-0.0071291	undefined	undefined	liquid
22.160	25.723	167.06	0.0059860	-0.036494	-0.032217	-1.4982	16.914	27.682	914.27	-0.0071291	undefined	undefined	liquid
22.160	25.727	167.06	0.0059860	-0.036494	-0.032217	-1.4983	16.914	27.682	914.27	-0.0071291	undefined	undefined	liquid
22.160	25.731	167.06	0.0059860	-0.036494	-0.032216	-1.4983	16.915	27.682	914.27	-0.0071291	undefined	undefined	liquid
22.160	25.736	167.06	0.0059860	-0.036494	-0.032216	-1.4983	16.915	27.682	914.27	-0.0071291	undefined	undefined	liquid
22.160	25.740	167.06	0.0059860	-0.036495	-0.032215	-1.4983	16.915	27.682	914.27	-0.0071291	undefined	undefined	liquid
22.160	25.744	167.06	0.0059860	-0.036495	-0.032215	-1.4983	16.915	27.682	914.27	-0.0071292	undefined	undefined	liquid
22.160	25.748	167.06	0.0059860	-0.036495	-0.032214	-1.4983	16.915	27.682	914.27	-0.0071292	undefined	undefined	liquid
22.160	25.752	167.06	0.0059860	-0.036495	-0.032214	-1.4983	16.915	27.681	914.27	-0.0071292	undefined	undefined	liquid
22.160	25.757	167.06	0.0059860	-0.036496	-0.032214	-1.4983	16.915	27.681	914.27	-0.0071292	undefined	undefined	liquid
22.160	25.761	167.06	0.0059860	-0.036496	-0.032213	-1.4983	16.915	27.681	914.27	-0.0071292	undefined	undefined	liquid
22.160	25.765	167.06	0.0059860	-0.036496	-0.032213	-1.4983	16.915	27.681	914.27	-0.0071292	undefined	undefined	liquid
22.160	25.769	167.06	0.0059860	-0.036496	-0.032212	-1.4984	16.915	27.681	914.27	-0.0071292	undefined	undefined	liquid
22.160	25.773	167.06	0.0059860	-0.036497	-0.032212	-1.4984	16.915	27.681	914.27	-0.0071293	undefined	undefined	liquid
22.160	25.778	167.06	0.0059860	-0.036497	-0.032211	-1.4984	16.915	27.681	914.27	-0.0071293	undefined	undefined	liquid
22.160	25.782	167.06	0.0059860	-0.036497	-0.032211	-1.4984	16.915	27.681	914.27	-0.0071293	undefined	undefined	liquid
22.160	25.786	167.06	0.0059860	-0.036497	-0.032210	-1.4984	16.915	27.681	914.27	-0.0071293	undefined	undefined	liquid
22.160	25.790	167.06	0.0059860	-0.036498	-0.032210	-1.4984	16.915	27.681	914.27	-0.0071293	undefined	undefined	liquid
22.160	25.794	167.06	0.0059860	-0.036498	-0.032209	-1.4984	16.915	27.681	914.28	-0.0071293	undefined	undefined	liquid
22.160	25.799	167.06	0.0059860	-0.036498	-0.032209	-1.4984	16.915	27.681	914.28	-0.0071293	undefined	undefined	liquid
22.160	25.803	167.06	0.0059860	-0.036498	-0.032208	-1.4984	16.915	27.681	914.28	-0.0071293	undefined	undefined	liquid
22.160	25.807	167.06	0.0059860	-0.036498	-0.032208	-1.4985	16.915	27.681	914.28	-0.0071294	undefined	undefined	liquid
22.160	25.811	167.06	0.0059860	-0.036499	-0.032208	-1.4985	16.915	27.681	914.28	-0.0071294	undefined	undefined	liquid
22.160	25.815	167.06	0.0059860	-0.036499	-0.032207	-1.4985	16.915	27.681	914.28	-0.0071294	undefined	undefined	liquid
22.160	25.820	167.06	0.0059860	-0.036499	-0.032207	-1.4985	16.915	27.681	914.28	-0.0071294	undefined	undefined	liquid
22.160	25.824	167.06	0.0059860	-0.036499	-0.032206	-1.4985	16.915	27.681	914.28	-0.0071294	undefined	undefined	liquid
22.160	25.828	167.06	0.0059860	-0.036500	-0.032206	-1.4985	16.915	27.681	914.28	-0.0071294	undefined	undefined	liquid
22.160	25.832	167.06	0.0059860	-0.036500	-0.032205	-1.4985	16.915	27.681	914.28	-0.0071294	undefined	undefined	liquid
22.160	25.836	167.06	0.0059860	-0.036500	-0.032205	-1.4985	16.915	27.681	914.28	-0.0071295	undefined	undefined	liquid
22.160	25.841	167.06	0.0059860	-0.036500	-0.032204	-1.4985	16.915	27.681	914.28	-0.0071295	undefined	undefined	liquid
22.160	25.845	167.06	0.0059860	-0.036501	-0.032204	-1.4986	16.915	27.681	914.28	-0.0071295	undefined	undefined	liquid
22.160	25.849	167.06	0.0059860	-0.036501	-0.032203	-1.4986	16.915	27.681	914.28	-0.0071295	undefined	undefined	liquid
22.160	25.853	167.06	0.0059860	-0.036501	-0.032203	-1.4986	16.915	27.681	914.28	-0.0071295	undefined	undefined	liquid
22.160	25.857	167.06	0.0059860	-0.036501	-0.032202	-1.4986	16.915	27.681	914.28	-0.0071295	undefined	undefined	liquid
22.160	25.862	167.06	0.0059860	-0.036502	-0.032202	-1.4986	16.915	27.681	914.28	-0.0071295	undefined	undefined	liquid
22.160	25.866	167.06	0.0059860	-0.036502	-0.032202	-1.4986	16.915	27.681	914.28	-0.0071295	undefined	undefined	liquid
22.160	25.870	167.06	0.0059860	-0.036502	-0.032201	-1.4986	16.915	27.681	914.29	-0.0071296	undefined	undefined	liquid
22.160	25.874	167.06	0.0059860	-0.036502	-0.032201	-1.4986	16.915	27.681	914.29	-0.0071296	undefined	undefined	liquid
22.160	25.878	167.06	0.0059860	-0.036502	-0.032200	-1.4986	16.915	27.681	914.29	-0.0071296	undefined	undefined	liquid
22.160	25.883	167.06	0.0059860	-0.036503	-0.032200	-1.4986	16.915	27.681	914.29	-0.0071296	undefined	undefined	liquid
22.160	25.887	167.06	0.0059859	-0.036503	-0.032199	-1.4987	16.915	27.681	914.29	-0.0071296	undefined	undefined	liquid
22.160	25.891	167.06	0.0059859	-0.036503	-0.032199	-1.4987	16.915	27.681	914.29	-0.0071296	undefined	undefined	liquid
22.160	25.895	167.06	0.0059859	-0.036503	-0.032198	-1.4987	16.915	27.681	914.29	-0.0071296	undefined	undefined	liquid
22.160	25.899	167.06	0.0059859	-0.036504	-0.032198	-1.4987	16.915	27.681	914.29	-0.0071297	undefined	undefined	liquid
22.160	25.904	167.06	0.0059859	-0.036504	-0.032197	-1.4987	16.915	27.681	914.29	-0.0071297	undefined	undefined	liquid
22.160	25.908	167.06	0.0059859	-0.036504	-0.032197	-1.4987	16.915	27.681	914.29	-0.0071297	undefined	undefined	liquid
22.160	25.912	167.06	0.0059859	-0.036504	-0.032197	-1.4987	16.915	27.681	914.29	-0.0071297	undefined	undefined	liquid
22.160	25.916	167.06	0.0059859	-0.036505	-0.032196	-1.4987	16.915	27.681	914.29	-0.0071297	undefined	undefined	liquid
22.160	25.920	167.06	0.0059859	-0.036505	-0.032196	-1.4987	16.915	27.681	914.29	-0.0071297	undefined	undefined	liquid
22.160	25.925	167.06	0.0059859	-0.036505	-0.032195	-1.4988	16.915	27.681	914.29	-0.0071297	undefined	undefined	liquid
22.160	25.929	167.06	0.0059859	-0.036505	-0.032195	-1.4988	16.915	27.681	914.29	-0.0071297	undefined	undefined	liquid
22.160	25.933	167.06	0.0059859	-0.036506	-0.032194	-1.4988	16.915	27.680	914.29	-0.0071298	undefined	undefined	liquid
22.160	25.937	167.06	0.0059859	-0.036506	-0.032194	-1.4988	16.915	27.680	914.29	-0.0071298	undefined	undefined	liquid
22.160	25.941	167.06	0.0059859	-0.036506	-0.032193	-1.4988	16.915	27.680	914.29	-0.0071298	undefined	undefined	liquid
22.160	25.946	167.06	0.0059859	-0.036506	-0.032193	-1.4988	16.915	27.680	914.29	-0.0071298	undefined	undefined	liquid
22.160	25.950	167.06	0.0059859	-0.036507	-0.032192	-1.4988	16.915	27.680	914.30	-0.0071298	undefined	undefined	liquid
22.160	25.954	167.06	0.0059859	-0.036507	-0.032192	-1.4988	16.915	27.680	914.30	-0.0071298	undefined	undefined	liquid
22.160	25.958	167.06	0.0059859	-0.036507	-0.032191	-1.4988	16.915	27.680	914.30	-0.0071298	undefined	undefined	liquid
22.160	25.962	167.06	0.0059859	-0.036507	-0.032191	-1.4989	16.915	27.680	914.30	-0.0071299	undefined	undefined	liquid
22.160	25.967	167.06	0.0059859	-0.036507	-0.032191	-1.4989	16.915	27.680	914.30	-0.0071299	undefined	undefined	liquid
22.160	25.971	167.06	0.0059859	-0.036508	-0.032190	-1.4989	16.915	27.680	914.30	-0.0071299	undefined	undefined	liquid
22.160	25.975	167.06	0.0059859	-0.036508	-0.032190	-1.4989	16.915	27.680	914.30	-0.0071299	undefined	undefined	liquid
22.160	25.979	167.06	0.0059859	-0.036508	-0.032189	-1.4989	16.915	27.680	914.30	-0.0071299	undefined	undefined	liquid
22.160	25.983	167.06	0.0059859	-0.036508	-0.032189	-1.4989	16.915	27.680	914.30	-0.0071299	undefined	undefined	liquid
22.160	25.988	167.06	0.0059859	-0.036509	-0.032188	-1.4989	16.915	27.680	914.30	-0.0071299	undefined	undefined	liquid
22.160	25.992	167.06	0.0059859	-0.036509	-0.032188	-1.4989	16.915	27.680	914.30	-0.0071299	undefined	undefined	liquid
22.160	25.996	167.06	0.0059859	-0.036509	-0.032187	-1.4989	16.915	27.680	914.30	-0.0071300	undefined	undefined	liquid
22.160	26.000	167.06	0.0059859	-0.036509	-0.032187	-1.4989	16.915	27.680	914.30	-0.0071300	undefined	undefined	liquid
22.160	26.004	167.06	0.0059859	-0.036510	-0.032186	-1.4990	16.915	27.680	914.30	-0.0071300	undefined	undefined	liquid
22.160	26.009	167.06	0.0059859	-0.036510	-0.032186	-1.4990	16.915	27.680	914.30	-0.0071300	undefined	undefined	liquid
22.160	26.013	167.06	0.0059859	-0.036510	-0.032185	-1.4990	16.915	27.680	914.30	-0.0071300	undefined	undefined	liquid
22.160	26.017	167.06	0.0059859	-0.036510	-0.032185	-1.4990	16.915	27.680	914.30	-0.0071300	undefined	undefined	liquid
22.160	26.021	167.06	0.0059859	-0.036511	-0.032185	-1.4990	16.915	27.680	914.30	-0.0071300	undefined	undefined	liquid
22.160	26.025	167.06	0.0059859	-0.036511	-0.032184	-1.4990	16.915	27.680	914.30	-0.0071301	undefined	undefined	liquid
22.160	26.030	167.06	0.0059859	-0.036511	-0.032184	-1.4990	16.915	27.680	914.31	-0.0071301	undefined	undefined	liquid
22.160	26.034	167.06	0.0059859	-0.036511	-0.032183	-1.4990	16.915	27.680	914.31	-0.0071301	undefined	undefined	liquid
22.160	26.038	167.06	0.0059859	-0.036511	-0.032183	-1.4990	16.915	27.680	914.31	-0.0071301	undefined	undefined	liquid
22.160	26.042	167.06	0.0059859	-0.036512	-0.032182	-1.4991	16.915	27.680	914.31	-0.0071301	undefined	undefined	liquid
22.160	26.046	167.06	0.0059859	-0.036512	-0.032182	-1.4991	16.915	27.680	914.31	-0.0071301	undefined	undefined	liquid
22.160	26.051	167.06	0.0059859	-0.036512	-0.032181	-1.4991	16.915	27.680	914.31	-0.0071301	undefined	undefined	liquid
22.160	26.055	167.06	0.0059859	-0.036512	-0.032181	-1.4991	16.915	27.680	914.31	-0.0071302	undefined	undefined	liquid
22.160	26.059	167.06	0.0059859	-0.036513	-0.032180	-1.4991	16.915	27.680	914.31	-0.0071302	undefined	undefined	liquid
22.160	26.063	167.06	0.0059859	-0.036513	-0.032180	-1.4991	16.915	27.680	914.31	-0.0071302	undefined	undefined	liquid
22.160	26.067	167.06	0.0059859	-0.036513	-0.032179	-1.4991	16.915	27.680	914.31	-0.0071302	undefined	undefined	liquid
22.160	26.072	167.06	0.0059859	-0.036513	-0.032179	-1.4991	16.915	27.680	914.31	-0.0071302	undefined	undefined	liquid
22.160	26.076	167.06	0.0059859	-0.036514	-0.032179	-1.4991	16.915	27.680	914.31	-0.0071302	undefined	undefined	liquid
22.160	26.080	167.06	0.0059859	-0.036514	-0.032178	-1.4992	16.915	27.680	914.31	-0.0071302	undefined	undefined	liquid
22.160	26.084	167.06	0.0059859	-0.036514	-0.032178	-1.4992	16.915	27.680	914.31	-0.0071302	undefined	undefined	liquid
22.160	26.088	167.06	0.0059859	-0.036514	-0.032177	-1.4992	16.915	27.680	914.31	-0.0071303	undefined	undefined	liquid
22.160	26.093	167.06	0.0059858	-0.036515	-0.032177	-1.4992	16.915	27.680	914.31	-0.0071303	undefined	undefined	liquid
22.160	26.097	167.06	0.0059858	-0.036515	-0.032176	-1.4992	16.915	27.680	914.31	-0.0071303	undefined	undefined	liquid
22.160	26.101	167.06	0.0059858	-0.036515	-0.032176	-1.4992	16.915	27.680	914.31	-0.0071303	undefined	undefined	liquid
22.160	26.105	167.06	0.0059858	-0.036515	-0.032175	-1.4992	16.915	27.680	914.32	-0.0071303	undefined	undefined	liquid
22.160	26.109	167.06	0.0059858	-0.036515	-0.032175	-1.4992	16.915	27.679	914.32	-0.0071303	undefined	undefined	liquid
22.160	26.114	167.06	0.0059858	-0.036516	-0.032174	-1.4992	16.915	27.679	914.32	-0.0071303	undefined	undefined	liquid
22.160	26.118	167.06	0.0059858	-0.036516	-0.032174	-1.4992	16.915	27.679	914.32	-0.0071304	undefined	undefined	liquid
22.160	26.122	167.06	0.0059858	-0.036516	-0.032173	-1.4993	16.915	27.679	914.32	-0.0071304	undefined	undefined	liquid
22.160	26.126	167.06	0.0059858	-0.036516	-0.032173	-1.4993	16.915	27.679	914.32	-0.0071304	undefined	undefined	liquid
22.160	26.130	167.06	0.0059858	-0.036517	-0.032173	-1.4993	16.915	27.679	914.32	-0.0071304	undefined	undefined	liquid
22.160	26.135	167.06	0.0059858	-0.036517	-0.032172	-1.4993	16.915	27.679	914.32	-0.0071304	undefined	undefined	liquid
22.160	26.139	167.06	0.0059858	-0.036517	-0.032172	-1.4993	16.915	27.679	914.32	-0.0071304	undefined	undefined	liquid
22.160	26.143	167.06	0.0059858	-0.036517	-0.032171	-1.4993	16.915	27.679	914.32	-0.0071304	undefined	undefined	liquid
22.160	26.147	167.06	0.0059858	-0.036518	-0.032171	-1.4993	16.915	27.679	914.32	-0.0071304	undefined	undefined	liquid
22.160	26.151	167.06	0.0059858	-0.036518	-0.032170	-1.4993	16.915	27.679	914.32	-0.0071305	undefined	undefined	liquid
22.160	26.156	167.06	0.0059858	-0.036518	-0.032170	-1.4993	16.915	27.679	914.32	-0.0071305	undefined	undefined	liquid
22.160	26.160	167.06	0.0059858	-0.036518	-0.032169	-1.4994	16.915	27.679	914.32	-0.0071305	undefined	undefined	liquid
22.160	26.164	167.06	0.0059858	-0.036519	-0.032169	-1.4994	16.915	27.679	914.32	-0.0071305	undefined	undefined	liquid
22.160	26.168	167.06	0.0059858	-0.036519	-0.032168	-1.4994	16.915	27.679	914.32	-0.0071305	undefined	undefined	liquid
22.160	26.172	167.06	0.0059858	-0.036519	-0.032168	-1.4994	16.915	27.679	914.32	-0.0071305	undefined	undefined	liquid
22.160	26.177	167.06	0.0059858	-0.036519	-0.032167	-1.4994	16.915	27.679	914.32	-0.0071305	undefined	undefined	liquid
22.160	26.181	167.06	0.0059858	-0.036520	-0.032167	-1.4994	16.915	27.679	914.32	-0.0071306	undefined	undefined	liquid
22.160	26.185	167.06	0.0059858	-0.036520	-0.032167	-1.4994	16.915	27.679	914.33	-0.0071306	undefined	undefined	liquid
22.160	26.189	167.06	0.0059858	-0.036520	-0.032166	-1.4994	16.915	27.679	914.33	-0.0071306	undefined	undefined	liquid
22.160	26.193	167.06	0.0059858	-0.036520	-0.032166	-1.4994	16.915	27.679	914.33	-0.0071306	undefined	undefined	liquid
22.160	26.198	167.06	0.0059858	-0.036520	-0.032165	-1.4995	16.915	27.679	914.33	-0.0071306	undefined	undefined	liquid
22.160	26.202	167.06	0.0059858	-0.036521	-0.032165	-1.4995	16.915	27.679	914.33	-0.0071306	undefined	undefined	liquid
22.160	26.206	167.06	0.0059858	-0.036521	-0.032164	-1.4995	16.915	27.679	914.33	-0.0071306	undefined	undefined	liquid
22.160	26.210	167.06	0.0059858	-0.036521	-0.032164	-1.4995	16.915	27.679	914.33	-0.0071306	undefined	undefined	liquid
22.160	26.214	167.06	0.0059858	-0.036521	-0.032163	-1.4995	16.915	27.679	914.33	-0.0071307	undefined	undefined	liquid
22.160	26.219	167.06	0.0059858	-0.036522	-0.032163	-1.4995	16.915	27.679	914.33	-0.0071307	undefined	undefined	liquid
22.160	26.223	167.06	0.0059858	-0.036522	-0.032162	-1.4995	16.915	27.679	914.33	-0.0071307	undefined	undefined	liquid
22.160	26.227	167.06	0.0059858	-0.036522	-0.032162	-1.4995	16.915	27.679	914.33	-0.0071307	undefined	undefined	liquid
22.160	26.231	167.06	0.0059858	-0.036522	-0.032162	-1.4995	16.915	27.679	914.33	-0.0071307	undefined	undefined	liquid
22.160	26.235	167.06	0.0059858	-0.036523	-0.032161	-1.4996	16.915	27.679	914.33	-0.0071307	undefined	undefined	liquid
22.160	26.240	167.06	0.0059858	-0.036523	-0.032161	-1.4996	16.915	27.679	914.33	-0.0071307	undefined	undefined	liquid
22.160	26.244	167.06	0.0059858	-0.036523	-0.032160	-1.4996	16.915	27.679	914.33	-0.0071308	undefined	undefined	liquid
22.160	26.248	167.06	0.0059858	-0.036523	-0.032160	-1.4996	16.915	27.679	914.33	-0.0071308	undefined	undefined	liquid
22.160	26.252	167.06	0.0059858	-0.036524	-0.032159	-1.4996	16.915	27.679	914.33	-0.0071308	undefined	undefined	liquid
22.160	26.256	167.06	0.0059858	-0.036524	-0.032159	-1.4996	16.915	27.679	914.33	-0.0071308	undefined	undefined	liquid
22.160	26.261	167.06	0.0059858	-0.036524	-0.032158	-1.4996	16.915	27.679	914.34	-0.0071308	undefined	undefined	liquid
22.160	26.265	167.06	0.0059858	-0.036524	-0.032158	-1.4996	16.915	27.679	914.34	-0.0071308	undefined	undefined	liquid
22.160	26.269	167.06	0.0059858	-0.036524	-0.032157	-1.4996	16.915	27.679	914.34	-0.0071308	undefined	undefined	liquid
22.160	26.273	167.06	0.0059858	-0.036525	-0.032157	-1.4996	16.915	27.679	914.34	-0.0071308	undefined	undefined	liquid
22.160	26.277	167.06	0.0059858	-0.036525	-0.032156	-1.4997	16.915	27.679	914.34	-0.0071309	undefined	undefined	liquid
22.160	26.282	167.06	0.0059858	-0.036525	-0.032156	-1.4997	16.915	27.679	914.34	-0.0071309	undefined	undefined	liquid
22.160	26.286	167.06	0.0059858	-0.036525	-0.032156	-1.4997	16.915	27.679	914.34	-0.0071309	undefined	undefined	liquid
22.160	26.290	167.06	0.0059858	-0.036526	-0.032155	-1.4997	16.915	27.678	914.34	-0.0071309	undefined	undefined	liquid
22.160	26.294	167.06	0.0059858	-0.036526	-0.032155	-1.4997	16.915	27.678	914.34	-0.0071309	undefined	undefined	liquid
22.160	26.298	167.06	0.0059857	-0.036526	-0.032154	-1.4997	16.915	27.678	914.34	-0.0071309	undefined	undefined	liquid
22.160	26.303	167.06	0.0059857	-0.036526	-0.032154	-1.4997	16.915	27.678	914.34	-0.0071309	undefined	undefined	liquid
22.160	26.307	167.06	0.0059857	-0.036527	-0.032153	-1.4997	16.915	27.678	914.34	-0.0071310	undefined	undefined	liquid
22.160	26.311	167.06	0.0059857	-0.036527	-0.032153	-1.4997	16.915	27.678	914.34	-0.0071310	undefined	undefined	liquid
22.160	26.315	167.06	0.0059857	-0.036527	-0.032152	-1.4998	16.915	27.678	914.34	-0.0071310	undefined	undefined	liquid
22.160	26.319	167.06	0.0059857	-0.036527	-0.032152	-1.4998	16.915	27.678	914.34	-0.0071310	undefined	undefined	liquid
22.160	26.324	167.06	0.0059857	-0.036528	-0.032151	-1.4998	16.915	27.678	914.34	-0.0071310	undefined	undefined	liquid
22.160	26.328	167.06	0.0059857	-0.036528	-0.032151	-1.4998	16.915	27.678	914.34	-0.0071310	undefined	undefined	liquid
22.160	26.332	167.06	0.0059857	-0.036528	-0.032150	-1.4998	16.915	27.678	914.34	-0.0071310	undefined	undefined	liquid
22.160	26.336	167.06	0.0059857	-0.036528	-0.032150	-1.4998	16.916	27.678	914.34	-0.0071310	undefined	undefined	liquid
22.160	26.340	167.06	0.0059857	-0.036528	-0.032150	-1.4998	16.916	27.678	914.35	-0.0071311	undefined	undefined	liquid
22.160	26.345	167.06	0.0059857	-0.036529	-0.032149	-1.4998	16.916	27.678	914.35	-0.0071311	undefined	undefined	liquid
22.160	26.349	167.06	0.0059857	-0.036529	-0.032149	-1.4998	16.916	27.678	914.35	-0.0071311	undefined	undefined	liquid
22.160	26.353	167.06	0.0059857	-0.036529	-0.032148	-1.4999	16.916	27.678	914.35	-0.0071311	undefined	undefined	liquid
22.160	26.357	167.06	0.0059857	-0.036529	-0.032148	-1.4999	16.916	27.678	914.35	-0.0071311	undefined	undefined	liquid
22.160	26.361	167.06	0.0059857	-0.036530	-0.032147	-1.4999	16.916	27.678	914.35	-0.0071311	undefined	undefined	liquid
22.160	26.366	167.06	0.0059857	-0.036530	-0.032147	-1.4999	16.916	27.678	914.35	-0.0071311	undefined	undefined	liquid
22.160	26.370	167.06	0.0059857	-0.036530	-0.032146	-1.4999	16.916	27.678	914.35	-0.0071312	undefined	undefined	liquid
22.160	26.374	167.06	0.0059857	-0.036530	-0.032146	-1.4999	16.916	27.678	914.35	-0.0071312	undefined	undefined	liquid
22.160	26.378	167.06	0.0059857	-0.036531	-0.032145	-1.4999	16.916	27.678	914.35	-0.0071312	undefined	undefined	liquid
22.160	26.382	167.06	0.0059857	-0.036531	-0.032145	-1.4999	16.916	27.678	914.35	-0.0071312	undefined	undefined	liquid
22.160	26.387	167.06	0.0059857	-0.036531	-0.032144	-1.4999	16.916	27.678	914.35	-0.0071312	undefined	undefined	liquid
22.160	26.391	167.06	0.0059857	-0.036531	-0.032144	-1.4999	16.916	27.678	914.35	-0.0071312	undefined	undefined	liquid
22.160	26.395	167.06	0.0059857	-0.036532	-0.032144	-1.5000	16.916	27.678	914.35	-0.0071312	undefined	undefined	liquid
22.160	26.399	167.06	0.0059857	-0.036532	-0.032143	-1.5000	16.916	27.678	914.35	-0.0071312	undefined	undefined	liquid
22.160	26.403	167.06	0.0059857	-0.036532	-0.032143	-1.5000	16.916	27.678	914.35	-0.0071313	undefined	undefined	liquid
22.160	26.408	167.06	0.0059857	-0.036532	-0.032142	-1.5000	16.916	27.678	914.35	-0.0071313	undefined	undefined	liquid
22.160	26.412	167.06	0.0059857	-0.036532	-0.032142	-1.5000	16.916	27.678	914.35	-0.0071313	undefined	undefined	liquid
22.160	26.416	167.07	0.0059857	-0.036533	-0.032141	-1.5000	16.916	27.678	914.36	-0.0071313	undefined	undefined	liquid
22.160	26.420	167.07	0.0059857	-0.036533	-0.032141	-1.5000	16.916	27.678	914.36	-0.0071313	undefined	undefined	liquid
22.160	26.424	167.07	0.0059857	-0.036533	-0.032140	-1.5000	16.916	27.678	914.36	-0.0071313	undefined	undefined	liquid
22.160	26.429	167.07	0.0059857	-0.036533	-0.032140	-1.5000	16.916	27.678	914.36	-0.0071313	undefined	undefined	liquid
22.160	26.433	167.07	0.0059857	-0.036534	-0.032139	-1.5001	16.916	27.678	914.36	-0.0071314	undefined	undefined	liquid
22.160	26.437	167.07	0.0059857	-0.036534	-0.032139	-1.5001	16.916	27.678	914.36	-0.0071314	undefined	undefined	liquid
22.160	26.441	167.07	0.0059857	-0.036534	-0.032138	-1.5001	16.916	27.678	914.36	-0.0071314	undefined	undefined	liquid
22.160	26.445	167.07	0.0059857	-0.036534	-0.032138	-1.5001	16.916	27.678	914.36	-0.0071314	undefined	undefined	liquid
22.160	26.450	167.07	0.0059857	-0.036535	-0.032138	-1.5001	16.916	27.678	914.36	-0.0071314	undefined	undefined	liquid
22.160	26.454	167.07	0.0059857	-0.036535	-0.032137	-1.5001	16.916	27.678	914.36	-0.0071314	undefined	undefined	liquid
22.160	26.458	167.07	0.0059857	-0.036535	-0.032137	-1.5001	16.916	27.678	914.36	-0.0071314	undefined	undefined	liquid
22.160	26.462	167.07	0.0059857	-0.036535	-0.032136	-1.5001	16.916	27.678	914.36	-0.0071314	undefined	undefined	liquid
22.160	26.466	167.07	0.0059857	-0.036536	-0.032136	-1.5001	16.916	27.677	914.36	-0.0071315	undefined	undefined	liquid
22.160	26.471	167.07	0.0059857	-0.036536	-0.032135	-1.5002	16.916	27.677	914.36	-0.0071315	undefined	undefined	liquid
22.160	26.475	167.07	0.0059857	-0.036536	-0.032135	-1.5002	16.916	27.677	914.36	-0.0071315	undefined	undefined	liquid
22.160	26.479	167.07	0.0059857	-0.036536	-0.032134	-1.5002	16.916	27.677	914.36	-0.0071315	undefined	undefined	liquid
22.160	26.483	167.07	0.0059857	-0.036537	-0.032134	-1.5002	16.916	27.677	914.36	-0.0071315	undefined	undefined	liquid
22.160	26.487	167.07	0.0059857	-0.036537	-0.032133	-1.5002	16.916	27.677	914.36	-0.0071315	undefined	undefined	liquid
22.160	26.492	167.07	0.0059857	-0.036537	-0.032133	-1.5002	16.916	27.677	914.37	-0.0071315	undefined	undefined	liquid
22.160	26.496	167.07	0.0059857	-0.036537	-0.032132	-1.5002	16.916	27.677	914.37	-0.0071316	undefined	undefined	liquid
22.160	26.500	167.07	0.0059857	-0.036537	-0.032132	-1.5002	16.916	27.677	914.37	-0.0071316	undefined	undefined	liquid
22.160	26.504	167.07	0.0059856	-0.036538	-0.032132	-1.5002	16.916	27.677	914.37	-0.0071316	undefined	undefined	liquid
22.160	26.508	167.07	0.0059856	-0.036538	-0.032131	-1.5002	16.916	27.677	914.37	-0.0071316	undefined	undefined	liquid
22.160	26.513	167.07	0.0059856	-0.036538	-0.032131	-1.5003	16.916	27.677	914.37	-0.0071316	undefined	undefined	liquid
22.160	26.517	167.07	0.0059856	-0.036538	-0.032130	-1.5003	16.916	27.677	914.37	-0.0071316	undefined	undefined	liquid
22.160	26.521	167.07	0.0059856	-0.036539	-0.032130	-1.5003	16.916	27.677	914.37	-0.0071316	undefined	undefined	liquid
22.160	26.525	167.07	0.0059856	-0.036539	-0.032129	-1.5003	16.916	27.677	914.37	-0.0071316	undefined	undefined	liquid
22.160	26.529	167.07	0.0059856	-0.036539	-0.032129	-1.5003	16.916	27.677	914.37	-0.0071317	undefined	undefined	liquid
22.160	26.534	167.07	0.0059856	-0.036539	-0.032128	-1.5003	16.916	27.677	914.37	-0.0071317	undefined	undefined	liquid
22.160	26.538	167.07	0.0059856	-0.036540	-0.032128	-1.5003	16.916	27.677	914.37	-0.0071317	undefined	undefined	liquid
22.160	26.542	167.07	0.0059856	-0.036540	-0.032127	-1.5003	16.916	27.677	914.37	-0.0071317	undefined	undefined	liquid
22.160	26.546	167.07	0.0059856	-0.036540	-0.032127	-1.5003	16.916	27.677	914.37	-0.0071317	undefined	undefined	liquid
22.160	26.550	167.07	0.0059856	-0.036540	-0.032127	-1.5004	16.916	27.677	914.37	-0.0071317	undefined	undefined	liquid
22.160	26.555	167.07	0.0059856	-0.036541	-0.032126	-1.5004	16.916	27.677	914.37	-0.0071317	undefined	undefined	liquid
22.160	26.559	167.07	0.0059856	-0.036541	-0.032126	-1.5004	16.916	27.677	914.37	-0.0071318	undefined	undefined	liquid
22.160	26.563	167.07	0.0059856	-0.036541	-0.032125	-1.5004	16.916	27.677	914.37	-0.0071318	undefined	undefined	liquid
22.160	26.567	167.07	0.0059856	-0.036541	-0.032125	-1.5004	16.916	27.677	914.37	-0.0071318	undefined	undefined	liquid
22.160	26.571	167.07	0.0059856	-0.036541	-0.032124	-1.5004	16.916	27.677	914.38	-0.0071318	undefined	undefined	liquid
22.160	26.576	167.07	0.0059856	-0.036542	-0.032124	-1.5004	16.916	27.677	914.38	-0.0071318	undefined	undefined	liquid
22.160	26.580	167.07	0.0059856	-0.036542	-0.032123	-1.5004	16.916	27.677	914.38	-0.0071318	undefined	undefined	liquid
22.160	26.584	167.07	0.0059856	-0.036542	-0.032123	-1.5004	16.916	27.677	914.38	-0.0071318	undefined	undefined	liquid
22.160	26.588	167.07	0.0059856	-0.036542	-0.032122	-1.5005	16.916	27.677	914.38	-0.0071318	undefined	undefined	liquid
22.160	26.592	167.07	0.0059856	-0.036543	-0.032122	-1.5005	16.916	27.677	914.38	-0.0071319	undefined	undefined	liquid
22.160	26.597	167.07	0.0059856	-0.036543	-0.032121	-1.5005	16.916	27.677	914.38	-0.0071319	undefined	undefined	liquid
22.160	26.601	167.07	0.0059856	-0.036543	-0.032121	-1.5005	16.916	27.677	914.38	-0.0071319	undefined	undefined	liquid
22.160	26.605	167.07	0.0059856	-0.036543	-0.032121	-1.5005	16.916	27.677	914.38	-0.0071319	undefined	undefined	liquid
22.160	26.609	167.07	0.0059856	-0.036544	-0.032120	-1.5005	16.916	27.677	914.38	-0.0071319	undefined	undefined	liquid
22.160	26.613	167.07	0.0059856	-0.036544	-0.032120	-1.5005	16.916	27.677	914.38	-0.0071319	undefined	undefined	liquid
22.160	26.618	167.07	0.0059856	-0.036544	-0.032119	-1.5005	16.916	27.677	914.38	-0.0071319	undefined	undefined	liquid
22.160	26.622	167.07	0.0059856	-0.036544	-0.032119	-1.5005	16.916	27.677	914.38	-0.0071320	undefined	undefined	liquid
22.160	26.626	167.07	0.0059856	-0.036545	-0.032118	-1.5005	16.916	27.677	914.38	-0.0071320	undefined	undefined	liquid
22.160	26.630	167.07	0.0059856	-0.036545	-0.032118	-1.5006	16.916	27.677	914.38	-0.0071320	undefined	undefined	liquid
22.160	26.634	167.07	0.0059856	-0.036545	-0.032117	-1.5006	16.916	27.677	914.38	-0.0071320	undefined	undefined	liquid
22.160	26.639	167.07	0.0059856	-0.036545	-0.032117	-1.5006	16.916	27.677	914.38	-0.0071320	undefined	undefined	liquid
22.160	26.643	167.07	0.0059856	-0.036545	-0.032116	-1.5006	16.916	27.676	914.38	-0.0071320	undefined	undefined	liquid
22.160	26.647	167.07	0.0059856	-0.036546	-0.032116	-1.5006	16.916	27.676	914.39	-0.0071320	undefined	undefined	liquid
22.160	26.651	167.07	0.0059856	-0.036546	-0.032115	-1.5006	16.916	27.676	914.39	-0.0071320	undefined	undefined	liquid
22.160	26.655	167.07	0.0059856	-0.036546	-0.032115	-1.5006	16.916	27.676	914.39	-0.0071321	undefined	undefined	liquid
22.160	26.660	167.07	0.0059856	-0.036546	-0.032115	-1.5006	16.916	27.676	914.39	-0.0071321	undefined	undefined	liquid
22.160	26.664	167.07	0.0059856	-0.036547	-0.032114	-1.5006	16.916	27.676	914.39	-0.0071321	undefined	undefined	liquid
22.160	26.668	167.07	0.0059856	-0.036547	-0.032114	-1.5007	16.916	27.676	914.39	-0.0071321	undefined	undefined	liquid
22.160	26.672	167.07	0.0059856	-0.036547	-0.032113	-1.5007	16.916	27.676	914.39	-0.0071321	undefined	undefined	liquid
22.160	26.676	167.07	0.0059856	-0.036547	-0.032113	-1.5007	16.916	27.676	914.39	-0.0071321	undefined	undefined	liquid
22.160	26.681	167.07	0.0059856	-0.036548	-0.032112	-1.5007	16.916	27.676	914.39	-0.0071321	undefined	undefined	liquid
22.160	26.685	167.07	0.0059856	-0.036548	-0.032112	-1.5007	16.916	27.676	914.39	-0.0071322	undefined	undefined	liquid
22.160	26.689	167.07	0.0059856	-0.036548	-0.032111	-1.5007	16.916	27.676	914.39	-0.0071322	undefined	undefined	liquid
22.160	26.693	167.07	0.0059856	-0.036548	-0.032111	-1.5007	16.916	27.676	914.39	-0.0071322	undefined	undefined	liquid
22.160	26.697	167.07	0.0059856	-0.036549	-0.032110	-1.5007	16.916	27.676	914.39	-0.0071322	undefined	undefined	liquid
22.160	26.702	167.07	0.0059856	-0.036549	-0.032110	-1.5007	16.916	27.676	914.39	-0.0071322	undefined	undefined	liquid
22.160	26.706	167.07	0.0059856	-0.036549	-0.032109	-1.5008	16.916	27.676	914.39	-0.0071322	undefined	undefined	liquid
22.160	26.710	167.07	0.0059856	-0.036549	-0.032109	-1.5008	16.916	27.676	914.39	-0.0071322	undefined	undefined	liquid
22.160	26.714	167.07	0.0059855	-0.036549	-0.032109	-1.5008	16.916	27.676	914.39	-0.0071322	undefined	undefined	liquid
22.160	26.718	167.07	0.0059855	-0.036550	-0.032108	-1.5008	16.916	27.676	914.39	-0.0071323	undefined	undefined	liquid
22.160	26.723	167.07	0.0059855	-0.036550	-0.032108	-1.5008	16.916	27.676	914.39	-0.0071323	undefined	undefined	liquid
22.160	26.727	167.07	0.0059855	-0.036550	-0.032107	-1.5008	16.916	27.676	914.40	-0.0071323	undefined	undefined	liquid
22.160	26.731	167.07	0.0059855	-0.036550	-0.032107	-1.5008	16.916	27.676	914.40	-0.0071323	undefined	undefined	liquid
22.160	26.735	167.07	0.0059855	-0.036551	-0.032106	-1.5008	16.916	27.676	914.40	-0.0071323	undefined	undefined	liquid
22.160	26.739	167.07	0.0059855	-0.036551	-0.032106	-1.5008	16.916	27.676	914.40	-0.0071323	undefined	undefined	liquid
22.160	26.744	167.07	0.0059855	-0.036551	-0.032105	-1.5008	16.916	27.676	914.40	-0.0071323	undefined	undefined	liquid
22.160	26.748	167.07	0.0059855	-0.036551	-0.032105	-1.5009	16.916	27.676	914.40	-0.0071324	undefined	undefined	liquid
22.160	26.752	167.07	0.0059855	-0.036552	-0.032104	-1.5009	16.916	27.676	914.40	-0.0071324	undefined	undefined	liquid
22.160	26.756	167.07	0.0059855	-0.036552	-0.032104	-1.5009	16.916	27.676	914.40	-0.0071324	undefined	undefined	liquid
22.160	26.760	167.07	0.0059855	-0.036552	-0.032103	-1.5009	16.916	27.676	914.40	-0.0071324	undefined	undefined	liquid
22.160	26.765	167.07	0.0059855	-0.036552	-0.032103	-1.5009	16.916	27.676	914.40	-0.0071324	undefined	undefined	liquid
22.160	26.769	167.07	0.0059855	-0.036553	-0.032103	-1.5009	16.916	27.676	914.40	-0.0071324	undefined	undefined	liquid
22.160	26.773	167.07	0.0059855	-0.036553	-0.032102	-1.5009	16.916	27.676	914.40	-0.0071324	undefined	undefined	liquid
22.160	26.777	167.07	0.0059855	-0.036553	-0.032102	-1.5009	16.916	27.676	914.40	-0.0071325	undefined	undefined	liquid
22.160	26.781	167.07	0.0059855	-0.036553	-0.032101	-1.5009	16.916	27.676	914.40	-0.0071325	undefined	undefined	liquid
22.160	26.786	167.07	0.0059855	-0.036554	-0.032101	-1.5010	16.916	27.676	914.40	-0.0071325	undefined	undefined	liquid
22.160	26.790	167.07	0.0059855	-0.036554	-0.032100	-1.5010	16.916	27.676	914.40	-0.0071325	undefined	undefined	liquid
22.160	26.794	167.07	0.0059855	-0.036554	-0.032100	-1.5010	16.916	27.676	914.40	-0.0071325	undefined	undefined	liquid
22.160	26.798	167.07	0.0059855	-0.036554	-0.032099	-1.5010	16.916	27.676	914.40	-0.0071325	undefined	undefined	liquid
22.160	26.802	167.07	0.0059855	-0.036554	-0.032099	-1.5010	16.916	27.676	914.41	-0.0071325	undefined	undefined	liquid
22.160	26.807	167.07	0.0059855	-0.036555	-0.032098	-1.5010	16.916	27.676	914.41	-0.0071325	undefined	undefined	liquid
22.160	26.811	167.07	0.0059855	-0.036555	-0.032098	-1.5010	16.916	27.676	914.41	-0.0071326	undefined	undefined	liquid
22.160	26.815	167.07	0.0059855	-0.036555	-0.032097	-1.5010	16.916	27.676	914.41	-0.0071326	undefined	undefined	liquid
22.160	26.819	167.07	0.0059855	-0.036555	-0.032097	-1.5010	16.916	27.676	914.41	-0.0071326	undefined	undefined	liquid
22.160	26.823	167.07	0.0059855	-0.036556	-0.032097	-1.5011	16.916	27.675	914.41	-0.0071326	undefined	undefined	liquid
22.160	26.828	167.07	0.0059855	-0.036556	-0.032096	-1.5011	16.916	27.675	914.41	-0.0071326	undefined	undefined	liquid
22.160	26.832	167.07	0.0059855	-0.036556	-0.032096	-1.5011	16.916	27.675	914.41	-0.0071326	undefined	undefined	liquid
22.160	26.836	167.07	0.0059855	-0.036556	-0.032095	-1.5011	16.916	27.675	914.41	-0.0071326	undefined	undefined	liquid
22.160	26.840	167.07	0.0059855	-0.036557	-0.032095	-1.5011	16.916	27.675	914.41	-0.0071327	undefined	undefined	liquid
22.160	26.844	167.07	0.0059855	-0.036557	-0.032094	-1.5011	16.916	27.675	914.41	-0.0071327	undefined	undefined	liquid
22.160	26.849	167.07	0.0059855	-0.036557	-0.032094	-1.5011	16.916	27.675	914.41	-0.0071327	undefined	undefined	liquid
22.160	26.853	167.07	0.0059855	-0.036557	-0.032093	-1.5011	16.916	27.675	914.41	-0.0071327	undefined	undefined	liquid
22.160	26.857	167.07	0.0059855	-0.036558	-0.032093	-1.5011	16.916	27.675	914.41	-0.0071327	undefined	undefined	liquid
22.160	26.861	167.07	0.0059855	-0.036558	-0.032092	-1.5011	16.916	27.675	914.41	-0.0071327	undefined	undefined	liquid
22.160	26.865	167.07	0.0059855	-0.036558	-0.032092	-1.5012	16.916	27.675	914.41	-0.0071327	undefined	undefined	liquid
22.160	26.870	167.07	0.0059855	-0.036558	-0.032092	-1.5012	16.916	27.675	914.41	-0.0071327	undefined	undefined	liquid
22.160	26.874	167.07	0.0059855	-0.036558	-0.032091	-1.5012	16.916	27.675	914.41	-0.0071328	undefined	undefined	liquid
22.160	26.878	167.07	0.0059855	-0.036559	-0.032091	-1.5012	16.916	27.675	914.41	-0.0071328	undefined	undefined	liquid
22.160	26.882	167.07	0.0059855	-0.036559	-0.032090	-1.5012	16.916	27.675	914.42	-0.0071328	undefined	undefined	liquid
22.160	26.886	167.07	0.0059855	-0.036559	-0.032090	-1.5012	16.916	27.675	914.42	-0.0071328	undefined	undefined	liquid
22.160	26.891	167.07	0.0059855	-0.036559	-0.032089	-1.5012	16.916	27.675	914.42	-0.0071328	undefined	undefined	liquid
22.160	26.895	167.07	0.0059855	-0.036560	-0.032089	-1.5012	16.916	27.675	914.42	-0.0071328	undefined	undefined	liquid
22.160	26.899	167.07	0.0059855	-0.036560	-0.032088	-1.5012	16.916	27.675	914.42	-0.0071328	undefined	undefined	liquid
22.160	26.903	167.07	0.0059855	-0.036560	-0.032088	-1.5013	16.916	27.675	914.42	-0.0071329	undefined	undefined	liquid
22.160	26.907	167.07	0.0059855	-0.036560	-0.032087	-1.5013	16.916	27.675	914.42	-0.0071329	undefined	undefined	liquid
22.160	26.912	167.07	0.0059855	-0.036561	-0.032087	-1.5013	16.916	27.675	914.42	-0.0071329	undefined	undefined	liquid
22.160	26.916	167.07	0.0059855	-0.036561	-0.032086	-1.5013	16.916	27.675	914.42	-0.0071329	undefined	undefined	liquid
22.160	26.920	167.07	0.0059854	-0.036561	-0.032086	-1.5013	16.916	27.675	914.42	-0.0071329	undefined	undefined	liquid
