Temperature (K)	Pressure (psia)	Density (kg/m3)	Volume (m3/kg)	Internal Energy (kJ/mol)	Enthalpy (kJ/mol)	Entropy (J/mol*K)	Cv (J/mol*K)	Cp (J/mol*K)	Sound Spd. (m/s)	Joule-Thomson (F/psia)	Viscosity (uPa*s)	Therm. Cond. (W/m*K)	Phase
22.230	24.400	166.86	0.0059931	-0.034479	-0.030418	-1.4073	17.001	27.859	911.22	-0.0070561	undefined	undefined	liquid
22.230	24.404	166.86	0.0059931	-0.034480	-0.030418	-1.4073	17.001	27.859	911.22	-0.0070561	undefined	undefined	liquid
22.230	24.408	166.86	0.0059931	-0.034480	-0.030417	-1.4073	17.001	27.859	911.22	-0.0070561	undefined	undefined	liquid
22.230	24.413	166.86	0.0059931	-0.034480	-0.030417	-1.4073	17.001	27.859	911.22	-0.0070561	undefined	undefined	liquid
22.230	24.417	166.86	0.0059931	-0.034480	-0.030416	-1.4073	17.001	27.859	911.22	-0.0070561	undefined	undefined	liquid
22.230	24.421	166.86	0.0059931	-0.034481	-0.030416	-1.4073	17.001	27.859	911.22	-0.0070562	undefined	undefined	liquid
22.230	24.425	166.86	0.0059931	-0.034481	-0.030415	-1.4073	17.001	27.859	911.22	-0.0070562	undefined	undefined	liquid
22.230	24.429	166.86	0.0059931	-0.034481	-0.030415	-1.4073	17.001	27.859	911.22	-0.0070562	undefined	undefined	liquid
22.230	24.434	166.86	0.0059931	-0.034481	-0.030414	-1.4074	17.001	27.859	911.22	-0.0070562	undefined	undefined	liquid
22.230	24.438	166.86	0.0059931	-0.034482	-0.030414	-1.4074	17.001	27.859	911.22	-0.0070562	undefined	undefined	liquid
22.230	24.442	166.86	0.0059931	-0.034482	-0.030413	-1.4074	17.001	27.859	911.22	-0.0070562	undefined	undefined	liquid
22.230	24.446	166.86	0.0059931	-0.034482	-0.030413	-1.4074	17.001	27.859	911.22	-0.0070562	undefined	undefined	liquid
22.230	24.450	166.86	0.0059931	-0.034482	-0.030413	-1.4074	17.001	27.859	911.22	-0.0070562	undefined	undefined	liquid
22.230	24.455	166.86	0.0059931	-0.034483	-0.030412	-1.4074	17.001	27.859	911.22	-0.0070563	undefined	undefined	liquid
22.230	24.459	166.86	0.0059931	-0.034483	-0.030412	-1.4074	17.001	27.859	911.22	-0.0070563	undefined	undefined	liquid
22.230	24.463	166.86	0.0059931	-0.034483	-0.030411	-1.4074	17.001	27.859	911.22	-0.0070563	undefined	undefined	liquid
22.230	24.467	166.86	0.0059931	-0.034483	-0.030411	-1.4074	17.001	27.859	911.22	-0.0070563	undefined	undefined	liquid
22.230	24.471	166.86	0.0059931	-0.034484	-0.030410	-1.4074	17.001	27.859	911.23	-0.0070563	undefined	undefined	liquid
22.230	24.476	166.86	0.0059931	-0.034484	-0.030410	-1.4075	17.001	27.859	911.23	-0.0070563	undefined	undefined	liquid
22.230	24.480	166.86	0.0059931	-0.034484	-0.030409	-1.4075	17.001	27.859	911.23	-0.0070563	undefined	undefined	liquid
22.230	24.484	166.86	0.0059931	-0.034484	-0.030409	-1.4075	17.001	27.858	911.23	-0.0070564	undefined	undefined	liquid
22.230	24.488	166.86	0.0059931	-0.034484	-0.030408	-1.4075	17.001	27.858	911.23	-0.0070564	undefined	undefined	liquid
22.230	24.492	166.86	0.0059931	-0.034485	-0.030408	-1.4075	17.001	27.858	911.23	-0.0070564	undefined	undefined	liquid
22.230	24.497	166.86	0.0059931	-0.034485	-0.030408	-1.4075	17.001	27.858	911.23	-0.0070564	undefined	undefined	liquid
22.230	24.501	166.86	0.0059931	-0.034485	-0.030407	-1.4075	17.001	27.858	911.23	-0.0070564	undefined	undefined	liquid
22.230	24.505	166.86	0.0059931	-0.034485	-0.030407	-1.4075	17.001	27.858	911.23	-0.0070564	undefined	undefined	liquid
22.230	24.509	166.86	0.0059931	-0.034486	-0.030406	-1.4075	17.001	27.858	911.23	-0.0070564	undefined	undefined	liquid
22.230	24.513	166.86	0.0059931	-0.034486	-0.030406	-1.4076	17.001	27.858	911.23	-0.0070564	undefined	undefined	liquid
22.230	24.518	166.86	0.0059931	-0.034486	-0.030405	-1.4076	17.001	27.858	911.23	-0.0070565	undefined	undefined	liquid
22.230	24.522	166.86	0.0059931	-0.034486	-0.030405	-1.4076	17.001	27.858	911.23	-0.0070565	undefined	undefined	liquid
22.230	24.526	166.86	0.0059931	-0.034487	-0.030404	-1.4076	17.001	27.858	911.23	-0.0070565	undefined	undefined	liquid
22.230	24.530	166.86	0.0059931	-0.034487	-0.030404	-1.4076	17.001	27.858	911.23	-0.0070565	undefined	undefined	liquid
22.230	24.534	166.86	0.0059931	-0.034487	-0.030403	-1.4076	17.001	27.858	911.23	-0.0070565	undefined	undefined	liquid
22.230	24.539	166.86	0.0059931	-0.034487	-0.030403	-1.4076	17.001	27.858	911.23	-0.0070565	undefined	undefined	liquid
22.230	24.543	166.86	0.0059931	-0.034488	-0.030402	-1.4076	17.001	27.858	911.23	-0.0070565	undefined	undefined	liquid
22.230	24.547	166.86	0.0059931	-0.034488	-0.030402	-1.4076	17.001	27.858	911.23	-0.0070566	undefined	undefined	liquid
22.230	24.551	166.86	0.0059931	-0.034488	-0.030402	-1.4077	17.001	27.858	911.24	-0.0070566	undefined	undefined	liquid
22.230	24.555	166.86	0.0059931	-0.034488	-0.030401	-1.4077	17.001	27.858	911.24	-0.0070566	undefined	undefined	liquid
22.230	24.560	166.86	0.0059931	-0.034489	-0.030401	-1.4077	17.001	27.858	911.24	-0.0070566	undefined	undefined	liquid
22.230	24.564	166.86	0.0059931	-0.034489	-0.030400	-1.4077	17.001	27.858	911.24	-0.0070566	undefined	undefined	liquid
22.230	24.568	166.86	0.0059931	-0.034489	-0.030400	-1.4077	17.001	27.858	911.24	-0.0070566	undefined	undefined	liquid
22.230	24.572	166.86	0.0059931	-0.034489	-0.030399	-1.4077	17.001	27.858	911.24	-0.0070566	undefined	undefined	liquid
22.230	24.576	166.86	0.0059930	-0.034489	-0.030399	-1.4077	17.001	27.858	911.24	-0.0070566	undefined	undefined	liquid
22.230	24.581	166.86	0.0059930	-0.034490	-0.030398	-1.4077	17.001	27.858	911.24	-0.0070567	undefined	undefined	liquid
22.230	24.585	166.86	0.0059930	-0.034490	-0.030398	-1.4077	17.001	27.858	911.24	-0.0070567	undefined	undefined	liquid
22.230	24.589	166.86	0.0059930	-0.034490	-0.030397	-1.4078	17.001	27.858	911.24	-0.0070567	undefined	undefined	liquid
22.230	24.593	166.86	0.0059930	-0.034490	-0.030397	-1.4078	17.001	27.858	911.24	-0.0070567	undefined	undefined	liquid
22.230	24.597	166.86	0.0059930	-0.034491	-0.030397	-1.4078	17.001	27.858	911.24	-0.0070567	undefined	undefined	liquid
22.230	24.602	166.86	0.0059930	-0.034491	-0.030396	-1.4078	17.001	27.858	911.24	-0.0070567	undefined	undefined	liquid
22.230	24.606	166.86	0.0059930	-0.034491	-0.030396	-1.4078	17.001	27.858	911.24	-0.0070567	undefined	undefined	liquid
22.230	24.610	166.86	0.0059930	-0.034491	-0.030395	-1.4078	17.001	27.858	911.24	-0.0070568	undefined	undefined	liquid
22.230	24.614	166.86	0.0059930	-0.034492	-0.030395	-1.4078	17.001	27.858	911.24	-0.0070568	undefined	undefined	liquid
22.230	24.618	166.86	0.0059930	-0.034492	-0.030394	-1.4078	17.001	27.858	911.24	-0.0070568	undefined	undefined	liquid
22.230	24.623	166.86	0.0059930	-0.034492	-0.030394	-1.4078	17.001	27.858	911.24	-0.0070568	undefined	undefined	liquid
22.230	24.627	166.86	0.0059930	-0.034492	-0.030393	-1.4078	17.001	27.858	911.24	-0.0070568	undefined	undefined	liquid
22.230	24.631	166.86	0.0059930	-0.034493	-0.030393	-1.4079	17.001	27.858	911.25	-0.0070568	undefined	undefined	liquid
22.230	24.635	166.86	0.0059930	-0.034493	-0.030392	-1.4079	17.001	27.858	911.25	-0.0070568	undefined	undefined	liquid
22.230	24.639	166.86	0.0059930	-0.034493	-0.030392	-1.4079	17.001	27.858	911.25	-0.0070568	undefined	undefined	liquid
22.230	24.644	166.86	0.0059930	-0.034493	-0.030391	-1.4079	17.001	27.858	911.25	-0.0070569	undefined	undefined	liquid
22.230	24.648	166.86	0.0059930	-0.034494	-0.030391	-1.4079	17.001	27.858	911.25	-0.0070569	undefined	undefined	liquid
22.230	24.652	166.86	0.0059930	-0.034494	-0.030391	-1.4079	17.001	27.858	911.25	-0.0070569	undefined	undefined	liquid
22.230	24.656	166.86	0.0059930	-0.034494	-0.030390	-1.4079	17.001	27.858	911.25	-0.0070569	undefined	undefined	liquid
22.230	24.660	166.86	0.0059930	-0.034494	-0.030390	-1.4079	17.001	27.858	911.25	-0.0070569	undefined	undefined	liquid
22.230	24.665	166.86	0.0059930	-0.034495	-0.030389	-1.4079	17.001	27.857	911.25	-0.0070569	undefined	undefined	liquid
22.230	24.669	166.86	0.0059930	-0.034495	-0.030389	-1.4080	17.001	27.857	911.25	-0.0070569	undefined	undefined	liquid
22.230	24.673	166.86	0.0059930	-0.034495	-0.030388	-1.4080	17.001	27.857	911.25	-0.0070569	undefined	undefined	liquid
22.230	24.677	166.86	0.0059930	-0.034495	-0.030388	-1.4080	17.001	27.857	911.25	-0.0070570	undefined	undefined	liquid
22.230	24.681	166.86	0.0059930	-0.034495	-0.030387	-1.4080	17.001	27.857	911.25	-0.0070570	undefined	undefined	liquid
22.230	24.686	166.86	0.0059930	-0.034496	-0.030387	-1.4080	17.001	27.857	911.25	-0.0070570	undefined	undefined	liquid
22.230	24.690	166.86	0.0059930	-0.034496	-0.030386	-1.4080	17.001	27.857	911.25	-0.0070570	undefined	undefined	liquid
22.230	24.694	166.86	0.0059930	-0.034496	-0.030386	-1.4080	17.001	27.857	911.25	-0.0070570	undefined	undefined	liquid
22.230	24.698	166.86	0.0059930	-0.034496	-0.030385	-1.4080	17.001	27.857	911.25	-0.0070570	undefined	undefined	liquid
22.230	24.702	166.86	0.0059930	-0.034497	-0.030385	-1.4080	17.001	27.857	911.25	-0.0070570	undefined	undefined	liquid
22.230	24.707	166.86	0.0059930	-0.034497	-0.030385	-1.4081	17.001	27.857	911.25	-0.0070571	undefined	undefined	liquid
22.230	24.711	166.86	0.0059930	-0.034497	-0.030384	-1.4081	17.001	27.857	911.26	-0.0070571	undefined	undefined	liquid
22.230	24.715	166.86	0.0059930	-0.034497	-0.030384	-1.4081	17.001	27.857	911.26	-0.0070571	undefined	undefined	liquid
22.230	24.719	166.86	0.0059930	-0.034498	-0.030383	-1.4081	17.001	27.857	911.26	-0.0070571	undefined	undefined	liquid
22.230	24.723	166.86	0.0059930	-0.034498	-0.030383	-1.4081	17.001	27.857	911.26	-0.0070571	undefined	undefined	liquid
22.230	24.728	166.86	0.0059930	-0.034498	-0.030382	-1.4081	17.001	27.857	911.26	-0.0070571	undefined	undefined	liquid
22.230	24.732	166.86	0.0059930	-0.034498	-0.030382	-1.4081	17.001	27.857	911.26	-0.0070571	undefined	undefined	liquid
22.230	24.736	166.86	0.0059930	-0.034499	-0.030381	-1.4081	17.001	27.857	911.26	-0.0070571	undefined	undefined	liquid
22.230	24.740	166.86	0.0059930	-0.034499	-0.030381	-1.4081	17.001	27.857	911.26	-0.0070572	undefined	undefined	liquid
22.230	24.744	166.86	0.0059930	-0.034499	-0.030380	-1.4082	17.001	27.857	911.26	-0.0070572	undefined	undefined	liquid
22.230	24.749	166.86	0.0059930	-0.034499	-0.030380	-1.4082	17.001	27.857	911.26	-0.0070572	undefined	undefined	liquid
22.230	24.753	166.86	0.0059930	-0.034500	-0.030380	-1.4082	17.001	27.857	911.26	-0.0070572	undefined	undefined	liquid
22.230	24.757	166.86	0.0059930	-0.034500	-0.030379	-1.4082	17.001	27.857	911.26	-0.0070572	undefined	undefined	liquid
22.230	24.761	166.86	0.0059930	-0.034500	-0.030379	-1.4082	17.001	27.857	911.26	-0.0070572	undefined	undefined	liquid
22.230	24.765	166.86	0.0059930	-0.034500	-0.030378	-1.4082	17.001	27.857	911.26	-0.0070572	undefined	undefined	liquid
22.230	24.770	166.86	0.0059930	-0.034500	-0.030378	-1.4082	17.001	27.857	911.26	-0.0070573	undefined	undefined	liquid
22.230	24.774	166.86	0.0059930	-0.034501	-0.030377	-1.4082	17.001	27.857	911.26	-0.0070573	undefined	undefined	liquid
22.230	24.778	166.86	0.0059930	-0.034501	-0.030377	-1.4082	17.001	27.857	911.26	-0.0070573	undefined	undefined	liquid
22.230	24.782	166.86	0.0059929	-0.034501	-0.030376	-1.4082	17.001	27.857	911.26	-0.0070573	undefined	undefined	liquid
22.230	24.786	166.86	0.0059929	-0.034501	-0.030376	-1.4083	17.001	27.857	911.26	-0.0070573	undefined	undefined	liquid
22.230	24.791	166.86	0.0059929	-0.034502	-0.030375	-1.4083	17.001	27.857	911.27	-0.0070573	undefined	undefined	liquid
22.230	24.795	166.86	0.0059929	-0.034502	-0.030375	-1.4083	17.001	27.857	911.27	-0.0070573	undefined	undefined	liquid
22.230	24.799	166.86	0.0059929	-0.034502	-0.030374	-1.4083	17.001	27.857	911.27	-0.0070573	undefined	undefined	liquid
22.230	24.803	166.86	0.0059929	-0.034502	-0.030374	-1.4083	17.001	27.857	911.27	-0.0070574	undefined	undefined	liquid
22.230	24.807	166.86	0.0059929	-0.034503	-0.030374	-1.4083	17.001	27.857	911.27	-0.0070574	undefined	undefined	liquid
22.230	24.812	166.86	0.0059929	-0.034503	-0.030373	-1.4083	17.001	27.857	911.27	-0.0070574	undefined	undefined	liquid
22.230	24.816	166.86	0.0059929	-0.034503	-0.030373	-1.4083	17.001	27.857	911.27	-0.0070574	undefined	undefined	liquid
22.230	24.820	166.86	0.0059929	-0.034503	-0.030372	-1.4083	17.001	27.857	911.27	-0.0070574	undefined	undefined	liquid
22.230	24.824	166.86	0.0059929	-0.034504	-0.030372	-1.4084	17.001	27.857	911.27	-0.0070574	undefined	undefined	liquid
22.230	24.828	166.86	0.0059929	-0.034504	-0.030371	-1.4084	17.001	27.857	911.27	-0.0070574	undefined	undefined	liquid
22.230	24.833	166.86	0.0059929	-0.034504	-0.030371	-1.4084	17.001	27.857	911.27	-0.0070575	undefined	undefined	liquid
22.230	24.837	166.86	0.0059929	-0.034504	-0.030370	-1.4084	17.001	27.857	911.27	-0.0070575	undefined	undefined	liquid
22.230	24.841	166.86	0.0059929	-0.034505	-0.030370	-1.4084	17.001	27.856	911.27	-0.0070575	undefined	undefined	liquid
22.230	24.845	166.86	0.0059929	-0.034505	-0.030369	-1.4084	17.001	27.856	911.27	-0.0070575	undefined	undefined	liquid
22.230	24.849	166.86	0.0059929	-0.034505	-0.030369	-1.4084	17.001	27.856	911.27	-0.0070575	undefined	undefined	liquid
22.230	24.854	166.86	0.0059929	-0.034505	-0.030369	-1.4084	17.001	27.856	911.27	-0.0070575	undefined	undefined	liquid
22.230	24.858	166.86	0.0059929	-0.034505	-0.030368	-1.4084	17.001	27.856	911.27	-0.0070575	undefined	undefined	liquid
22.230	24.862	166.86	0.0059929	-0.034506	-0.030368	-1.4085	17.001	27.856	911.27	-0.0070575	undefined	undefined	liquid
22.230	24.866	166.86	0.0059929	-0.034506	-0.030367	-1.4085	17.001	27.856	911.27	-0.0070576	undefined	undefined	liquid
22.230	24.870	166.86	0.0059929	-0.034506	-0.030367	-1.4085	17.001	27.856	911.28	-0.0070576	undefined	undefined	liquid
22.230	24.875	166.86	0.0059929	-0.034506	-0.030366	-1.4085	17.001	27.856	911.28	-0.0070576	undefined	undefined	liquid
22.230	24.879	166.86	0.0059929	-0.034507	-0.030366	-1.4085	17.001	27.856	911.28	-0.0070576	undefined	undefined	liquid
22.230	24.883	166.86	0.0059929	-0.034507	-0.030365	-1.4085	17.001	27.856	911.28	-0.0070576	undefined	undefined	liquid
22.230	24.887	166.86	0.0059929	-0.034507	-0.030365	-1.4085	17.001	27.856	911.28	-0.0070576	undefined	undefined	liquid
22.230	24.891	166.86	0.0059929	-0.034507	-0.030364	-1.4085	17.001	27.856	911.28	-0.0070576	undefined	undefined	liquid
22.230	24.896	166.86	0.0059929	-0.034508	-0.030364	-1.4085	17.001	27.856	911.28	-0.0070576	undefined	undefined	liquid
22.230	24.900	166.86	0.0059929	-0.034508	-0.030363	-1.4086	17.001	27.856	911.28	-0.0070577	undefined	undefined	liquid
22.230	24.904	166.86	0.0059929	-0.034508	-0.030363	-1.4086	17.001	27.856	911.28	-0.0070577	undefined	undefined	liquid
22.230	24.908	166.86	0.0059929	-0.034508	-0.030363	-1.4086	17.001	27.856	911.28	-0.0070577	undefined	undefined	liquid
22.230	24.912	166.86	0.0059929	-0.034509	-0.030362	-1.4086	17.001	27.856	911.28	-0.0070577	undefined	undefined	liquid
22.230	24.917	166.86	0.0059929	-0.034509	-0.030362	-1.4086	17.001	27.856	911.28	-0.0070577	undefined	undefined	liquid
22.230	24.921	166.86	0.0059929	-0.034509	-0.030361	-1.4086	17.001	27.856	911.28	-0.0070577	undefined	undefined	liquid
22.230	24.925	166.86	0.0059929	-0.034509	-0.030361	-1.4086	17.001	27.856	911.28	-0.0070577	undefined	undefined	liquid
22.230	24.929	166.86	0.0059929	-0.034510	-0.030360	-1.4086	17.001	27.856	911.28	-0.0070578	undefined	undefined	liquid
22.230	24.933	166.86	0.0059929	-0.034510	-0.030360	-1.4086	17.001	27.856	911.28	-0.0070578	undefined	undefined	liquid
22.230	24.938	166.86	0.0059929	-0.034510	-0.030359	-1.4086	17.001	27.856	911.28	-0.0070578	undefined	undefined	liquid
22.230	24.942	166.86	0.0059929	-0.034510	-0.030359	-1.4087	17.001	27.856	911.28	-0.0070578	undefined	undefined	liquid
22.230	24.946	166.86	0.0059929	-0.034511	-0.030358	-1.4087	17.001	27.856	911.28	-0.0070578	undefined	undefined	liquid
22.230	24.950	166.87	0.0059929	-0.034511	-0.030358	-1.4087	17.001	27.856	911.29	-0.0070578	undefined	undefined	liquid
22.230	24.954	166.87	0.0059929	-0.034511	-0.030358	-1.4087	17.001	27.856	911.29	-0.0070578	undefined	undefined	liquid
22.230	24.959	166.87	0.0059929	-0.034511	-0.030357	-1.4087	17.001	27.856	911.29	-0.0070578	undefined	undefined	liquid
22.230	24.963	166.87	0.0059929	-0.034511	-0.030357	-1.4087	17.001	27.856	911.29	-0.0070579	undefined	undefined	liquid
22.230	24.967	166.87	0.0059929	-0.034512	-0.030356	-1.4087	17.001	27.856	911.29	-0.0070579	undefined	undefined	liquid
22.230	24.971	166.87	0.0059929	-0.034512	-0.030356	-1.4087	17.001	27.856	911.29	-0.0070579	undefined	undefined	liquid
22.230	24.975	166.87	0.0059929	-0.034512	-0.030355	-1.4087	17.001	27.856	911.29	-0.0070579	undefined	undefined	liquid
22.230	24.980	166.87	0.0059929	-0.034512	-0.030355	-1.4088	17.002	27.856	911.29	-0.0070579	undefined	undefined	liquid
22.230	24.984	166.87	0.0059929	-0.034513	-0.030354	-1.4088	17.002	27.856	911.29	-0.0070579	undefined	undefined	liquid
22.230	24.988	166.87	0.0059928	-0.034513	-0.030354	-1.4088	17.002	27.856	911.29	-0.0070579	undefined	undefined	liquid
22.230	24.992	166.87	0.0059928	-0.034513	-0.030353	-1.4088	17.002	27.856	911.29	-0.0070580	undefined	undefined	liquid
22.230	24.996	166.87	0.0059928	-0.034513	-0.030353	-1.4088	17.002	27.856	911.29	-0.0070580	undefined	undefined	liquid
22.230	25.001	166.87	0.0059928	-0.034514	-0.030352	-1.4088	17.002	27.856	911.29	-0.0070580	undefined	undefined	liquid
22.230	25.005	166.87	0.0059928	-0.034514	-0.030352	-1.4088	17.002	27.856	911.29	-0.0070580	undefined	undefined	liquid
22.230	25.009	166.87	0.0059928	-0.034514	-0.030352	-1.4088	17.002	27.856	911.29	-0.0070580	undefined	undefined	liquid
22.230	25.013	166.87	0.0059928	-0.034514	-0.030351	-1.4088	17.002	27.856	911.29	-0.0070580	undefined	undefined	liquid
22.230	25.017	166.87	0.0059928	-0.034515	-0.030351	-1.4089	17.002	27.856	911.29	-0.0070580	undefined	undefined	liquid
22.230	25.022	166.87	0.0059928	-0.034515	-0.030350	-1.4089	17.002	27.855	911.29	-0.0070580	undefined	undefined	liquid
22.230	25.026	166.87	0.0059928	-0.034515	-0.030350	-1.4089	17.002	27.855	911.29	-0.0070581	undefined	undefined	liquid
22.230	25.030	166.87	0.0059928	-0.034515	-0.030349	-1.4089	17.002	27.855	911.30	-0.0070581	undefined	undefined	liquid
22.230	25.034	166.87	0.0059928	-0.034516	-0.030349	-1.4089	17.002	27.855	911.30	-0.0070581	undefined	undefined	liquid
22.230	25.038	166.87	0.0059928	-0.034516	-0.030348	-1.4089	17.002	27.855	911.30	-0.0070581	undefined	undefined	liquid
22.230	25.043	166.87	0.0059928	-0.034516	-0.030348	-1.4089	17.002	27.855	911.30	-0.0070581	undefined	undefined	liquid
22.230	25.047	166.87	0.0059928	-0.034516	-0.030347	-1.4089	17.002	27.855	911.30	-0.0070581	undefined	undefined	liquid
22.230	25.051	166.87	0.0059928	-0.034516	-0.030347	-1.4089	17.002	27.855	911.30	-0.0070581	undefined	undefined	liquid
22.230	25.055	166.87	0.0059928	-0.034517	-0.030347	-1.4090	17.002	27.855	911.30	-0.0070581	undefined	undefined	liquid
22.230	25.059	166.87	0.0059928	-0.034517	-0.030346	-1.4090	17.002	27.855	911.30	-0.0070582	undefined	undefined	liquid
22.230	25.064	166.87	0.0059928	-0.034517	-0.030346	-1.4090	17.002	27.855	911.30	-0.0070582	undefined	undefined	liquid
22.230	25.068	166.87	0.0059928	-0.034517	-0.030345	-1.4090	17.002	27.855	911.30	-0.0070582	undefined	undefined	liquid
22.230	25.072	166.87	0.0059928	-0.034518	-0.030345	-1.4090	17.002	27.855	911.30	-0.0070582	undefined	undefined	liquid
22.230	25.076	166.87	0.0059928	-0.034518	-0.030344	-1.4090	17.002	27.855	911.30	-0.0070582	undefined	undefined	liquid
22.230	25.080	166.87	0.0059928	-0.034518	-0.030344	-1.4090	17.002	27.855	911.30	-0.0070582	undefined	undefined	liquid
22.230	25.085	166.87	0.0059928	-0.034518	-0.030343	-1.4090	17.002	27.855	911.30	-0.0070582	undefined	undefined	liquid
22.230	25.089	166.87	0.0059928	-0.034519	-0.030343	-1.4090	17.002	27.855	911.30	-0.0070583	undefined	undefined	liquid
22.230	25.093	166.87	0.0059928	-0.034519	-0.030342	-1.4090	17.002	27.855	911.30	-0.0070583	undefined	undefined	liquid
22.230	25.097	166.87	0.0059928	-0.034519	-0.030342	-1.4091	17.002	27.855	911.30	-0.0070583	undefined	undefined	liquid
22.230	25.101	166.87	0.0059928	-0.034519	-0.030341	-1.4091	17.002	27.855	911.30	-0.0070583	undefined	undefined	liquid
22.230	25.106	166.87	0.0059928	-0.034520	-0.030341	-1.4091	17.002	27.855	911.30	-0.0070583	undefined	undefined	liquid
22.230	25.110	166.87	0.0059928	-0.034520	-0.030341	-1.4091	17.002	27.855	911.31	-0.0070583	undefined	undefined	liquid
22.230	25.114	166.87	0.0059928	-0.034520	-0.030340	-1.4091	17.002	27.855	911.31	-0.0070583	undefined	undefined	liquid
22.230	25.118	166.87	0.0059928	-0.034520	-0.030340	-1.4091	17.002	27.855	911.31	-0.0070583	undefined	undefined	liquid
22.230	25.122	166.87	0.0059928	-0.034521	-0.030339	-1.4091	17.002	27.855	911.31	-0.0070584	undefined	undefined	liquid
22.230	25.127	166.87	0.0059928	-0.034521	-0.030339	-1.4091	17.002	27.855	911.31	-0.0070584	undefined	undefined	liquid
22.230	25.131	166.87	0.0059928	-0.034521	-0.030338	-1.4091	17.002	27.855	911.31	-0.0070584	undefined	undefined	liquid
22.230	25.135	166.87	0.0059928	-0.034521	-0.030338	-1.4092	17.002	27.855	911.31	-0.0070584	undefined	undefined	liquid
22.230	25.139	166.87	0.0059928	-0.034522	-0.030337	-1.4092	17.002	27.855	911.31	-0.0070584	undefined	undefined	liquid
22.230	25.143	166.87	0.0059928	-0.034522	-0.030337	-1.4092	17.002	27.855	911.31	-0.0070584	undefined	undefined	liquid
22.230	25.148	166.87	0.0059928	-0.034522	-0.030336	-1.4092	17.002	27.855	911.31	-0.0070584	undefined	undefined	liquid
22.230	25.152	166.87	0.0059928	-0.034522	-0.030336	-1.4092	17.002	27.855	911.31	-0.0070585	undefined	undefined	liquid
22.230	25.156	166.87	0.0059928	-0.034522	-0.030335	-1.4092	17.002	27.855	911.31	-0.0070585	undefined	undefined	liquid
22.230	25.160	166.87	0.0059928	-0.034523	-0.030335	-1.4092	17.002	27.855	911.31	-0.0070585	undefined	undefined	liquid
22.230	25.164	166.87	0.0059928	-0.034523	-0.030335	-1.4092	17.002	27.855	911.31	-0.0070585	undefined	undefined	liquid
22.230	25.169	166.87	0.0059928	-0.034523	-0.030334	-1.4092	17.002	27.855	911.31	-0.0070585	undefined	undefined	liquid
22.230	25.173	166.87	0.0059928	-0.034523	-0.030334	-1.4093	17.002	27.855	911.31	-0.0070585	undefined	undefined	liquid
22.230	25.177	166.87	0.0059928	-0.034524	-0.030333	-1.4093	17.002	27.855	911.31	-0.0070585	undefined	undefined	liquid
22.230	25.181	166.87	0.0059928	-0.034524	-0.030333	-1.4093	17.002	27.855	911.31	-0.0070585	undefined	undefined	liquid
22.230	25.185	166.87	0.0059928	-0.034524	-0.030332	-1.4093	17.002	27.855	911.31	-0.0070586	undefined	undefined	liquid
22.230	25.190	166.87	0.0059927	-0.034524	-0.030332	-1.4093	17.002	27.855	911.32	-0.0070586	undefined	undefined	liquid
22.230	25.194	166.87	0.0059927	-0.034525	-0.030331	-1.4093	17.002	27.855	911.32	-0.0070586	undefined	undefined	liquid
22.230	25.198	166.87	0.0059927	-0.034525	-0.030331	-1.4093	17.002	27.854	911.32	-0.0070586	undefined	undefined	liquid
22.230	25.202	166.87	0.0059927	-0.034525	-0.030330	-1.4093	17.002	27.854	911.32	-0.0070586	undefined	undefined	liquid
22.230	25.206	166.87	0.0059927	-0.034525	-0.030330	-1.4093	17.002	27.854	911.32	-0.0070586	undefined	undefined	liquid
22.230	25.211	166.87	0.0059927	-0.034526	-0.030330	-1.4094	17.002	27.854	911.32	-0.0070586	undefined	undefined	liquid
22.230	25.215	166.87	0.0059927	-0.034526	-0.030329	-1.4094	17.002	27.854	911.32	-0.0070587	undefined	undefined	liquid
22.230	25.219	166.87	0.0059927	-0.034526	-0.030329	-1.4094	17.002	27.854	911.32	-0.0070587	undefined	undefined	liquid
22.230	25.223	166.87	0.0059927	-0.034526	-0.030328	-1.4094	17.002	27.854	911.32	-0.0070587	undefined	undefined	liquid
22.230	25.227	166.87	0.0059927	-0.034527	-0.030328	-1.4094	17.002	27.854	911.32	-0.0070587	undefined	undefined	liquid
22.230	25.232	166.87	0.0059927	-0.034527	-0.030327	-1.4094	17.002	27.854	911.32	-0.0070587	undefined	undefined	liquid
22.230	25.236	166.87	0.0059927	-0.034527	-0.030327	-1.4094	17.002	27.854	911.32	-0.0070587	undefined	undefined	liquid
22.230	25.240	166.87	0.0059927	-0.034527	-0.030326	-1.4094	17.002	27.854	911.32	-0.0070587	undefined	undefined	liquid
22.230	25.244	166.87	0.0059927	-0.034527	-0.030326	-1.4094	17.002	27.854	911.32	-0.0070587	undefined	undefined	liquid
22.230	25.248	166.87	0.0059927	-0.034528	-0.030325	-1.4094	17.002	27.854	911.32	-0.0070588	undefined	undefined	liquid
22.230	25.253	166.87	0.0059927	-0.034528	-0.030325	-1.4095	17.002	27.854	911.32	-0.0070588	undefined	undefined	liquid
22.230	25.257	166.87	0.0059927	-0.034528	-0.030324	-1.4095	17.002	27.854	911.32	-0.0070588	undefined	undefined	liquid
22.230	25.261	166.87	0.0059927	-0.034528	-0.030324	-1.4095	17.002	27.854	911.32	-0.0070588	undefined	undefined	liquid
22.230	25.265	166.87	0.0059927	-0.034529	-0.030324	-1.4095	17.002	27.854	911.32	-0.0070588	undefined	undefined	liquid
22.230	25.269	166.87	0.0059927	-0.034529	-0.030323	-1.4095	17.002	27.854	911.33	-0.0070588	undefined	undefined	liquid
22.230	25.274	166.87	0.0059927	-0.034529	-0.030323	-1.4095	17.002	27.854	911.33	-0.0070588	undefined	undefined	liquid
22.230	25.278	166.87	0.0059927	-0.034529	-0.030322	-1.4095	17.002	27.854	911.33	-0.0070588	undefined	undefined	liquid
22.230	25.282	166.87	0.0059927	-0.034530	-0.030322	-1.4095	17.002	27.854	911.33	-0.0070589	undefined	undefined	liquid
22.230	25.286	166.87	0.0059927	-0.034530	-0.030321	-1.4095	17.002	27.854	911.33	-0.0070589	undefined	undefined	liquid
22.230	25.290	166.87	0.0059927	-0.034530	-0.030321	-1.4096	17.002	27.854	911.33	-0.0070589	undefined	undefined	liquid
22.230	25.295	166.87	0.0059927	-0.034530	-0.030320	-1.4096	17.002	27.854	911.33	-0.0070589	undefined	undefined	liquid
22.230	25.299	166.87	0.0059927	-0.034531	-0.030320	-1.4096	17.002	27.854	911.33	-0.0070589	undefined	undefined	liquid
22.230	25.303	166.87	0.0059927	-0.034531	-0.030319	-1.4096	17.002	27.854	911.33	-0.0070589	undefined	undefined	liquid
22.230	25.307	166.87	0.0059927	-0.034531	-0.030319	-1.4096	17.002	27.854	911.33	-0.0070589	undefined	undefined	liquid
22.230	25.311	166.87	0.0059927	-0.034531	-0.030319	-1.4096	17.002	27.854	911.33	-0.0070590	undefined	undefined	liquid
22.230	25.316	166.87	0.0059927	-0.034532	-0.030318	-1.4096	17.002	27.854	911.33	-0.0070590	undefined	undefined	liquid
22.230	25.320	166.87	0.0059927	-0.034532	-0.030318	-1.4096	17.002	27.854	911.33	-0.0070590	undefined	undefined	liquid
22.230	25.324	166.87	0.0059927	-0.034532	-0.030317	-1.4096	17.002	27.854	911.33	-0.0070590	undefined	undefined	liquid
22.230	25.328	166.87	0.0059927	-0.034532	-0.030317	-1.4097	17.002	27.854	911.33	-0.0070590	undefined	undefined	liquid
22.230	25.332	166.87	0.0059927	-0.034532	-0.030316	-1.4097	17.002	27.854	911.33	-0.0070590	undefined	undefined	liquid
22.230	25.337	166.87	0.0059927	-0.034533	-0.030316	-1.4097	17.002	27.854	911.33	-0.0070590	undefined	undefined	liquid
22.230	25.341	166.87	0.0059927	-0.034533	-0.030315	-1.4097	17.002	27.854	911.33	-0.0070590	undefined	undefined	liquid
22.230	25.345	166.87	0.0059927	-0.034533	-0.030315	-1.4097	17.002	27.854	911.33	-0.0070591	undefined	undefined	liquid
22.230	25.349	166.87	0.0059927	-0.034533	-0.030314	-1.4097	17.002	27.854	911.34	-0.0070591	undefined	undefined	liquid
22.230	25.353	166.87	0.0059927	-0.034534	-0.030314	-1.4097	17.002	27.854	911.34	-0.0070591	undefined	undefined	liquid
22.230	25.358	166.87	0.0059927	-0.034534	-0.030313	-1.4097	17.002	27.854	911.34	-0.0070591	undefined	undefined	liquid
22.230	25.362	166.87	0.0059927	-0.034534	-0.030313	-1.4097	17.002	27.854	911.34	-0.0070591	undefined	undefined	liquid
22.230	25.366	166.87	0.0059927	-0.034534	-0.030313	-1.4098	17.002	27.854	911.34	-0.0070591	undefined	undefined	liquid
22.230	25.370	166.87	0.0059927	-0.034535	-0.030312	-1.4098	17.002	27.854	911.34	-0.0070591	undefined	undefined	liquid
22.230	25.374	166.87	0.0059927	-0.034535	-0.030312	-1.4098	17.002	27.854	911.34	-0.0070592	undefined	undefined	liquid
22.230	25.379	166.87	0.0059927	-0.034535	-0.030311	-1.4098	17.002	27.853	911.34	-0.0070592	undefined	undefined	liquid
22.230	25.383	166.87	0.0059927	-0.034535	-0.030311	-1.4098	17.002	27.853	911.34	-0.0070592	undefined	undefined	liquid
22.230	25.387	166.87	0.0059927	-0.034536	-0.030310	-1.4098	17.002	27.853	911.34	-0.0070592	undefined	undefined	liquid
22.230	25.391	166.87	0.0059927	-0.034536	-0.030310	-1.4098	17.002	27.853	911.34	-0.0070592	undefined	undefined	liquid
22.230	25.395	166.87	0.0059926	-0.034536	-0.030309	-1.4098	17.002	27.853	911.34	-0.0070592	undefined	undefined	liquid
22.230	25.400	166.87	0.0059926	-0.034536	-0.030309	-1.4098	17.002	27.853	911.34	-0.0070592	undefined	undefined	liquid
22.230	25.404	166.87	0.0059926	-0.034537	-0.030308	-1.4098	17.002	27.853	911.34	-0.0070592	undefined	undefined	liquid
22.230	25.408	166.87	0.0059926	-0.034537	-0.030308	-1.4099	17.002	27.853	911.34	-0.0070593	undefined	undefined	liquid
22.230	25.412	166.87	0.0059926	-0.034537	-0.030308	-1.4099	17.002	27.853	911.34	-0.0070593	undefined	undefined	liquid
22.230	25.416	166.87	0.0059926	-0.034537	-0.030307	-1.4099	17.002	27.853	911.34	-0.0070593	undefined	undefined	liquid
22.230	25.421	166.87	0.0059926	-0.034538	-0.030307	-1.4099	17.002	27.853	911.34	-0.0070593	undefined	undefined	liquid
22.230	25.425	166.87	0.0059926	-0.034538	-0.030306	-1.4099	17.002	27.853	911.34	-0.0070593	undefined	undefined	liquid
22.230	25.429	166.87	0.0059926	-0.034538	-0.030306	-1.4099	17.002	27.853	911.35	-0.0070593	undefined	undefined	liquid
22.230	25.433	166.87	0.0059926	-0.034538	-0.030305	-1.4099	17.002	27.853	911.35	-0.0070593	undefined	undefined	liquid
22.230	25.437	166.87	0.0059926	-0.034538	-0.030305	-1.4099	17.002	27.853	911.35	-0.0070594	undefined	undefined	liquid
22.230	25.442	166.87	0.0059926	-0.034539	-0.030304	-1.4099	17.002	27.853	911.35	-0.0070594	undefined	undefined	liquid
22.230	25.446	166.87	0.0059926	-0.034539	-0.030304	-1.4100	17.002	27.853	911.35	-0.0070594	undefined	undefined	liquid
22.230	25.450	166.87	0.0059926	-0.034539	-0.030303	-1.4100	17.002	27.853	911.35	-0.0070594	undefined	undefined	liquid
22.230	25.454	166.87	0.0059926	-0.034539	-0.030303	-1.4100	17.002	27.853	911.35	-0.0070594	undefined	undefined	liquid
22.230	25.458	166.87	0.0059926	-0.034540	-0.030302	-1.4100	17.002	27.853	911.35	-0.0070594	undefined	undefined	liquid
22.230	25.463	166.87	0.0059926	-0.034540	-0.030302	-1.4100	17.002	27.853	911.35	-0.0070594	undefined	undefined	liquid
22.230	25.467	166.87	0.0059926	-0.034540	-0.030302	-1.4100	17.002	27.853	911.35	-0.0070594	undefined	undefined	liquid
22.230	25.471	166.87	0.0059926	-0.034540	-0.030301	-1.4100	17.002	27.853	911.35	-0.0070595	undefined	undefined	liquid
22.230	25.475	166.87	0.0059926	-0.034541	-0.030301	-1.4100	17.002	27.853	911.35	-0.0070595	undefined	undefined	liquid
22.230	25.479	166.87	0.0059926	-0.034541	-0.030300	-1.4100	17.002	27.853	911.35	-0.0070595	undefined	undefined	liquid
22.230	25.484	166.87	0.0059926	-0.034541	-0.030300	-1.4101	17.002	27.853	911.35	-0.0070595	undefined	undefined	liquid
22.230	25.488	166.87	0.0059926	-0.034541	-0.030299	-1.4101	17.002	27.853	911.35	-0.0070595	undefined	undefined	liquid
22.230	25.492	166.87	0.0059926	-0.034542	-0.030299	-1.4101	17.002	27.853	911.35	-0.0070595	undefined	undefined	liquid
22.230	25.496	166.87	0.0059926	-0.034542	-0.030298	-1.4101	17.002	27.853	911.35	-0.0070595	undefined	undefined	liquid
22.230	25.500	166.87	0.0059926	-0.034542	-0.030298	-1.4101	17.002	27.853	911.35	-0.0070595	undefined	undefined	liquid
22.230	25.505	166.87	0.0059926	-0.034542	-0.030297	-1.4101	17.002	27.853	911.35	-0.0070596	undefined	undefined	liquid
22.230	25.509	166.87	0.0059926	-0.034543	-0.030297	-1.4101	17.002	27.853	911.36	-0.0070596	undefined	undefined	liquid
22.230	25.513	166.87	0.0059926	-0.034543	-0.030296	-1.4101	17.002	27.853	911.36	-0.0070596	undefined	undefined	liquid
22.230	25.517	166.87	0.0059926	-0.034543	-0.030296	-1.4101	17.002	27.853	911.36	-0.0070596	undefined	undefined	liquid
22.230	25.521	166.87	0.0059926	-0.034543	-0.030296	-1.4102	17.002	27.853	911.36	-0.0070596	undefined	undefined	liquid
22.230	25.526	166.87	0.0059926	-0.034543	-0.030295	-1.4102	17.002	27.853	911.36	-0.0070596	undefined	undefined	liquid
22.230	25.530	166.87	0.0059926	-0.034544	-0.030295	-1.4102	17.002	27.853	911.36	-0.0070596	undefined	undefined	liquid
22.230	25.534	166.87	0.0059926	-0.034544	-0.030294	-1.4102	17.002	27.853	911.36	-0.0070597	undefined	undefined	liquid
22.230	25.538	166.87	0.0059926	-0.034544	-0.030294	-1.4102	17.002	27.853	911.36	-0.0070597	undefined	undefined	liquid
22.230	25.542	166.87	0.0059926	-0.034544	-0.030293	-1.4102	17.002	27.853	911.36	-0.0070597	undefined	undefined	liquid
22.230	25.547	166.87	0.0059926	-0.034545	-0.030293	-1.4102	17.002	27.853	911.36	-0.0070597	undefined	undefined	liquid
22.230	25.551	166.87	0.0059926	-0.034545	-0.030292	-1.4102	17.002	27.853	911.36	-0.0070597	undefined	undefined	liquid
22.230	25.555	166.87	0.0059926	-0.034545	-0.030292	-1.4102	17.002	27.852	911.36	-0.0070597	undefined	undefined	liquid
22.230	25.559	166.87	0.0059926	-0.034545	-0.030291	-1.4102	17.002	27.852	911.36	-0.0070597	undefined	undefined	liquid
22.230	25.563	166.87	0.0059926	-0.034546	-0.030291	-1.4103	17.002	27.852	911.36	-0.0070597	undefined	undefined	liquid
22.230	25.568	166.87	0.0059926	-0.034546	-0.030291	-1.4103	17.002	27.852	911.36	-0.0070598	undefined	undefined	liquid
22.230	25.572	166.87	0.0059926	-0.034546	-0.030290	-1.4103	17.002	27.852	911.36	-0.0070598	undefined	undefined	liquid
22.230	25.576	166.87	0.0059926	-0.034546	-0.030290	-1.4103	17.002	27.852	911.36	-0.0070598	undefined	undefined	liquid
22.230	25.580	166.87	0.0059926	-0.034547	-0.030289	-1.4103	17.003	27.852	911.36	-0.0070598	undefined	undefined	liquid
22.230	25.584	166.87	0.0059926	-0.034547	-0.030289	-1.4103	17.003	27.852	911.36	-0.0070598	undefined	undefined	liquid
22.230	25.589	166.87	0.0059926	-0.034547	-0.030288	-1.4103	17.003	27.852	911.37	-0.0070598	undefined	undefined	liquid
22.230	25.593	166.87	0.0059926	-0.034547	-0.030288	-1.4103	17.003	27.852	911.37	-0.0070598	undefined	undefined	liquid
22.230	25.597	166.87	0.0059926	-0.034548	-0.030287	-1.4103	17.003	27.852	911.37	-0.0070599	undefined	undefined	liquid
22.230	25.601	166.87	0.0059925	-0.034548	-0.030287	-1.4104	17.003	27.852	911.37	-0.0070599	undefined	undefined	liquid
22.230	25.605	166.87	0.0059925	-0.034548	-0.030286	-1.4104	17.003	27.852	911.37	-0.0070599	undefined	undefined	liquid
22.230	25.610	166.87	0.0059925	-0.034548	-0.030286	-1.4104	17.003	27.852	911.37	-0.0070599	undefined	undefined	liquid
22.230	25.614	166.87	0.0059925	-0.034548	-0.030285	-1.4104	17.003	27.852	911.37	-0.0070599	undefined	undefined	liquid
22.230	25.618	166.87	0.0059925	-0.034549	-0.030285	-1.4104	17.003	27.852	911.37	-0.0070599	undefined	undefined	liquid
22.230	25.622	166.87	0.0059925	-0.034549	-0.030285	-1.4104	17.003	27.852	911.37	-0.0070599	undefined	undefined	liquid
22.230	25.626	166.87	0.0059925	-0.034549	-0.030284	-1.4104	17.003	27.852	911.37	-0.0070599	undefined	undefined	liquid
22.230	25.631	166.87	0.0059925	-0.034549	-0.030284	-1.4104	17.003	27.852	911.37	-0.0070600	undefined	undefined	liquid
22.230	25.635	166.87	0.0059925	-0.034550	-0.030283	-1.4104	17.003	27.852	911.37	-0.0070600	undefined	undefined	liquid
22.230	25.639	166.87	0.0059925	-0.034550	-0.030283	-1.4105	17.003	27.852	911.37	-0.0070600	undefined	undefined	liquid
22.230	25.643	166.87	0.0059925	-0.034550	-0.030282	-1.4105	17.003	27.852	911.37	-0.0070600	undefined	undefined	liquid
22.230	25.647	166.87	0.0059925	-0.034550	-0.030282	-1.4105	17.003	27.852	911.37	-0.0070600	undefined	undefined	liquid
22.230	25.652	166.87	0.0059925	-0.034551	-0.030281	-1.4105	17.003	27.852	911.37	-0.0070600	undefined	undefined	liquid
22.230	25.656	166.87	0.0059925	-0.034551	-0.030281	-1.4105	17.003	27.852	911.37	-0.0070600	undefined	undefined	liquid
22.230	25.660	166.87	0.0059925	-0.034551	-0.030280	-1.4105	17.003	27.852	911.37	-0.0070600	undefined	undefined	liquid
22.230	25.664	166.87	0.0059925	-0.034551	-0.030280	-1.4105	17.003	27.852	911.37	-0.0070601	undefined	undefined	liquid
22.230	25.668	166.87	0.0059925	-0.034552	-0.030280	-1.4105	17.003	27.852	911.38	-0.0070601	undefined	undefined	liquid
22.230	25.673	166.87	0.0059925	-0.034552	-0.030279	-1.4105	17.003	27.852	911.38	-0.0070601	undefined	undefined	liquid
22.230	25.677	166.87	0.0059925	-0.034552	-0.030279	-1.4106	17.003	27.852	911.38	-0.0070601	undefined	undefined	liquid
22.230	25.681	166.87	0.0059925	-0.034552	-0.030278	-1.4106	17.003	27.852	911.38	-0.0070601	undefined	undefined	liquid
22.230	25.685	166.88	0.0059925	-0.034553	-0.030278	-1.4106	17.003	27.852	911.38	-0.0070601	undefined	undefined	liquid
22.230	25.689	166.88	0.0059925	-0.034553	-0.030277	-1.4106	17.003	27.852	911.38	-0.0070601	undefined	undefined	liquid
22.230	25.694	166.88	0.0059925	-0.034553	-0.030277	-1.4106	17.003	27.852	911.38	-0.0070602	undefined	undefined	liquid
22.230	25.698	166.88	0.0059925	-0.034553	-0.030276	-1.4106	17.003	27.852	911.38	-0.0070602	undefined	undefined	liquid
22.230	25.702	166.88	0.0059925	-0.034553	-0.030276	-1.4106	17.003	27.852	911.38	-0.0070602	undefined	undefined	liquid
22.230	25.706	166.88	0.0059925	-0.034554	-0.030275	-1.4106	17.003	27.852	911.38	-0.0070602	undefined	undefined	liquid
22.230	25.710	166.88	0.0059925	-0.034554	-0.030275	-1.4106	17.003	27.852	911.38	-0.0070602	undefined	undefined	liquid
22.230	25.715	166.88	0.0059925	-0.034554	-0.030274	-1.4106	17.003	27.852	911.38	-0.0070602	undefined	undefined	liquid
22.230	25.719	166.88	0.0059925	-0.034554	-0.030274	-1.4107	17.003	27.852	911.38	-0.0070602	undefined	undefined	liquid
22.230	25.723	166.88	0.0059925	-0.034555	-0.030274	-1.4107	17.003	27.852	911.38	-0.0070602	undefined	undefined	liquid
22.230	25.727	166.88	0.0059925	-0.034555	-0.030273	-1.4107	17.003	27.852	911.38	-0.0070603	undefined	undefined	liquid
22.230	25.731	166.88	0.0059925	-0.034555	-0.030273	-1.4107	17.003	27.852	911.38	-0.0070603	undefined	undefined	liquid
22.230	25.736	166.88	0.0059925	-0.034555	-0.030272	-1.4107	17.003	27.851	911.38	-0.0070603	undefined	undefined	liquid
22.230	25.740	166.88	0.0059925	-0.034556	-0.030272	-1.4107	17.003	27.851	911.38	-0.0070603	undefined	undefined	liquid
22.230	25.744	166.88	0.0059925	-0.034556	-0.030271	-1.4107	17.003	27.851	911.38	-0.0070603	undefined	undefined	liquid
22.230	25.748	166.88	0.0059925	-0.034556	-0.030271	-1.4107	17.003	27.851	911.39	-0.0070603	undefined	undefined	liquid
22.230	25.752	166.88	0.0059925	-0.034556	-0.030270	-1.4107	17.003	27.851	911.39	-0.0070603	undefined	undefined	liquid
22.230	25.757	166.88	0.0059925	-0.034557	-0.030270	-1.4108	17.003	27.851	911.39	-0.0070604	undefined	undefined	liquid
22.230	25.761	166.88	0.0059925	-0.034557	-0.030269	-1.4108	17.003	27.851	911.39	-0.0070604	undefined	undefined	liquid
22.230	25.765	166.88	0.0059925	-0.034557	-0.030269	-1.4108	17.003	27.851	911.39	-0.0070604	undefined	undefined	liquid
22.230	25.769	166.88	0.0059925	-0.034557	-0.030269	-1.4108	17.003	27.851	911.39	-0.0070604	undefined	undefined	liquid
22.230	25.773	166.88	0.0059925	-0.034558	-0.030268	-1.4108	17.003	27.851	911.39	-0.0070604	undefined	undefined	liquid
22.230	25.778	166.88	0.0059925	-0.034558	-0.030268	-1.4108	17.003	27.851	911.39	-0.0070604	undefined	undefined	liquid
22.230	25.782	166.88	0.0059925	-0.034558	-0.030267	-1.4108	17.003	27.851	911.39	-0.0070604	undefined	undefined	liquid
22.230	25.786	166.88	0.0059925	-0.034558	-0.030267	-1.4108	17.003	27.851	911.39	-0.0070604	undefined	undefined	liquid
22.230	25.790	166.88	0.0059925	-0.034559	-0.030266	-1.4108	17.003	27.851	911.39	-0.0070605	undefined	undefined	liquid
22.230	25.794	166.88	0.0059925	-0.034559	-0.030266	-1.4109	17.003	27.851	911.39	-0.0070605	undefined	undefined	liquid
22.230	25.799	166.88	0.0059925	-0.034559	-0.030265	-1.4109	17.003	27.851	911.39	-0.0070605	undefined	undefined	liquid
22.230	25.803	166.88	0.0059925	-0.034559	-0.030265	-1.4109	17.003	27.851	911.39	-0.0070605	undefined	undefined	liquid
22.230	25.807	166.88	0.0059924	-0.034559	-0.030264	-1.4109	17.003	27.851	911.39	-0.0070605	undefined	undefined	liquid
22.230	25.811	166.88	0.0059924	-0.034560	-0.030264	-1.4109	17.003	27.851	911.39	-0.0070605	undefined	undefined	liquid
22.230	25.815	166.88	0.0059924	-0.034560	-0.030263	-1.4109	17.003	27.851	911.39	-0.0070605	undefined	undefined	liquid
22.230	25.820	166.88	0.0059924	-0.034560	-0.030263	-1.4109	17.003	27.851	911.39	-0.0070606	undefined	undefined	liquid
22.230	25.824	166.88	0.0059924	-0.034560	-0.030263	-1.4109	17.003	27.851	911.39	-0.0070606	undefined	undefined	liquid
22.230	25.828	166.88	0.0059924	-0.034561	-0.030262	-1.4109	17.003	27.851	911.40	-0.0070606	undefined	undefined	liquid
22.230	25.832	166.88	0.0059924	-0.034561	-0.030262	-1.4109	17.003	27.851	911.40	-0.0070606	undefined	undefined	liquid
22.230	25.836	166.88	0.0059924	-0.034561	-0.030261	-1.4110	17.003	27.851	911.40	-0.0070606	undefined	undefined	liquid
22.230	25.841	166.88	0.0059924	-0.034561	-0.030261	-1.4110	17.003	27.851	911.40	-0.0070606	undefined	undefined	liquid
22.230	25.845	166.88	0.0059924	-0.034562	-0.030260	-1.4110	17.003	27.851	911.40	-0.0070606	undefined	undefined	liquid
22.230	25.849	166.88	0.0059924	-0.034562	-0.030260	-1.4110	17.003	27.851	911.40	-0.0070606	undefined	undefined	liquid
22.230	25.853	166.88	0.0059924	-0.034562	-0.030259	-1.4110	17.003	27.851	911.40	-0.0070607	undefined	undefined	liquid
22.230	25.857	166.88	0.0059924	-0.034562	-0.030259	-1.4110	17.003	27.851	911.40	-0.0070607	undefined	undefined	liquid
22.230	25.862	166.88	0.0059924	-0.034563	-0.030258	-1.4110	17.003	27.851	911.40	-0.0070607	undefined	undefined	liquid
22.230	25.866	166.88	0.0059924	-0.034563	-0.030258	-1.4110	17.003	27.851	911.40	-0.0070607	undefined	undefined	liquid
22.230	25.870	166.88	0.0059924	-0.034563	-0.030257	-1.4110	17.003	27.851	911.40	-0.0070607	undefined	undefined	liquid
22.230	25.874	166.88	0.0059924	-0.034563	-0.030257	-1.4111	17.003	27.851	911.40	-0.0070607	undefined	undefined	liquid
22.230	25.878	166.88	0.0059924	-0.034564	-0.030257	-1.4111	17.003	27.851	911.40	-0.0070607	undefined	undefined	liquid
22.230	25.883	166.88	0.0059924	-0.034564	-0.030256	-1.4111	17.003	27.851	911.40	-0.0070607	undefined	undefined	liquid
22.230	25.887	166.88	0.0059924	-0.034564	-0.030256	-1.4111	17.003	27.851	911.40	-0.0070608	undefined	undefined	liquid
22.230	25.891	166.88	0.0059924	-0.034564	-0.030255	-1.4111	17.003	27.851	911.40	-0.0070608	undefined	undefined	liquid
22.230	25.895	166.88	0.0059924	-0.034564	-0.030255	-1.4111	17.003	27.851	911.40	-0.0070608	undefined	undefined	liquid
22.230	25.899	166.88	0.0059924	-0.034565	-0.030254	-1.4111	17.003	27.851	911.40	-0.0070608	undefined	undefined	liquid
22.230	25.904	166.88	0.0059924	-0.034565	-0.030254	-1.4111	17.003	27.851	911.40	-0.0070608	undefined	undefined	liquid
22.230	25.908	166.88	0.0059924	-0.034565	-0.030253	-1.4111	17.003	27.851	911.41	-0.0070608	undefined	undefined	liquid
22.230	25.912	166.88	0.0059924	-0.034565	-0.030253	-1.4112	17.003	27.850	911.41	-0.0070608	undefined	undefined	liquid
22.230	25.916	166.88	0.0059924	-0.034566	-0.030252	-1.4112	17.003	27.850	911.41	-0.0070609	undefined	undefined	liquid
22.230	25.920	166.88	0.0059924	-0.034566	-0.030252	-1.4112	17.003	27.850	911.41	-0.0070609	undefined	undefined	liquid
22.230	25.925	166.88	0.0059924	-0.034566	-0.030252	-1.4112	17.003	27.850	911.41	-0.0070609	undefined	undefined	liquid
22.230	25.929	166.88	0.0059924	-0.034566	-0.030251	-1.4112	17.003	27.850	911.41	-0.0070609	undefined	undefined	liquid
22.230	25.933	166.88	0.0059924	-0.034567	-0.030251	-1.4112	17.003	27.850	911.41	-0.0070609	undefined	undefined	liquid
22.230	25.937	166.88	0.0059924	-0.034567	-0.030250	-1.4112	17.003	27.850	911.41	-0.0070609	undefined	undefined	liquid
22.230	25.941	166.88	0.0059924	-0.034567	-0.030250	-1.4112	17.003	27.850	911.41	-0.0070609	undefined	undefined	liquid
22.230	25.946	166.88	0.0059924	-0.034567	-0.030249	-1.4112	17.003	27.850	911.41	-0.0070609	undefined	undefined	liquid
22.230	25.950	166.88	0.0059924	-0.034568	-0.030249	-1.4113	17.003	27.850	911.41	-0.0070610	undefined	undefined	liquid
22.230	25.954	166.88	0.0059924	-0.034568	-0.030248	-1.4113	17.003	27.850	911.41	-0.0070610	undefined	undefined	liquid
22.230	25.958	166.88	0.0059924	-0.034568	-0.030248	-1.4113	17.003	27.850	911.41	-0.0070610	undefined	undefined	liquid
22.230	25.962	166.88	0.0059924	-0.034568	-0.030247	-1.4113	17.003	27.850	911.41	-0.0070610	undefined	undefined	liquid
22.230	25.967	166.88	0.0059924	-0.034569	-0.030247	-1.4113	17.003	27.850	911.41	-0.0070610	undefined	undefined	liquid
22.230	25.971	166.88	0.0059924	-0.034569	-0.030246	-1.4113	17.003	27.850	911.41	-0.0070610	undefined	undefined	liquid
22.230	25.975	166.88	0.0059924	-0.034569	-0.030246	-1.4113	17.003	27.850	911.41	-0.0070610	undefined	undefined	liquid
22.230	25.979	166.88	0.0059924	-0.034569	-0.030246	-1.4113	17.003	27.850	911.41	-0.0070611	undefined	undefined	liquid
22.230	25.983	166.88	0.0059924	-0.034569	-0.030245	-1.4113	17.003	27.850	911.41	-0.0070611	undefined	undefined	liquid
22.230	25.988	166.88	0.0059924	-0.034570	-0.030245	-1.4113	17.003	27.850	911.42	-0.0070611	undefined	undefined	liquid
22.230	25.992	166.88	0.0059924	-0.034570	-0.030244	-1.4114	17.003	27.850	911.42	-0.0070611	undefined	undefined	liquid
22.230	25.996	166.88	0.0059924	-0.034570	-0.030244	-1.4114	17.003	27.850	911.42	-0.0070611	undefined	undefined	liquid
22.230	26.000	166.88	0.0059924	-0.034570	-0.030243	-1.4114	17.003	27.850	911.42	-0.0070611	undefined	undefined	liquid
22.230	26.004	166.88	0.0059924	-0.034571	-0.030243	-1.4114	17.003	27.850	911.42	-0.0070611	undefined	undefined	liquid
22.230	26.009	166.88	0.0059923	-0.034571	-0.030242	-1.4114	17.003	27.850	911.42	-0.0070611	undefined	undefined	liquid
22.230	26.013	166.88	0.0059923	-0.034571	-0.030242	-1.4114	17.003	27.850	911.42	-0.0070612	undefined	undefined	liquid
22.230	26.017	166.88	0.0059923	-0.034571	-0.030241	-1.4114	17.003	27.850	911.42	-0.0070612	undefined	undefined	liquid
22.230	26.021	166.88	0.0059923	-0.034572	-0.030241	-1.4114	17.003	27.850	911.42	-0.0070612	undefined	undefined	liquid
22.230	26.025	166.88	0.0059923	-0.034572	-0.030241	-1.4114	17.003	27.850	911.42	-0.0070612	undefined	undefined	liquid
22.230	26.030	166.88	0.0059923	-0.034572	-0.030240	-1.4115	17.003	27.850	911.42	-0.0070612	undefined	undefined	liquid
22.230	26.034	166.88	0.0059923	-0.034572	-0.030240	-1.4115	17.003	27.850	911.42	-0.0070612	undefined	undefined	liquid
22.230	26.038	166.88	0.0059923	-0.034573	-0.030239	-1.4115	17.003	27.850	911.42	-0.0070612	undefined	undefined	liquid
22.230	26.042	166.88	0.0059923	-0.034573	-0.030239	-1.4115	17.003	27.850	911.42	-0.0070613	undefined	undefined	liquid
22.230	26.046	166.88	0.0059923	-0.034573	-0.030238	-1.4115	17.003	27.850	911.42	-0.0070613	undefined	undefined	liquid
22.230	26.051	166.88	0.0059923	-0.034573	-0.030238	-1.4115	17.003	27.850	911.42	-0.0070613	undefined	undefined	liquid
22.230	26.055	166.88	0.0059923	-0.034574	-0.030237	-1.4115	17.003	27.850	911.42	-0.0070613	undefined	undefined	liquid
22.230	26.059	166.88	0.0059923	-0.034574	-0.030237	-1.4115	17.003	27.850	911.42	-0.0070613	undefined	undefined	liquid
22.230	26.063	166.88	0.0059923	-0.034574	-0.030236	-1.4115	17.003	27.850	911.42	-0.0070613	undefined	undefined	liquid
22.230	26.067	166.88	0.0059923	-0.034574	-0.030236	-1.4116	17.003	27.850	911.43	-0.0070613	undefined	undefined	liquid
22.230	26.072	166.88	0.0059923	-0.034575	-0.030235	-1.4116	17.003	27.850	911.43	-0.0070613	undefined	undefined	liquid
22.230	26.076	166.88	0.0059923	-0.034575	-0.030235	-1.4116	17.003	27.850	911.43	-0.0070614	undefined	undefined	liquid
22.230	26.080	166.88	0.0059923	-0.034575	-0.030235	-1.4116	17.003	27.850	911.43	-0.0070614	undefined	undefined	liquid
22.230	26.084	166.88	0.0059923	-0.034575	-0.030234	-1.4116	17.003	27.850	911.43	-0.0070614	undefined	undefined	liquid
22.230	26.088	166.88	0.0059923	-0.034575	-0.030234	-1.4116	17.003	27.850	911.43	-0.0070614	undefined	undefined	liquid
22.230	26.093	166.88	0.0059923	-0.034576	-0.030233	-1.4116	17.003	27.849	911.43	-0.0070614	undefined	undefined	liquid
22.230	26.097	166.88	0.0059923	-0.034576	-0.030233	-1.4116	17.003	27.849	911.43	-0.0070614	undefined	undefined	liquid
22.230	26.101	166.88	0.0059923	-0.034576	-0.030232	-1.4116	17.003	27.849	911.43	-0.0070614	undefined	undefined	liquid
22.230	26.105	166.88	0.0059923	-0.034576	-0.030232	-1.4117	17.003	27.849	911.43	-0.0070614	undefined	undefined	liquid
22.230	26.109	166.88	0.0059923	-0.034577	-0.030231	-1.4117	17.003	27.849	911.43	-0.0070615	undefined	undefined	liquid
22.230	26.114	166.88	0.0059923	-0.034577	-0.030231	-1.4117	17.003	27.849	911.43	-0.0070615	undefined	undefined	liquid
22.230	26.118	166.88	0.0059923	-0.034577	-0.030230	-1.4117	17.003	27.849	911.43	-0.0070615	undefined	undefined	liquid
22.230	26.122	166.88	0.0059923	-0.034577	-0.030230	-1.4117	17.003	27.849	911.43	-0.0070615	undefined	undefined	liquid
22.230	26.126	166.88	0.0059923	-0.034578	-0.030230	-1.4117	17.003	27.849	911.43	-0.0070615	undefined	undefined	liquid
22.230	26.130	166.88	0.0059923	-0.034578	-0.030229	-1.4117	17.003	27.849	911.43	-0.0070615	undefined	undefined	liquid
22.230	26.135	166.88	0.0059923	-0.034578	-0.030229	-1.4117	17.003	27.849	911.43	-0.0070615	undefined	undefined	liquid
22.230	26.139	166.88	0.0059923	-0.034578	-0.030228	-1.4117	17.003	27.849	911.43	-0.0070616	undefined	undefined	liquid
22.230	26.143	166.88	0.0059923	-0.034579	-0.030228	-1.4117	17.003	27.849	911.43	-0.0070616	undefined	undefined	liquid
22.230	26.147	166.88	0.0059923	-0.034579	-0.030227	-1.4118	17.003	27.849	911.44	-0.0070616	undefined	undefined	liquid
22.230	26.151	166.88	0.0059923	-0.034579	-0.030227	-1.4118	17.003	27.849	911.44	-0.0070616	undefined	undefined	liquid
22.230	26.156	166.88	0.0059923	-0.034579	-0.030226	-1.4118	17.003	27.849	911.44	-0.0070616	undefined	undefined	liquid
22.230	26.160	166.88	0.0059923	-0.034580	-0.030226	-1.4118	17.003	27.849	911.44	-0.0070616	undefined	undefined	liquid
22.230	26.164	166.88	0.0059923	-0.034580	-0.030225	-1.4118	17.003	27.849	911.44	-0.0070616	undefined	undefined	liquid
22.230	26.168	166.88	0.0059923	-0.034580	-0.030225	-1.4118	17.003	27.849	911.44	-0.0070616	undefined	undefined	liquid
22.230	26.172	166.88	0.0059923	-0.034580	-0.030224	-1.4118	17.003	27.849	911.44	-0.0070617	undefined	undefined	liquid
22.230	26.177	166.88	0.0059923	-0.034580	-0.030224	-1.4118	17.003	27.849	911.44	-0.0070617	undefined	undefined	liquid
22.230	26.181	166.88	0.0059923	-0.034581	-0.030224	-1.4118	17.004	27.849	911.44	-0.0070617	undefined	undefined	liquid
22.230	26.185	166.88	0.0059923	-0.034581	-0.030223	-1.4119	17.004	27.849	911.44	-0.0070617	undefined	undefined	liquid
22.230	26.189	166.88	0.0059923	-0.034581	-0.030223	-1.4119	17.004	27.849	911.44	-0.0070617	undefined	undefined	liquid
22.230	26.193	166.88	0.0059923	-0.034581	-0.030222	-1.4119	17.004	27.849	911.44	-0.0070617	undefined	undefined	liquid
22.230	26.198	166.88	0.0059923	-0.034582	-0.030222	-1.4119	17.004	27.849	911.44	-0.0070617	undefined	undefined	liquid
22.230	26.202	166.88	0.0059923	-0.034582	-0.030221	-1.4119	17.004	27.849	911.44	-0.0070618	undefined	undefined	liquid
22.230	26.206	166.88	0.0059923	-0.034582	-0.030221	-1.4119	17.004	27.849	911.44	-0.0070618	undefined	undefined	liquid
22.230	26.210	166.88	0.0059923	-0.034582	-0.030220	-1.4119	17.004	27.849	911.44	-0.0070618	undefined	undefined	liquid
22.230	26.214	166.88	0.0059922	-0.034583	-0.030220	-1.4119	17.004	27.849	911.44	-0.0070618	undefined	undefined	liquid
22.230	26.219	166.88	0.0059922	-0.034583	-0.030219	-1.4119	17.004	27.849	911.44	-0.0070618	undefined	undefined	liquid
22.230	26.223	166.88	0.0059922	-0.034583	-0.030219	-1.4120	17.004	27.849	911.44	-0.0070618	undefined	undefined	liquid
22.230	26.227	166.88	0.0059922	-0.034583	-0.030218	-1.4120	17.004	27.849	911.45	-0.0070618	undefined	undefined	liquid
22.230	26.231	166.88	0.0059922	-0.034584	-0.030218	-1.4120	17.004	27.849	911.45	-0.0070618	undefined	undefined	liquid
22.230	26.235	166.88	0.0059922	-0.034584	-0.030218	-1.4120	17.004	27.849	911.45	-0.0070619	undefined	undefined	liquid
22.230	26.240	166.88	0.0059922	-0.034584	-0.030217	-1.4120	17.004	27.849	911.45	-0.0070619	undefined	undefined	liquid
22.230	26.244	166.88	0.0059922	-0.034584	-0.030217	-1.4120	17.004	27.849	911.45	-0.0070619	undefined	undefined	liquid
22.230	26.248	166.88	0.0059922	-0.034585	-0.030216	-1.4120	17.004	27.849	911.45	-0.0070619	undefined	undefined	liquid
22.230	26.252	166.88	0.0059922	-0.034585	-0.030216	-1.4120	17.004	27.849	911.45	-0.0070619	undefined	undefined	liquid
22.230	26.256	166.88	0.0059922	-0.034585	-0.030215	-1.4120	17.004	27.849	911.45	-0.0070619	undefined	undefined	liquid
22.230	26.261	166.88	0.0059922	-0.034585	-0.030215	-1.4121	17.004	27.849	911.45	-0.0070619	undefined	undefined	liquid
22.230	26.265	166.88	0.0059922	-0.034585	-0.030214	-1.4121	17.004	27.849	911.45	-0.0070620	undefined	undefined	liquid
22.230	26.269	166.88	0.0059922	-0.034586	-0.030214	-1.4121	17.004	27.848	911.45	-0.0070620	undefined	undefined	liquid
22.230	26.273	166.88	0.0059922	-0.034586	-0.030213	-1.4121	17.004	27.848	911.45	-0.0070620	undefined	undefined	liquid
22.230	26.277	166.88	0.0059922	-0.034586	-0.030213	-1.4121	17.004	27.848	911.45	-0.0070620	undefined	undefined	liquid
22.230	26.282	166.88	0.0059922	-0.034586	-0.030213	-1.4121	17.004	27.848	911.45	-0.0070620	undefined	undefined	liquid
22.230	26.286	166.88	0.0059922	-0.034587	-0.030212	-1.4121	17.004	27.848	911.45	-0.0070620	undefined	undefined	liquid
22.230	26.290	166.88	0.0059922	-0.034587	-0.030212	-1.4121	17.004	27.848	911.45	-0.0070620	undefined	undefined	liquid
22.230	26.294	166.88	0.0059922	-0.034587	-0.030211	-1.4121	17.004	27.848	911.45	-0.0070620	undefined	undefined	liquid
22.230	26.298	166.88	0.0059922	-0.034587	-0.030211	-1.4121	17.004	27.848	911.45	-0.0070621	undefined	undefined	liquid
22.230	26.303	166.88	0.0059922	-0.034588	-0.030210	-1.4122	17.004	27.848	911.46	-0.0070621	undefined	undefined	liquid
22.230	26.307	166.88	0.0059922	-0.034588	-0.030210	-1.4122	17.004	27.848	911.46	-0.0070621	undefined	undefined	liquid
22.230	26.311	166.88	0.0059922	-0.034588	-0.030209	-1.4122	17.004	27.848	911.46	-0.0070621	undefined	undefined	liquid
22.230	26.315	166.88	0.0059922	-0.034588	-0.030209	-1.4122	17.004	27.848	911.46	-0.0070621	undefined	undefined	liquid
22.230	26.319	166.88	0.0059922	-0.034589	-0.030208	-1.4122	17.004	27.848	911.46	-0.0070621	undefined	undefined	liquid
22.230	26.324	166.88	0.0059922	-0.034589	-0.030208	-1.4122	17.004	27.848	911.46	-0.0070621	undefined	undefined	liquid
22.230	26.328	166.88	0.0059922	-0.034589	-0.030207	-1.4122	17.004	27.848	911.46	-0.0070621	undefined	undefined	liquid
22.230	26.332	166.88	0.0059922	-0.034589	-0.030207	-1.4122	17.004	27.848	911.46	-0.0070622	undefined	undefined	liquid
22.230	26.336	166.88	0.0059922	-0.034590	-0.030207	-1.4122	17.004	27.848	911.46	-0.0070622	undefined	undefined	liquid
22.230	26.340	166.88	0.0059922	-0.034590	-0.030206	-1.4123	17.004	27.848	911.46	-0.0070622	undefined	undefined	liquid
22.230	26.345	166.88	0.0059922	-0.034590	-0.030206	-1.4123	17.004	27.848	911.46	-0.0070622	undefined	undefined	liquid
22.230	26.349	166.88	0.0059922	-0.034590	-0.030205	-1.4123	17.004	27.848	911.46	-0.0070622	undefined	undefined	liquid
22.230	26.353	166.88	0.0059922	-0.034590	-0.030205	-1.4123	17.004	27.848	911.46	-0.0070622	undefined	undefined	liquid
22.230	26.357	166.88	0.0059922	-0.034591	-0.030204	-1.4123	17.004	27.848	911.46	-0.0070622	undefined	undefined	liquid
22.230	26.361	166.88	0.0059922	-0.034591	-0.030204	-1.4123	17.004	27.848	911.46	-0.0070623	undefined	undefined	liquid
22.230	26.366	166.88	0.0059922	-0.034591	-0.030203	-1.4123	17.004	27.848	911.46	-0.0070623	undefined	undefined	liquid
22.230	26.370	166.88	0.0059922	-0.034591	-0.030203	-1.4123	17.004	27.848	911.46	-0.0070623	undefined	undefined	liquid
22.230	26.374	166.88	0.0059922	-0.034592	-0.030202	-1.4123	17.004	27.848	911.46	-0.0070623	undefined	undefined	liquid
22.230	26.378	166.88	0.0059922	-0.034592	-0.030202	-1.4124	17.004	27.848	911.46	-0.0070623	undefined	undefined	liquid
22.230	26.382	166.88	0.0059922	-0.034592	-0.030202	-1.4124	17.004	27.848	911.47	-0.0070623	undefined	undefined	liquid
22.230	26.387	166.88	0.0059922	-0.034592	-0.030201	-1.4124	17.004	27.848	911.47	-0.0070623	undefined	undefined	liquid
22.230	26.391	166.88	0.0059922	-0.034593	-0.030201	-1.4124	17.004	27.848	911.47	-0.0070623	undefined	undefined	liquid
22.230	26.395	166.88	0.0059922	-0.034593	-0.030200	-1.4124	17.004	27.848	911.47	-0.0070624	undefined	undefined	liquid
22.230	26.399	166.88	0.0059922	-0.034593	-0.030200	-1.4124	17.004	27.848	911.47	-0.0070624	undefined	undefined	liquid
22.230	26.403	166.88	0.0059922	-0.034593	-0.030199	-1.4124	17.004	27.848	911.47	-0.0070624	undefined	undefined	liquid
22.230	26.408	166.88	0.0059922	-0.034594	-0.030199	-1.4124	17.004	27.848	911.47	-0.0070624	undefined	undefined	liquid
22.230	26.412	166.88	0.0059922	-0.034594	-0.030198	-1.4124	17.004	27.848	911.47	-0.0070624	undefined	undefined	liquid
22.230	26.416	166.88	0.0059922	-0.034594	-0.030198	-1.4125	17.004	27.848	911.47	-0.0070624	undefined	undefined	liquid
22.230	26.420	166.89	0.0059921	-0.034594	-0.030197	-1.4125	17.004	27.848	911.47	-0.0070624	undefined	undefined	liquid
22.230	26.424	166.89	0.0059921	-0.034595	-0.030197	-1.4125	17.004	27.848	911.47	-0.0070625	undefined	undefined	liquid
22.230	26.429	166.89	0.0059921	-0.034595	-0.030196	-1.4125	17.004	27.848	911.47	-0.0070625	undefined	undefined	liquid
22.230	26.433	166.89	0.0059921	-0.034595	-0.030196	-1.4125	17.004	27.848	911.47	-0.0070625	undefined	undefined	liquid
22.230	26.437	166.89	0.0059921	-0.034595	-0.030196	-1.4125	17.004	27.848	911.47	-0.0070625	undefined	undefined	liquid
22.230	26.441	166.89	0.0059921	-0.034596	-0.030195	-1.4125	17.004	27.848	911.47	-0.0070625	undefined	undefined	liquid
22.230	26.445	166.89	0.0059921	-0.034596	-0.030195	-1.4125	17.004	27.848	911.47	-0.0070625	undefined	undefined	liquid
22.230	26.450	166.89	0.0059921	-0.034596	-0.030194	-1.4125	17.004	27.847	911.47	-0.0070625	undefined	undefined	liquid
22.230	26.454	166.89	0.0059921	-0.034596	-0.030194	-1.4125	17.004	27.847	911.47	-0.0070625	undefined	undefined	liquid
22.230	26.458	166.89	0.0059921	-0.034596	-0.030193	-1.4126	17.004	27.847	911.47	-0.0070626	undefined	undefined	liquid
22.230	26.462	166.89	0.0059921	-0.034597	-0.030193	-1.4126	17.004	27.847	911.48	-0.0070626	undefined	undefined	liquid
22.230	26.466	166.89	0.0059921	-0.034597	-0.030192	-1.4126	17.004	27.847	911.48	-0.0070626	undefined	undefined	liquid
22.230	26.471	166.89	0.0059921	-0.034597	-0.030192	-1.4126	17.004	27.847	911.48	-0.0070626	undefined	undefined	liquid
22.230	26.475	166.89	0.0059921	-0.034597	-0.030191	-1.4126	17.004	27.847	911.48	-0.0070626	undefined	undefined	liquid
22.230	26.479	166.89	0.0059921	-0.034598	-0.030191	-1.4126	17.004	27.847	911.48	-0.0070626	undefined	undefined	liquid
22.230	26.483	166.89	0.0059921	-0.034598	-0.030191	-1.4126	17.004	27.847	911.48	-0.0070626	undefined	undefined	liquid
22.230	26.487	166.89	0.0059921	-0.034598	-0.030190	-1.4126	17.004	27.847	911.48	-0.0070627	undefined	undefined	liquid
22.230	26.492	166.89	0.0059921	-0.034598	-0.030190	-1.4126	17.004	27.847	911.48	-0.0070627	undefined	undefined	liquid
22.230	26.496	166.89	0.0059921	-0.034599	-0.030189	-1.4127	17.004	27.847	911.48	-0.0070627	undefined	undefined	liquid
22.230	26.500	166.89	0.0059921	-0.034599	-0.030189	-1.4127	17.004	27.847	911.48	-0.0070627	undefined	undefined	liquid
22.230	26.504	166.89	0.0059921	-0.034599	-0.030188	-1.4127	17.004	27.847	911.48	-0.0070627	undefined	undefined	liquid
22.230	26.508	166.89	0.0059921	-0.034599	-0.030188	-1.4127	17.004	27.847	911.48	-0.0070627	undefined	undefined	liquid
22.230	26.513	166.89	0.0059921	-0.034600	-0.030187	-1.4127	17.004	27.847	911.48	-0.0070627	undefined	undefined	liquid
22.230	26.517	166.89	0.0059921	-0.034600	-0.030187	-1.4127	17.004	27.847	911.48	-0.0070627	undefined	undefined	liquid
22.230	26.521	166.89	0.0059921	-0.034600	-0.030186	-1.4127	17.004	27.847	911.48	-0.0070628	undefined	undefined	liquid
22.230	26.525	166.89	0.0059921	-0.034600	-0.030186	-1.4127	17.004	27.847	911.48	-0.0070628	undefined	undefined	liquid
22.230	26.529	166.89	0.0059921	-0.034601	-0.030185	-1.4127	17.004	27.847	911.48	-0.0070628	undefined	undefined	liquid
22.230	26.534	166.89	0.0059921	-0.034601	-0.030185	-1.4128	17.004	27.847	911.48	-0.0070628	undefined	undefined	liquid
22.230	26.538	166.89	0.0059921	-0.034601	-0.030185	-1.4128	17.004	27.847	911.48	-0.0070628	undefined	undefined	liquid
22.230	26.542	166.89	0.0059921	-0.034601	-0.030184	-1.4128	17.004	27.847	911.49	-0.0070628	undefined	undefined	liquid
22.230	26.546	166.89	0.0059921	-0.034601	-0.030184	-1.4128	17.004	27.847	911.49	-0.0070628	undefined	undefined	liquid
22.230	26.550	166.89	0.0059921	-0.034602	-0.030183	-1.4128	17.004	27.847	911.49	-0.0070628	undefined	undefined	liquid
22.230	26.555	166.89	0.0059921	-0.034602	-0.030183	-1.4128	17.004	27.847	911.49	-0.0070629	undefined	undefined	liquid
22.230	26.559	166.89	0.0059921	-0.034602	-0.030182	-1.4128	17.004	27.847	911.49	-0.0070629	undefined	undefined	liquid
22.230	26.563	166.89	0.0059921	-0.034602	-0.030182	-1.4128	17.004	27.847	911.49	-0.0070629	undefined	undefined	liquid
22.230	26.567	166.89	0.0059921	-0.034603	-0.030181	-1.4128	17.004	27.847	911.49	-0.0070629	undefined	undefined	liquid
22.230	26.571	166.89	0.0059921	-0.034603	-0.030181	-1.4129	17.004	27.847	911.49	-0.0070629	undefined	undefined	liquid
22.230	26.576	166.89	0.0059921	-0.034603	-0.030180	-1.4129	17.004	27.847	911.49	-0.0070629	undefined	undefined	liquid
22.230	26.580	166.89	0.0059921	-0.034603	-0.030180	-1.4129	17.004	27.847	911.49	-0.0070629	undefined	undefined	liquid
22.230	26.584	166.89	0.0059921	-0.034604	-0.030179	-1.4129	17.004	27.847	911.49	-0.0070630	undefined	undefined	liquid
22.230	26.588	166.89	0.0059921	-0.034604	-0.030179	-1.4129	17.004	27.847	911.49	-0.0070630	undefined	undefined	liquid
22.230	26.592	166.89	0.0059921	-0.034604	-0.030179	-1.4129	17.004	27.847	911.49	-0.0070630	undefined	undefined	liquid
22.230	26.597	166.89	0.0059921	-0.034604	-0.030178	-1.4129	17.004	27.847	911.49	-0.0070630	undefined	undefined	liquid
22.230	26.601	166.89	0.0059921	-0.034605	-0.030178	-1.4129	17.004	27.847	911.49	-0.0070630	undefined	undefined	liquid
22.230	26.605	166.89	0.0059921	-0.034605	-0.030177	-1.4129	17.004	27.847	911.49	-0.0070630	undefined	undefined	liquid
22.230	26.609	166.89	0.0059921	-0.034605	-0.030177	-1.4129	17.004	27.847	911.49	-0.0070630	undefined	undefined	liquid
22.230	26.613	166.89	0.0059921	-0.034605	-0.030176	-1.4130	17.004	27.847	911.49	-0.0070630	undefined	undefined	liquid
22.230	26.618	166.89	0.0059921	-0.034606	-0.030176	-1.4130	17.004	27.847	911.49	-0.0070631	undefined	undefined	liquid
22.230	26.622	166.89	0.0059921	-0.034606	-0.030175	-1.4130	17.004	27.847	911.50	-0.0070631	undefined	undefined	liquid
22.230	26.626	166.89	0.0059920	-0.034606	-0.030175	-1.4130	17.004	27.846	911.50	-0.0070631	undefined	undefined	liquid
22.230	26.630	166.89	0.0059920	-0.034606	-0.030174	-1.4130	17.004	27.846	911.50	-0.0070631	undefined	undefined	liquid
22.230	26.634	166.89	0.0059920	-0.034606	-0.030174	-1.4130	17.004	27.846	911.50	-0.0070631	undefined	undefined	liquid
22.230	26.639	166.89	0.0059920	-0.034607	-0.030174	-1.4130	17.004	27.846	911.50	-0.0070631	undefined	undefined	liquid
22.230	26.643	166.89	0.0059920	-0.034607	-0.030173	-1.4130	17.004	27.846	911.50	-0.0070631	undefined	undefined	liquid
22.230	26.647	166.89	0.0059920	-0.034607	-0.030173	-1.4130	17.004	27.846	911.50	-0.0070632	undefined	undefined	liquid
22.230	26.651	166.89	0.0059920	-0.034607	-0.030172	-1.4131	17.004	27.846	911.50	-0.0070632	undefined	undefined	liquid
22.230	26.655	166.89	0.0059920	-0.034608	-0.030172	-1.4131	17.004	27.846	911.50	-0.0070632	undefined	undefined	liquid
22.230	26.660	166.89	0.0059920	-0.034608	-0.030171	-1.4131	17.004	27.846	911.50	-0.0070632	undefined	undefined	liquid
22.230	26.664	166.89	0.0059920	-0.034608	-0.030171	-1.4131	17.004	27.846	911.50	-0.0070632	undefined	undefined	liquid
22.230	26.668	166.89	0.0059920	-0.034608	-0.030170	-1.4131	17.004	27.846	911.50	-0.0070632	undefined	undefined	liquid
22.230	26.672	166.89	0.0059920	-0.034609	-0.030170	-1.4131	17.004	27.846	911.50	-0.0070632	undefined	undefined	liquid
22.230	26.676	166.89	0.0059920	-0.034609	-0.030169	-1.4131	17.004	27.846	911.50	-0.0070632	undefined	undefined	liquid
22.230	26.681	166.89	0.0059920	-0.034609	-0.030169	-1.4131	17.004	27.846	911.50	-0.0070633	undefined	undefined	liquid
22.230	26.685	166.89	0.0059920	-0.034609	-0.030168	-1.4131	17.004	27.846	911.50	-0.0070633	undefined	undefined	liquid
22.230	26.689	166.89	0.0059920	-0.034610	-0.030168	-1.4132	17.004	27.846	911.50	-0.0070633	undefined	undefined	liquid
22.230	26.693	166.89	0.0059920	-0.034610	-0.030168	-1.4132	17.004	27.846	911.50	-0.0070633	undefined	undefined	liquid
22.230	26.697	166.89	0.0059920	-0.034610	-0.030167	-1.4132	17.004	27.846	911.51	-0.0070633	undefined	undefined	liquid
22.230	26.702	166.89	0.0059920	-0.034610	-0.030167	-1.4132	17.004	27.846	911.51	-0.0070633	undefined	undefined	liquid
22.230	26.706	166.89	0.0059920	-0.034611	-0.030166	-1.4132	17.004	27.846	911.51	-0.0070633	undefined	undefined	liquid
22.230	26.710	166.89	0.0059920	-0.034611	-0.030166	-1.4132	17.004	27.846	911.51	-0.0070634	undefined	undefined	liquid
22.230	26.714	166.89	0.0059920	-0.034611	-0.030165	-1.4132	17.004	27.846	911.51	-0.0070634	undefined	undefined	liquid
22.230	26.718	166.89	0.0059920	-0.034611	-0.030165	-1.4132	17.004	27.846	911.51	-0.0070634	undefined	undefined	liquid
22.230	26.723	166.89	0.0059920	-0.034611	-0.030164	-1.4132	17.004	27.846	911.51	-0.0070634	undefined	undefined	liquid
22.230	26.727	166.89	0.0059920	-0.034612	-0.030164	-1.4133	17.004	27.846	911.51	-0.0070634	undefined	undefined	liquid
22.230	26.731	166.89	0.0059920	-0.034612	-0.030163	-1.4133	17.004	27.846	911.51	-0.0070634	undefined	undefined	liquid
22.230	26.735	166.89	0.0059920	-0.034612	-0.030163	-1.4133	17.004	27.846	911.51	-0.0070634	undefined	undefined	liquid
22.230	26.739	166.89	0.0059920	-0.034612	-0.030163	-1.4133	17.004	27.846	911.51	-0.0070634	undefined	undefined	liquid
22.230	26.744	166.89	0.0059920	-0.034613	-0.030162	-1.4133	17.004	27.846	911.51	-0.0070635	undefined	undefined	liquid
22.230	26.748	166.89	0.0059920	-0.034613	-0.030162	-1.4133	17.004	27.846	911.51	-0.0070635	undefined	undefined	liquid
22.230	26.752	166.89	0.0059920	-0.034613	-0.030161	-1.4133	17.004	27.846	911.51	-0.0070635	undefined	undefined	liquid
22.230	26.756	166.89	0.0059920	-0.034613	-0.030161	-1.4133	17.004	27.846	911.51	-0.0070635	undefined	undefined	liquid
22.230	26.760	166.89	0.0059920	-0.034614	-0.030160	-1.4133	17.004	27.846	911.51	-0.0070635	undefined	undefined	liquid
22.230	26.765	166.89	0.0059920	-0.034614	-0.030160	-1.4133	17.004	27.846	911.51	-0.0070635	undefined	undefined	liquid
22.230	26.769	166.89	0.0059920	-0.034614	-0.030159	-1.4134	17.004	27.846	911.51	-0.0070635	undefined	undefined	liquid
22.230	26.773	166.89	0.0059920	-0.034614	-0.030159	-1.4134	17.004	27.846	911.51	-0.0070635	undefined	undefined	liquid
22.230	26.777	166.89	0.0059920	-0.034615	-0.030158	-1.4134	17.004	27.846	911.52	-0.0070636	undefined	undefined	liquid
22.230	26.781	166.89	0.0059920	-0.034615	-0.030158	-1.4134	17.004	27.846	911.52	-0.0070636	undefined	undefined	liquid
22.230	26.786	166.89	0.0059920	-0.034615	-0.030157	-1.4134	17.004	27.846	911.52	-0.0070636	undefined	undefined	liquid
22.230	26.790	166.89	0.0059920	-0.034615	-0.030157	-1.4134	17.005	27.846	911.52	-0.0070636	undefined	undefined	liquid
22.230	26.794	166.89	0.0059920	-0.034616	-0.030157	-1.4134	17.005	27.846	911.52	-0.0070636	undefined	undefined	liquid
22.230	26.798	166.89	0.0059920	-0.034616	-0.030156	-1.4134	17.005	27.846	911.52	-0.0070636	undefined	undefined	liquid
22.230	26.802	166.89	0.0059920	-0.034616	-0.030156	-1.4134	17.005	27.846	911.52	-0.0070636	undefined	undefined	liquid
22.230	26.807	166.89	0.0059920	-0.034616	-0.030155	-1.4135	17.005	27.845	911.52	-0.0070637	undefined	undefined	liquid
22.230	26.811	166.89	0.0059920	-0.034616	-0.030155	-1.4135	17.005	27.845	911.52	-0.0070637	undefined	undefined	liquid
22.230	26.815	166.89	0.0059920	-0.034617	-0.030154	-1.4135	17.005	27.845	911.52	-0.0070637	undefined	undefined	liquid
22.230	26.819	166.89	0.0059920	-0.034617	-0.030154	-1.4135	17.005	27.845	911.52	-0.0070637	undefined	undefined	liquid
22.230	26.823	166.89	0.0059920	-0.034617	-0.030153	-1.4135	17.005	27.845	911.52	-0.0070637	undefined	undefined	liquid
22.230	26.828	166.89	0.0059919	-0.034617	-0.030153	-1.4135	17.005	27.845	911.52	-0.0070637	undefined	undefined	liquid
22.230	26.832	166.89	0.0059919	-0.034618	-0.030152	-1.4135	17.005	27.845	911.52	-0.0070637	undefined	undefined	liquid
22.230	26.836	166.89	0.0059919	-0.034618	-0.030152	-1.4135	17.005	27.845	911.52	-0.0070637	undefined	undefined	liquid
22.230	26.840	166.89	0.0059919	-0.034618	-0.030151	-1.4135	17.005	27.845	911.52	-0.0070638	undefined	undefined	liquid
22.230	26.844	166.89	0.0059919	-0.034618	-0.030151	-1.4136	17.005	27.845	911.52	-0.0070638	undefined	undefined	liquid
22.230	26.849	166.89	0.0059919	-0.034619	-0.030151	-1.4136	17.005	27.845	911.52	-0.0070638	undefined	undefined	liquid
22.230	26.853	166.89	0.0059919	-0.034619	-0.030150	-1.4136	17.005	27.845	911.52	-0.0070638	undefined	undefined	liquid
22.230	26.857	166.89	0.0059919	-0.034619	-0.030150	-1.4136	17.005	27.845	911.53	-0.0070638	undefined	undefined	liquid
22.230	26.861	166.89	0.0059919	-0.034619	-0.030149	-1.4136	17.005	27.845	911.53	-0.0070638	undefined	undefined	liquid
22.230	26.865	166.89	0.0059919	-0.034620	-0.030149	-1.4136	17.005	27.845	911.53	-0.0070638	undefined	undefined	liquid
22.230	26.870	166.89	0.0059919	-0.034620	-0.030148	-1.4136	17.005	27.845	911.53	-0.0070639	undefined	undefined	liquid
22.230	26.874	166.89	0.0059919	-0.034620	-0.030148	-1.4136	17.005	27.845	911.53	-0.0070639	undefined	undefined	liquid
22.230	26.878	166.89	0.0059919	-0.034620	-0.030147	-1.4136	17.005	27.845	911.53	-0.0070639	undefined	undefined	liquid
22.230	26.882	166.89	0.0059919	-0.034621	-0.030147	-1.4136	17.005	27.845	911.53	-0.0070639	undefined	undefined	liquid
22.230	26.886	166.89	0.0059919	-0.034621	-0.030146	-1.4137	17.005	27.845	911.53	-0.0070639	undefined	undefined	liquid
22.230	26.891	166.89	0.0059919	-0.034621	-0.030146	-1.4137	17.005	27.845	911.53	-0.0070639	undefined	undefined	liquid
22.230	26.895	166.89	0.0059919	-0.034621	-0.030146	-1.4137	17.005	27.845	911.53	-0.0070639	undefined	undefined	liquid
22.230	26.899	166.89	0.0059919	-0.034621	-0.030145	-1.4137	17.005	27.845	911.53	-0.0070639	undefined	undefined	liquid
22.230	26.903	166.89	0.0059919	-0.034622	-0.030145	-1.4137	17.005	27.845	911.53	-0.0070640	undefined	undefined	liquid
22.230	26.907	166.89	0.0059919	-0.034622	-0.030144	-1.4137	17.005	27.845	911.53	-0.0070640	undefined	undefined	liquid
22.230	26.912	166.89	0.0059919	-0.034622	-0.030144	-1.4137	17.005	27.845	911.53	-0.0070640	undefined	undefined	liquid
22.230	26.916	166.89	0.0059919	-0.034622	-0.030143	-1.4137	17.005	27.845	911.53	-0.0070640	undefined	undefined	liquid
22.230	26.920	166.89	0.0059919	-0.034623	-0.030143	-1.4137	17.005	27.845	911.53	-0.0070640	undefined	undefined	liquid
