Temperature (K)	Pressure (psia)	Density (kg/m3)	Volume (m3/kg)	Internal Energy (kJ/mol)	Enthalpy (kJ/mol)	Entropy (J/mol*K)	Cv (J/mol*K)	Cp (J/mol*K)	Sound Spd. (m/s)	Joule-Thomson (F/psia)	Viscosity (uPa*s)	Therm. Cond. (W/m*K)	Phase
22.280	24.400	166.73	0.0059978	-0.033087	-0.029022	-1.3445	17.063	27.980	909.20	-0.0070077	undefined	undefined	liquid
22.280	24.404	166.73	0.0059978	-0.033087	-0.029022	-1.3445	17.063	27.980	909.20	-0.0070077	undefined	undefined	liquid
22.280	24.408	166.73	0.0059978	-0.033087	-0.029021	-1.3446	17.063	27.980	909.20	-0.0070077	undefined	undefined	liquid
22.280	24.413	166.73	0.0059978	-0.033087	-0.029021	-1.3446	17.063	27.980	909.20	-0.0070077	undefined	undefined	liquid
22.280	24.417	166.73	0.0059978	-0.033088	-0.029020	-1.3446	17.063	27.980	909.20	-0.0070077	undefined	undefined	liquid
22.280	24.421	166.73	0.0059978	-0.033088	-0.029020	-1.3446	17.063	27.980	909.20	-0.0070077	undefined	undefined	liquid
22.280	24.425	166.73	0.0059978	-0.033088	-0.029019	-1.3446	17.063	27.980	909.20	-0.0070077	undefined	undefined	liquid
22.280	24.429	166.73	0.0059978	-0.033088	-0.029019	-1.3446	17.063	27.979	909.20	-0.0070078	undefined	undefined	liquid
22.280	24.434	166.73	0.0059978	-0.033089	-0.029018	-1.3446	17.063	27.979	909.20	-0.0070078	undefined	undefined	liquid
22.280	24.438	166.73	0.0059978	-0.033089	-0.029018	-1.3446	17.063	27.979	909.20	-0.0070078	undefined	undefined	liquid
22.280	24.442	166.73	0.0059978	-0.033089	-0.029018	-1.3446	17.063	27.979	909.20	-0.0070078	undefined	undefined	liquid
22.280	24.446	166.73	0.0059978	-0.033089	-0.029017	-1.3447	17.063	27.979	909.20	-0.0070078	undefined	undefined	liquid
22.280	24.450	166.73	0.0059978	-0.033090	-0.029017	-1.3447	17.063	27.979	909.20	-0.0070078	undefined	undefined	liquid
22.280	24.455	166.73	0.0059978	-0.033090	-0.029016	-1.3447	17.063	27.979	909.20	-0.0070078	undefined	undefined	liquid
22.280	24.459	166.73	0.0059978	-0.033090	-0.029016	-1.3447	17.063	27.979	909.20	-0.0070078	undefined	undefined	liquid
22.280	24.463	166.73	0.0059978	-0.033090	-0.029015	-1.3447	17.063	27.979	909.20	-0.0070079	undefined	undefined	liquid
22.280	24.467	166.73	0.0059977	-0.033090	-0.029015	-1.3447	17.063	27.979	909.21	-0.0070079	undefined	undefined	liquid
22.280	24.471	166.73	0.0059977	-0.033091	-0.029014	-1.3447	17.063	27.979	909.21	-0.0070079	undefined	undefined	liquid
22.280	24.476	166.73	0.0059977	-0.033091	-0.029014	-1.3447	17.063	27.979	909.21	-0.0070079	undefined	undefined	liquid
22.280	24.480	166.73	0.0059977	-0.033091	-0.029013	-1.3447	17.063	27.979	909.21	-0.0070079	undefined	undefined	liquid
22.280	24.484	166.73	0.0059977	-0.033091	-0.029013	-1.3448	17.063	27.979	909.21	-0.0070079	undefined	undefined	liquid
22.280	24.488	166.73	0.0059977	-0.033092	-0.029012	-1.3448	17.063	27.979	909.21	-0.0070079	undefined	undefined	liquid
22.280	24.492	166.73	0.0059977	-0.033092	-0.029012	-1.3448	17.063	27.979	909.21	-0.0070080	undefined	undefined	liquid
22.280	24.497	166.73	0.0059977	-0.033092	-0.029012	-1.3448	17.063	27.979	909.21	-0.0070080	undefined	undefined	liquid
22.280	24.501	166.73	0.0059977	-0.033092	-0.029011	-1.3448	17.063	27.979	909.21	-0.0070080	undefined	undefined	liquid
22.280	24.505	166.73	0.0059977	-0.033093	-0.029011	-1.3448	17.063	27.979	909.21	-0.0070080	undefined	undefined	liquid
22.280	24.509	166.73	0.0059977	-0.033093	-0.029010	-1.3448	17.063	27.979	909.21	-0.0070080	undefined	undefined	liquid
22.280	24.513	166.73	0.0059977	-0.033093	-0.029010	-1.3448	17.063	27.979	909.21	-0.0070080	undefined	undefined	liquid
22.280	24.518	166.73	0.0059977	-0.033093	-0.029009	-1.3448	17.063	27.979	909.21	-0.0070080	undefined	undefined	liquid
22.280	24.522	166.73	0.0059977	-0.033094	-0.029009	-1.3449	17.063	27.979	909.21	-0.0070080	undefined	undefined	liquid
22.280	24.526	166.73	0.0059977	-0.033094	-0.029008	-1.3449	17.063	27.979	909.21	-0.0070081	undefined	undefined	liquid
22.280	24.530	166.73	0.0059977	-0.033094	-0.029008	-1.3449	17.063	27.979	909.21	-0.0070081	undefined	undefined	liquid
22.280	24.534	166.73	0.0059977	-0.033094	-0.029007	-1.3449	17.063	27.979	909.21	-0.0070081	undefined	undefined	liquid
22.280	24.539	166.73	0.0059977	-0.033095	-0.029007	-1.3449	17.063	27.979	909.21	-0.0070081	undefined	undefined	liquid
22.280	24.543	166.73	0.0059977	-0.033095	-0.029007	-1.3449	17.063	27.979	909.21	-0.0070081	undefined	undefined	liquid
22.280	24.547	166.73	0.0059977	-0.033095	-0.029006	-1.3449	17.063	27.979	909.22	-0.0070081	undefined	undefined	liquid
22.280	24.551	166.73	0.0059977	-0.033095	-0.029006	-1.3449	17.063	27.979	909.22	-0.0070081	undefined	undefined	liquid
22.280	24.555	166.73	0.0059977	-0.033096	-0.029005	-1.3449	17.063	27.979	909.22	-0.0070081	undefined	undefined	liquid
22.280	24.560	166.73	0.0059977	-0.033096	-0.029005	-1.3450	17.063	27.979	909.22	-0.0070082	undefined	undefined	liquid
22.280	24.564	166.73	0.0059977	-0.033096	-0.029004	-1.3450	17.063	27.979	909.22	-0.0070082	undefined	undefined	liquid
22.280	24.568	166.73	0.0059977	-0.033096	-0.029004	-1.3450	17.063	27.979	909.22	-0.0070082	undefined	undefined	liquid
22.280	24.572	166.73	0.0059977	-0.033096	-0.029003	-1.3450	17.063	27.979	909.22	-0.0070082	undefined	undefined	liquid
22.280	24.576	166.73	0.0059977	-0.033097	-0.029003	-1.3450	17.063	27.979	909.22	-0.0070082	undefined	undefined	liquid
22.280	24.581	166.73	0.0059977	-0.033097	-0.029002	-1.3450	17.063	27.979	909.22	-0.0070082	undefined	undefined	liquid
22.280	24.585	166.73	0.0059977	-0.033097	-0.029002	-1.3450	17.063	27.979	909.22	-0.0070082	undefined	undefined	liquid
22.280	24.589	166.73	0.0059977	-0.033097	-0.029002	-1.3450	17.063	27.979	909.22	-0.0070083	undefined	undefined	liquid
22.280	24.593	166.73	0.0059977	-0.033098	-0.029001	-1.3450	17.063	27.979	909.22	-0.0070083	undefined	undefined	liquid
22.280	24.597	166.73	0.0059977	-0.033098	-0.029001	-1.3450	17.063	27.979	909.22	-0.0070083	undefined	undefined	liquid
22.280	24.602	166.73	0.0059977	-0.033098	-0.029000	-1.3451	17.063	27.979	909.22	-0.0070083	undefined	undefined	liquid
22.280	24.606	166.73	0.0059977	-0.033098	-0.029000	-1.3451	17.063	27.978	909.22	-0.0070083	undefined	undefined	liquid
22.280	24.610	166.73	0.0059977	-0.033099	-0.028999	-1.3451	17.063	27.978	909.22	-0.0070083	undefined	undefined	liquid
22.280	24.614	166.73	0.0059977	-0.033099	-0.028999	-1.3451	17.063	27.978	909.22	-0.0070083	undefined	undefined	liquid
22.280	24.618	166.73	0.0059977	-0.033099	-0.028998	-1.3451	17.063	27.978	909.22	-0.0070083	undefined	undefined	liquid
22.280	24.623	166.73	0.0059977	-0.033099	-0.028998	-1.3451	17.063	27.978	909.22	-0.0070084	undefined	undefined	liquid
22.280	24.627	166.73	0.0059977	-0.033100	-0.028997	-1.3451	17.063	27.978	909.22	-0.0070084	undefined	undefined	liquid
22.280	24.631	166.73	0.0059977	-0.033100	-0.028997	-1.3451	17.063	27.978	909.23	-0.0070084	undefined	undefined	liquid
22.280	24.635	166.73	0.0059977	-0.033100	-0.028996	-1.3451	17.063	27.978	909.23	-0.0070084	undefined	undefined	liquid
22.280	24.639	166.73	0.0059977	-0.033100	-0.028996	-1.3452	17.063	27.978	909.23	-0.0070084	undefined	undefined	liquid
22.280	24.644	166.73	0.0059977	-0.033101	-0.028996	-1.3452	17.063	27.978	909.23	-0.0070084	undefined	undefined	liquid
22.280	24.648	166.73	0.0059977	-0.033101	-0.028995	-1.3452	17.063	27.978	909.23	-0.0070084	undefined	undefined	liquid
22.280	24.652	166.73	0.0059977	-0.033101	-0.028995	-1.3452	17.063	27.978	909.23	-0.0070084	undefined	undefined	liquid
22.280	24.656	166.73	0.0059977	-0.033101	-0.028994	-1.3452	17.063	27.978	909.23	-0.0070085	undefined	undefined	liquid
22.280	24.660	166.73	0.0059977	-0.033102	-0.028994	-1.3452	17.063	27.978	909.23	-0.0070085	undefined	undefined	liquid
22.280	24.665	166.73	0.0059977	-0.033102	-0.028993	-1.3452	17.063	27.978	909.23	-0.0070085	undefined	undefined	liquid
22.280	24.669	166.73	0.0059977	-0.033102	-0.028993	-1.3452	17.063	27.978	909.23	-0.0070085	undefined	undefined	liquid
22.280	24.673	166.73	0.0059976	-0.033102	-0.028992	-1.3452	17.063	27.978	909.23	-0.0070085	undefined	undefined	liquid
22.280	24.677	166.73	0.0059976	-0.033103	-0.028992	-1.3453	17.064	27.978	909.23	-0.0070085	undefined	undefined	liquid
22.280	24.681	166.73	0.0059976	-0.033103	-0.028991	-1.3453	17.064	27.978	909.23	-0.0070085	undefined	undefined	liquid
22.280	24.686	166.73	0.0059976	-0.033103	-0.028991	-1.3453	17.064	27.978	909.23	-0.0070086	undefined	undefined	liquid
22.280	24.690	166.73	0.0059976	-0.033103	-0.028991	-1.3453	17.064	27.978	909.23	-0.0070086	undefined	undefined	liquid
22.280	24.694	166.73	0.0059976	-0.033103	-0.028990	-1.3453	17.064	27.978	909.23	-0.0070086	undefined	undefined	liquid
22.280	24.698	166.73	0.0059976	-0.033104	-0.028990	-1.3453	17.064	27.978	909.23	-0.0070086	undefined	undefined	liquid
22.280	24.702	166.73	0.0059976	-0.033104	-0.028989	-1.3453	17.064	27.978	909.23	-0.0070086	undefined	undefined	liquid
22.280	24.707	166.73	0.0059976	-0.033104	-0.028989	-1.3453	17.064	27.978	909.23	-0.0070086	undefined	undefined	liquid
22.280	24.711	166.73	0.0059976	-0.033104	-0.028988	-1.3453	17.064	27.978	909.24	-0.0070086	undefined	undefined	liquid
22.280	24.715	166.73	0.0059976	-0.033105	-0.028988	-1.3454	17.064	27.978	909.24	-0.0070086	undefined	undefined	liquid
22.280	24.719	166.73	0.0059976	-0.033105	-0.028987	-1.3454	17.064	27.978	909.24	-0.0070087	undefined	undefined	liquid
22.280	24.723	166.73	0.0059976	-0.033105	-0.028987	-1.3454	17.064	27.978	909.24	-0.0070087	undefined	undefined	liquid
22.280	24.728	166.73	0.0059976	-0.033105	-0.028986	-1.3454	17.064	27.978	909.24	-0.0070087	undefined	undefined	liquid
22.280	24.732	166.73	0.0059976	-0.033106	-0.028986	-1.3454	17.064	27.978	909.24	-0.0070087	undefined	undefined	liquid
22.280	24.736	166.73	0.0059976	-0.033106	-0.028985	-1.3454	17.064	27.978	909.24	-0.0070087	undefined	undefined	liquid
22.280	24.740	166.73	0.0059976	-0.033106	-0.028985	-1.3454	17.064	27.978	909.24	-0.0070087	undefined	undefined	liquid
22.280	24.744	166.73	0.0059976	-0.033106	-0.028985	-1.3454	17.064	27.978	909.24	-0.0070087	undefined	undefined	liquid
22.280	24.749	166.73	0.0059976	-0.033107	-0.028984	-1.3454	17.064	27.978	909.24	-0.0070087	undefined	undefined	liquid
22.280	24.753	166.73	0.0059976	-0.033107	-0.028984	-1.3455	17.064	27.978	909.24	-0.0070088	undefined	undefined	liquid
22.280	24.757	166.73	0.0059976	-0.033107	-0.028983	-1.3455	17.064	27.978	909.24	-0.0070088	undefined	undefined	liquid
22.280	24.761	166.73	0.0059976	-0.033107	-0.028983	-1.3455	17.064	27.978	909.24	-0.0070088	undefined	undefined	liquid
22.280	24.765	166.73	0.0059976	-0.033108	-0.028982	-1.3455	17.064	27.978	909.24	-0.0070088	undefined	undefined	liquid
22.280	24.770	166.73	0.0059976	-0.033108	-0.028982	-1.3455	17.064	27.978	909.24	-0.0070088	undefined	undefined	liquid
22.280	24.774	166.73	0.0059976	-0.033108	-0.028981	-1.3455	17.064	27.978	909.24	-0.0070088	undefined	undefined	liquid
22.280	24.778	166.73	0.0059976	-0.033108	-0.028981	-1.3455	17.064	27.978	909.24	-0.0070088	undefined	undefined	liquid
22.280	24.782	166.73	0.0059976	-0.033109	-0.028980	-1.3455	17.064	27.978	909.24	-0.0070089	undefined	undefined	liquid
22.280	24.786	166.73	0.0059976	-0.033109	-0.028980	-1.3455	17.064	27.977	909.24	-0.0070089	undefined	undefined	liquid
22.280	24.791	166.73	0.0059976	-0.033109	-0.028980	-1.3455	17.064	27.977	909.25	-0.0070089	undefined	undefined	liquid
22.280	24.795	166.73	0.0059976	-0.033109	-0.028979	-1.3456	17.064	27.977	909.25	-0.0070089	undefined	undefined	liquid
22.280	24.799	166.73	0.0059976	-0.033109	-0.028979	-1.3456	17.064	27.977	909.25	-0.0070089	undefined	undefined	liquid
22.280	24.803	166.73	0.0059976	-0.033110	-0.028978	-1.3456	17.064	27.977	909.25	-0.0070089	undefined	undefined	liquid
22.280	24.807	166.73	0.0059976	-0.033110	-0.028978	-1.3456	17.064	27.977	909.25	-0.0070089	undefined	undefined	liquid
22.280	24.812	166.73	0.0059976	-0.033110	-0.028977	-1.3456	17.064	27.977	909.25	-0.0070089	undefined	undefined	liquid
22.280	24.816	166.73	0.0059976	-0.033110	-0.028977	-1.3456	17.064	27.977	909.25	-0.0070090	undefined	undefined	liquid
22.280	24.820	166.73	0.0059976	-0.033111	-0.028976	-1.3456	17.064	27.977	909.25	-0.0070090	undefined	undefined	liquid
22.280	24.824	166.73	0.0059976	-0.033111	-0.028976	-1.3456	17.064	27.977	909.25	-0.0070090	undefined	undefined	liquid
22.280	24.828	166.73	0.0059976	-0.033111	-0.028975	-1.3456	17.064	27.977	909.25	-0.0070090	undefined	undefined	liquid
22.280	24.833	166.73	0.0059976	-0.033111	-0.028975	-1.3457	17.064	27.977	909.25	-0.0070090	undefined	undefined	liquid
22.280	24.837	166.73	0.0059976	-0.033112	-0.028975	-1.3457	17.064	27.977	909.25	-0.0070090	undefined	undefined	liquid
22.280	24.841	166.73	0.0059976	-0.033112	-0.028974	-1.3457	17.064	27.977	909.25	-0.0070090	undefined	undefined	liquid
22.280	24.845	166.73	0.0059976	-0.033112	-0.028974	-1.3457	17.064	27.977	909.25	-0.0070090	undefined	undefined	liquid
22.280	24.849	166.73	0.0059976	-0.033112	-0.028973	-1.3457	17.064	27.977	909.25	-0.0070091	undefined	undefined	liquid
22.280	24.854	166.73	0.0059976	-0.033113	-0.028973	-1.3457	17.064	27.977	909.25	-0.0070091	undefined	undefined	liquid
22.280	24.858	166.73	0.0059976	-0.033113	-0.028972	-1.3457	17.064	27.977	909.25	-0.0070091	undefined	undefined	liquid
22.280	24.862	166.73	0.0059976	-0.033113	-0.028972	-1.3457	17.064	27.977	909.25	-0.0070091	undefined	undefined	liquid
22.280	24.866	166.73	0.0059976	-0.033113	-0.028971	-1.3457	17.064	27.977	909.25	-0.0070091	undefined	undefined	liquid
22.280	24.870	166.73	0.0059976	-0.033114	-0.028971	-1.3458	17.064	27.977	909.25	-0.0070091	undefined	undefined	liquid
22.280	24.875	166.73	0.0059975	-0.033114	-0.028970	-1.3458	17.064	27.977	909.26	-0.0070091	undefined	undefined	liquid
22.280	24.879	166.73	0.0059975	-0.033114	-0.028970	-1.3458	17.064	27.977	909.26	-0.0070092	undefined	undefined	liquid
22.280	24.883	166.73	0.0059975	-0.033114	-0.028969	-1.3458	17.064	27.977	909.26	-0.0070092	undefined	undefined	liquid
22.280	24.887	166.73	0.0059975	-0.033115	-0.028969	-1.3458	17.064	27.977	909.26	-0.0070092	undefined	undefined	liquid
22.280	24.891	166.74	0.0059975	-0.033115	-0.028969	-1.3458	17.064	27.977	909.26	-0.0070092	undefined	undefined	liquid
22.280	24.896	166.74	0.0059975	-0.033115	-0.028968	-1.3458	17.064	27.977	909.26	-0.0070092	undefined	undefined	liquid
22.280	24.900	166.74	0.0059975	-0.033115	-0.028968	-1.3458	17.064	27.977	909.26	-0.0070092	undefined	undefined	liquid
22.280	24.904	166.74	0.0059975	-0.033116	-0.028967	-1.3458	17.064	27.977	909.26	-0.0070092	undefined	undefined	liquid
22.280	24.908	166.74	0.0059975	-0.033116	-0.028967	-1.3459	17.064	27.977	909.26	-0.0070092	undefined	undefined	liquid
22.280	24.912	166.74	0.0059975	-0.033116	-0.028966	-1.3459	17.064	27.977	909.26	-0.0070093	undefined	undefined	liquid
22.280	24.917	166.74	0.0059975	-0.033116	-0.028966	-1.3459	17.064	27.977	909.26	-0.0070093	undefined	undefined	liquid
22.280	24.921	166.74	0.0059975	-0.033116	-0.028965	-1.3459	17.064	27.977	909.26	-0.0070093	undefined	undefined	liquid
22.280	24.925	166.74	0.0059975	-0.033117	-0.028965	-1.3459	17.064	27.977	909.26	-0.0070093	undefined	undefined	liquid
22.280	24.929	166.74	0.0059975	-0.033117	-0.028964	-1.3459	17.064	27.977	909.26	-0.0070093	undefined	undefined	liquid
22.280	24.933	166.74	0.0059975	-0.033117	-0.028964	-1.3459	17.064	27.977	909.26	-0.0070093	undefined	undefined	liquid
22.280	24.938	166.74	0.0059975	-0.033117	-0.028964	-1.3459	17.064	27.977	909.26	-0.0070093	undefined	undefined	liquid
22.280	24.942	166.74	0.0059975	-0.033118	-0.028963	-1.3459	17.064	27.977	909.26	-0.0070094	undefined	undefined	liquid
22.280	24.946	166.74	0.0059975	-0.033118	-0.028963	-1.3460	17.064	27.977	909.26	-0.0070094	undefined	undefined	liquid
22.280	24.950	166.74	0.0059975	-0.033118	-0.028962	-1.3460	17.064	27.977	909.26	-0.0070094	undefined	undefined	liquid
22.280	24.954	166.74	0.0059975	-0.033118	-0.028962	-1.3460	17.064	27.977	909.27	-0.0070094	undefined	undefined	liquid
22.280	24.959	166.74	0.0059975	-0.033119	-0.028961	-1.3460	17.064	27.977	909.27	-0.0070094	undefined	undefined	liquid
22.280	24.963	166.74	0.0059975	-0.033119	-0.028961	-1.3460	17.064	27.976	909.27	-0.0070094	undefined	undefined	liquid
22.280	24.967	166.74	0.0059975	-0.033119	-0.028960	-1.3460	17.064	27.976	909.27	-0.0070094	undefined	undefined	liquid
22.280	24.971	166.74	0.0059975	-0.033119	-0.028960	-1.3460	17.064	27.976	909.27	-0.0070094	undefined	undefined	liquid
22.280	24.975	166.74	0.0059975	-0.033120	-0.028959	-1.3460	17.064	27.976	909.27	-0.0070095	undefined	undefined	liquid
22.280	24.980	166.74	0.0059975	-0.033120	-0.028959	-1.3460	17.064	27.976	909.27	-0.0070095	undefined	undefined	liquid
22.280	24.984	166.74	0.0059975	-0.033120	-0.028959	-1.3460	17.064	27.976	909.27	-0.0070095	undefined	undefined	liquid
22.280	24.988	166.74	0.0059975	-0.033120	-0.028958	-1.3461	17.064	27.976	909.27	-0.0070095	undefined	undefined	liquid
22.280	24.992	166.74	0.0059975	-0.033121	-0.028958	-1.3461	17.064	27.976	909.27	-0.0070095	undefined	undefined	liquid
22.280	24.996	166.74	0.0059975	-0.033121	-0.028957	-1.3461	17.064	27.976	909.27	-0.0070095	undefined	undefined	liquid
22.280	25.001	166.74	0.0059975	-0.033121	-0.028957	-1.3461	17.064	27.976	909.27	-0.0070095	undefined	undefined	liquid
22.280	25.005	166.74	0.0059975	-0.033121	-0.028956	-1.3461	17.064	27.976	909.27	-0.0070095	undefined	undefined	liquid
22.280	25.009	166.74	0.0059975	-0.033122	-0.028956	-1.3461	17.064	27.976	909.27	-0.0070096	undefined	undefined	liquid
22.280	25.013	166.74	0.0059975	-0.033122	-0.028955	-1.3461	17.064	27.976	909.27	-0.0070096	undefined	undefined	liquid
22.280	25.017	166.74	0.0059975	-0.033122	-0.028955	-1.3461	17.064	27.976	909.27	-0.0070096	undefined	undefined	liquid
22.280	25.022	166.74	0.0059975	-0.033122	-0.028954	-1.3461	17.064	27.976	909.27	-0.0070096	undefined	undefined	liquid
22.280	25.026	166.74	0.0059975	-0.033122	-0.028954	-1.3462	17.064	27.976	909.27	-0.0070096	undefined	undefined	liquid
22.280	25.030	166.74	0.0059975	-0.033123	-0.028953	-1.3462	17.064	27.976	909.27	-0.0070096	undefined	undefined	liquid
22.280	25.034	166.74	0.0059975	-0.033123	-0.028953	-1.3462	17.064	27.976	909.28	-0.0070096	undefined	undefined	liquid
22.280	25.038	166.74	0.0059975	-0.033123	-0.028953	-1.3462	17.064	27.976	909.28	-0.0070097	undefined	undefined	liquid
22.280	25.043	166.74	0.0059975	-0.033123	-0.028952	-1.3462	17.064	27.976	909.28	-0.0070097	undefined	undefined	liquid
22.280	25.047	166.74	0.0059975	-0.033124	-0.028952	-1.3462	17.064	27.976	909.28	-0.0070097	undefined	undefined	liquid
22.280	25.051	166.74	0.0059975	-0.033124	-0.028951	-1.3462	17.064	27.976	909.28	-0.0070097	undefined	undefined	liquid
22.280	25.055	166.74	0.0059975	-0.033124	-0.028951	-1.3462	17.064	27.976	909.28	-0.0070097	undefined	undefined	liquid
22.280	25.059	166.74	0.0059975	-0.033124	-0.028950	-1.3462	17.064	27.976	909.28	-0.0070097	undefined	undefined	liquid
22.280	25.064	166.74	0.0059975	-0.033125	-0.028950	-1.3463	17.064	27.976	909.28	-0.0070097	undefined	undefined	liquid
22.280	25.068	166.74	0.0059975	-0.033125	-0.028949	-1.3463	17.064	27.976	909.28	-0.0070097	undefined	undefined	liquid
22.280	25.072	166.74	0.0059975	-0.033125	-0.028949	-1.3463	17.064	27.976	909.28	-0.0070098	undefined	undefined	liquid
22.280	25.076	166.74	0.0059974	-0.033125	-0.028948	-1.3463	17.064	27.976	909.28	-0.0070098	undefined	undefined	liquid
22.280	25.080	166.74	0.0059974	-0.033126	-0.028948	-1.3463	17.064	27.976	909.28	-0.0070098	undefined	undefined	liquid
22.280	25.085	166.74	0.0059974	-0.033126	-0.028948	-1.3463	17.064	27.976	909.28	-0.0070098	undefined	undefined	liquid
22.280	25.089	166.74	0.0059974	-0.033126	-0.028947	-1.3463	17.064	27.976	909.28	-0.0070098	undefined	undefined	liquid
22.280	25.093	166.74	0.0059974	-0.033126	-0.028947	-1.3463	17.064	27.976	909.28	-0.0070098	undefined	undefined	liquid
22.280	25.097	166.74	0.0059974	-0.033127	-0.028946	-1.3463	17.064	27.976	909.28	-0.0070098	undefined	undefined	liquid
22.280	25.101	166.74	0.0059974	-0.033127	-0.028946	-1.3464	17.064	27.976	909.28	-0.0070098	undefined	undefined	liquid
22.280	25.106	166.74	0.0059974	-0.033127	-0.028945	-1.3464	17.064	27.976	909.28	-0.0070099	undefined	undefined	liquid
22.280	25.110	166.74	0.0059974	-0.033127	-0.028945	-1.3464	17.064	27.976	909.28	-0.0070099	undefined	undefined	liquid
22.280	25.114	166.74	0.0059974	-0.033128	-0.028944	-1.3464	17.064	27.976	909.28	-0.0070099	undefined	undefined	liquid
22.280	25.118	166.74	0.0059974	-0.033128	-0.028944	-1.3464	17.064	27.976	909.29	-0.0070099	undefined	undefined	liquid
22.280	25.122	166.74	0.0059974	-0.033128	-0.028943	-1.3464	17.064	27.976	909.29	-0.0070099	undefined	undefined	liquid
22.280	25.127	166.74	0.0059974	-0.033128	-0.028943	-1.3464	17.064	27.976	909.29	-0.0070099	undefined	undefined	liquid
22.280	25.131	166.74	0.0059974	-0.033129	-0.028942	-1.3464	17.064	27.976	909.29	-0.0070099	undefined	undefined	liquid
22.280	25.135	166.74	0.0059974	-0.033129	-0.028942	-1.3464	17.064	27.976	909.29	-0.0070100	undefined	undefined	liquid
22.280	25.139	166.74	0.0059974	-0.033129	-0.028942	-1.3465	17.064	27.976	909.29	-0.0070100	undefined	undefined	liquid
22.280	25.143	166.74	0.0059974	-0.033129	-0.028941	-1.3465	17.064	27.975	909.29	-0.0070100	undefined	undefined	liquid
22.280	25.148	166.74	0.0059974	-0.033129	-0.028941	-1.3465	17.064	27.975	909.29	-0.0070100	undefined	undefined	liquid
22.280	25.152	166.74	0.0059974	-0.033130	-0.028940	-1.3465	17.064	27.975	909.29	-0.0070100	undefined	undefined	liquid
22.280	25.156	166.74	0.0059974	-0.033130	-0.028940	-1.3465	17.064	27.975	909.29	-0.0070100	undefined	undefined	liquid
22.280	25.160	166.74	0.0059974	-0.033130	-0.028939	-1.3465	17.064	27.975	909.29	-0.0070100	undefined	undefined	liquid
22.280	25.164	166.74	0.0059974	-0.033130	-0.028939	-1.3465	17.064	27.975	909.29	-0.0070100	undefined	undefined	liquid
22.280	25.169	166.74	0.0059974	-0.033131	-0.028938	-1.3465	17.064	27.975	909.29	-0.0070101	undefined	undefined	liquid
22.280	25.173	166.74	0.0059974	-0.033131	-0.028938	-1.3465	17.064	27.975	909.29	-0.0070101	undefined	undefined	liquid
22.280	25.177	166.74	0.0059974	-0.033131	-0.028937	-1.3465	17.064	27.975	909.29	-0.0070101	undefined	undefined	liquid
22.280	25.181	166.74	0.0059974	-0.033131	-0.028937	-1.3466	17.064	27.975	909.29	-0.0070101	undefined	undefined	liquid
22.280	25.185	166.74	0.0059974	-0.033132	-0.028937	-1.3466	17.064	27.975	909.29	-0.0070101	undefined	undefined	liquid
22.280	25.190	166.74	0.0059974	-0.033132	-0.028936	-1.3466	17.064	27.975	909.29	-0.0070101	undefined	undefined	liquid
22.280	25.194	166.74	0.0059974	-0.033132	-0.028936	-1.3466	17.064	27.975	909.29	-0.0070101	undefined	undefined	liquid
22.280	25.198	166.74	0.0059974	-0.033132	-0.028935	-1.3466	17.064	27.975	909.30	-0.0070101	undefined	undefined	liquid
22.280	25.202	166.74	0.0059974	-0.033133	-0.028935	-1.3466	17.064	27.975	909.30	-0.0070102	undefined	undefined	liquid
22.280	25.206	166.74	0.0059974	-0.033133	-0.028934	-1.3466	17.064	27.975	909.30	-0.0070102	undefined	undefined	liquid
22.280	25.211	166.74	0.0059974	-0.033133	-0.028934	-1.3466	17.064	27.975	909.30	-0.0070102	undefined	undefined	liquid
22.280	25.215	166.74	0.0059974	-0.033133	-0.028933	-1.3466	17.064	27.975	909.30	-0.0070102	undefined	undefined	liquid
22.280	25.219	166.74	0.0059974	-0.033134	-0.028933	-1.3467	17.064	27.975	909.30	-0.0070102	undefined	undefined	liquid
22.280	25.223	166.74	0.0059974	-0.033134	-0.028932	-1.3467	17.064	27.975	909.30	-0.0070102	undefined	undefined	liquid
22.280	25.227	166.74	0.0059974	-0.033134	-0.028932	-1.3467	17.064	27.975	909.30	-0.0070102	undefined	undefined	liquid
22.280	25.232	166.74	0.0059974	-0.033134	-0.028932	-1.3467	17.064	27.975	909.30	-0.0070103	undefined	undefined	liquid
22.280	25.236	166.74	0.0059974	-0.033135	-0.028931	-1.3467	17.064	27.975	909.30	-0.0070103	undefined	undefined	liquid
22.280	25.240	166.74	0.0059974	-0.033135	-0.028931	-1.3467	17.064	27.975	909.30	-0.0070103	undefined	undefined	liquid
22.280	25.244	166.74	0.0059974	-0.033135	-0.028930	-1.3467	17.064	27.975	909.30	-0.0070103	undefined	undefined	liquid
22.280	25.248	166.74	0.0059974	-0.033135	-0.028930	-1.3467	17.064	27.975	909.30	-0.0070103	undefined	undefined	liquid
22.280	25.253	166.74	0.0059974	-0.033135	-0.028929	-1.3467	17.064	27.975	909.30	-0.0070103	undefined	undefined	liquid
22.280	25.257	166.74	0.0059974	-0.033136	-0.028929	-1.3468	17.064	27.975	909.30	-0.0070103	undefined	undefined	liquid
22.280	25.261	166.74	0.0059974	-0.033136	-0.028928	-1.3468	17.064	27.975	909.30	-0.0070103	undefined	undefined	liquid
22.280	25.265	166.74	0.0059974	-0.033136	-0.028928	-1.3468	17.064	27.975	909.30	-0.0070104	undefined	undefined	liquid
22.280	25.269	166.74	0.0059974	-0.033136	-0.028927	-1.3468	17.064	27.975	909.30	-0.0070104	undefined	undefined	liquid
22.280	25.274	166.74	0.0059974	-0.033137	-0.028927	-1.3468	17.065	27.975	909.30	-0.0070104	undefined	undefined	liquid
22.280	25.278	166.74	0.0059974	-0.033137	-0.028926	-1.3468	17.065	27.975	909.31	-0.0070104	undefined	undefined	liquid
22.280	25.282	166.74	0.0059973	-0.033137	-0.028926	-1.3468	17.065	27.975	909.31	-0.0070104	undefined	undefined	liquid
22.280	25.286	166.74	0.0059973	-0.033137	-0.028926	-1.3468	17.065	27.975	909.31	-0.0070104	undefined	undefined	liquid
22.280	25.290	166.74	0.0059973	-0.033138	-0.028925	-1.3468	17.065	27.975	909.31	-0.0070104	undefined	undefined	liquid
22.280	25.295	166.74	0.0059973	-0.033138	-0.028925	-1.3469	17.065	27.975	909.31	-0.0070104	undefined	undefined	liquid
22.280	25.299	166.74	0.0059973	-0.033138	-0.028924	-1.3469	17.065	27.975	909.31	-0.0070105	undefined	undefined	liquid
22.280	25.303	166.74	0.0059973	-0.033138	-0.028924	-1.3469	17.065	27.975	909.31	-0.0070105	undefined	undefined	liquid
22.280	25.307	166.74	0.0059973	-0.033139	-0.028923	-1.3469	17.065	27.975	909.31	-0.0070105	undefined	undefined	liquid
22.280	25.311	166.74	0.0059973	-0.033139	-0.028923	-1.3469	17.065	27.975	909.31	-0.0070105	undefined	undefined	liquid
22.280	25.316	166.74	0.0059973	-0.033139	-0.028922	-1.3469	17.065	27.975	909.31	-0.0070105	undefined	undefined	liquid
22.280	25.320	166.74	0.0059973	-0.033139	-0.028922	-1.3469	17.065	27.975	909.31	-0.0070105	undefined	undefined	liquid
22.280	25.324	166.74	0.0059973	-0.033140	-0.028921	-1.3469	17.065	27.974	909.31	-0.0070105	undefined	undefined	liquid
22.280	25.328	166.74	0.0059973	-0.033140	-0.028921	-1.3469	17.065	27.974	909.31	-0.0070106	undefined	undefined	liquid
22.280	25.332	166.74	0.0059973	-0.033140	-0.028921	-1.3469	17.065	27.974	909.31	-0.0070106	undefined	undefined	liquid
22.280	25.337	166.74	0.0059973	-0.033140	-0.028920	-1.3470	17.065	27.974	909.31	-0.0070106	undefined	undefined	liquid
22.280	25.341	166.74	0.0059973	-0.033141	-0.028920	-1.3470	17.065	27.974	909.31	-0.0070106	undefined	undefined	liquid
22.280	25.345	166.74	0.0059973	-0.033141	-0.028919	-1.3470	17.065	27.974	909.31	-0.0070106	undefined	undefined	liquid
22.280	25.349	166.74	0.0059973	-0.033141	-0.028919	-1.3470	17.065	27.974	909.31	-0.0070106	undefined	undefined	liquid
22.280	25.353	166.74	0.0059973	-0.033141	-0.028918	-1.3470	17.065	27.974	909.31	-0.0070106	undefined	undefined	liquid
22.280	25.358	166.74	0.0059973	-0.033141	-0.028918	-1.3470	17.065	27.974	909.31	-0.0070106	undefined	undefined	liquid
22.280	25.362	166.74	0.0059973	-0.033142	-0.028917	-1.3470	17.065	27.974	909.32	-0.0070107	undefined	undefined	liquid
22.280	25.366	166.74	0.0059973	-0.033142	-0.028917	-1.3470	17.065	27.974	909.32	-0.0070107	undefined	undefined	liquid
22.280	25.370	166.74	0.0059973	-0.033142	-0.028916	-1.3470	17.065	27.974	909.32	-0.0070107	undefined	undefined	liquid
22.280	25.374	166.74	0.0059973	-0.033142	-0.028916	-1.3471	17.065	27.974	909.32	-0.0070107	undefined	undefined	liquid
22.280	25.379	166.74	0.0059973	-0.033143	-0.028915	-1.3471	17.065	27.974	909.32	-0.0070107	undefined	undefined	liquid
22.280	25.383	166.74	0.0059973	-0.033143	-0.028915	-1.3471	17.065	27.974	909.32	-0.0070107	undefined	undefined	liquid
22.280	25.387	166.74	0.0059973	-0.033143	-0.028915	-1.3471	17.065	27.974	909.32	-0.0070107	undefined	undefined	liquid
22.280	25.391	166.74	0.0059973	-0.033143	-0.028914	-1.3471	17.065	27.974	909.32	-0.0070107	undefined	undefined	liquid
22.280	25.395	166.74	0.0059973	-0.033144	-0.028914	-1.3471	17.065	27.974	909.32	-0.0070108	undefined	undefined	liquid
22.280	25.400	166.74	0.0059973	-0.033144	-0.028913	-1.3471	17.065	27.974	909.32	-0.0070108	undefined	undefined	liquid
22.280	25.404	166.74	0.0059973	-0.033144	-0.028913	-1.3471	17.065	27.974	909.32	-0.0070108	undefined	undefined	liquid
22.280	25.408	166.74	0.0059973	-0.033144	-0.028912	-1.3471	17.065	27.974	909.32	-0.0070108	undefined	undefined	liquid
22.280	25.412	166.74	0.0059973	-0.033145	-0.028912	-1.3472	17.065	27.974	909.32	-0.0070108	undefined	undefined	liquid
22.280	25.416	166.74	0.0059973	-0.033145	-0.028911	-1.3472	17.065	27.974	909.32	-0.0070108	undefined	undefined	liquid
22.280	25.421	166.74	0.0059973	-0.033145	-0.028911	-1.3472	17.065	27.974	909.32	-0.0070108	undefined	undefined	liquid
22.280	25.425	166.74	0.0059973	-0.033145	-0.028910	-1.3472	17.065	27.974	909.32	-0.0070109	undefined	undefined	liquid
22.280	25.429	166.74	0.0059973	-0.033146	-0.028910	-1.3472	17.065	27.974	909.32	-0.0070109	undefined	undefined	liquid
22.280	25.433	166.74	0.0059973	-0.033146	-0.028910	-1.3472	17.065	27.974	909.32	-0.0070109	undefined	undefined	liquid
22.280	25.437	166.74	0.0059973	-0.033146	-0.028909	-1.3472	17.065	27.974	909.32	-0.0070109	undefined	undefined	liquid
22.280	25.442	166.74	0.0059973	-0.033146	-0.028909	-1.3472	17.065	27.974	909.33	-0.0070109	undefined	undefined	liquid
22.280	25.446	166.74	0.0059973	-0.033147	-0.028908	-1.3472	17.065	27.974	909.33	-0.0070109	undefined	undefined	liquid
22.280	25.450	166.74	0.0059973	-0.033147	-0.028908	-1.3473	17.065	27.974	909.33	-0.0070109	undefined	undefined	liquid
22.280	25.454	166.74	0.0059973	-0.033147	-0.028907	-1.3473	17.065	27.974	909.33	-0.0070109	undefined	undefined	liquid
22.280	25.458	166.74	0.0059973	-0.033147	-0.028907	-1.3473	17.065	27.974	909.33	-0.0070110	undefined	undefined	liquid
22.280	25.463	166.74	0.0059973	-0.033148	-0.028906	-1.3473	17.065	27.974	909.33	-0.0070110	undefined	undefined	liquid
22.280	25.467	166.74	0.0059973	-0.033148	-0.028906	-1.3473	17.065	27.974	909.33	-0.0070110	undefined	undefined	liquid
22.280	25.471	166.74	0.0059973	-0.033148	-0.028905	-1.3473	17.065	27.974	909.33	-0.0070110	undefined	undefined	liquid
22.280	25.475	166.74	0.0059973	-0.033148	-0.028905	-1.3473	17.065	27.974	909.33	-0.0070110	undefined	undefined	liquid
22.280	25.479	166.74	0.0059973	-0.033148	-0.028905	-1.3473	17.065	27.974	909.33	-0.0070110	undefined	undefined	liquid
22.280	25.484	166.74	0.0059972	-0.033149	-0.028904	-1.3473	17.065	27.974	909.33	-0.0070110	undefined	undefined	liquid
22.280	25.488	166.74	0.0059972	-0.033149	-0.028904	-1.3474	17.065	27.974	909.33	-0.0070110	undefined	undefined	liquid
22.280	25.492	166.74	0.0059972	-0.033149	-0.028903	-1.3474	17.065	27.974	909.33	-0.0070111	undefined	undefined	liquid
22.280	25.496	166.74	0.0059972	-0.033149	-0.028903	-1.3474	17.065	27.974	909.33	-0.0070111	undefined	undefined	liquid
22.280	25.500	166.74	0.0059972	-0.033150	-0.028902	-1.3474	17.065	27.973	909.33	-0.0070111	undefined	undefined	liquid
22.280	25.505	166.74	0.0059972	-0.033150	-0.028902	-1.3474	17.065	27.973	909.33	-0.0070111	undefined	undefined	liquid
22.280	25.509	166.74	0.0059972	-0.033150	-0.028901	-1.3474	17.065	27.973	909.33	-0.0070111	undefined	undefined	liquid
22.280	25.513	166.74	0.0059972	-0.033150	-0.028901	-1.3474	17.065	27.973	909.33	-0.0070111	undefined	undefined	liquid
22.280	25.517	166.74	0.0059972	-0.033151	-0.028900	-1.3474	17.065	27.973	909.33	-0.0070111	undefined	undefined	liquid
22.280	25.521	166.74	0.0059972	-0.033151	-0.028900	-1.3474	17.065	27.973	909.34	-0.0070112	undefined	undefined	liquid
22.280	25.526	166.74	0.0059972	-0.033151	-0.028899	-1.3474	17.065	27.973	909.34	-0.0070112	undefined	undefined	liquid
22.280	25.530	166.74	0.0059972	-0.033151	-0.028899	-1.3475	17.065	27.973	909.34	-0.0070112	undefined	undefined	liquid
22.280	25.534	166.74	0.0059972	-0.033152	-0.028899	-1.3475	17.065	27.973	909.34	-0.0070112	undefined	undefined	liquid
22.280	25.538	166.74	0.0059972	-0.033152	-0.028898	-1.3475	17.065	27.973	909.34	-0.0070112	undefined	undefined	liquid
22.280	25.542	166.74	0.0059972	-0.033152	-0.028898	-1.3475	17.065	27.973	909.34	-0.0070112	undefined	undefined	liquid
22.280	25.547	166.74	0.0059972	-0.033152	-0.028897	-1.3475	17.065	27.973	909.34	-0.0070112	undefined	undefined	liquid
22.280	25.551	166.74	0.0059972	-0.033153	-0.028897	-1.3475	17.065	27.973	909.34	-0.0070112	undefined	undefined	liquid
22.280	25.555	166.74	0.0059972	-0.033153	-0.028896	-1.3475	17.065	27.973	909.34	-0.0070113	undefined	undefined	liquid
22.280	25.559	166.74	0.0059972	-0.033153	-0.028896	-1.3475	17.065	27.973	909.34	-0.0070113	undefined	undefined	liquid
22.280	25.563	166.74	0.0059972	-0.033153	-0.028895	-1.3475	17.065	27.973	909.34	-0.0070113	undefined	undefined	liquid
22.280	25.568	166.74	0.0059972	-0.033154	-0.028895	-1.3476	17.065	27.973	909.34	-0.0070113	undefined	undefined	liquid
22.280	25.572	166.74	0.0059972	-0.033154	-0.028894	-1.3476	17.065	27.973	909.34	-0.0070113	undefined	undefined	liquid
22.280	25.576	166.74	0.0059972	-0.033154	-0.028894	-1.3476	17.065	27.973	909.34	-0.0070113	undefined	undefined	liquid
22.280	25.580	166.74	0.0059972	-0.033154	-0.028894	-1.3476	17.065	27.973	909.34	-0.0070113	undefined	undefined	liquid
22.280	25.584	166.74	0.0059972	-0.033154	-0.028893	-1.3476	17.065	27.973	909.34	-0.0070114	undefined	undefined	liquid
22.280	25.589	166.74	0.0059972	-0.033155	-0.028893	-1.3476	17.065	27.973	909.34	-0.0070114	undefined	undefined	liquid
22.280	25.593	166.74	0.0059972	-0.033155	-0.028892	-1.3476	17.065	27.973	909.34	-0.0070114	undefined	undefined	liquid
22.280	25.597	166.74	0.0059972	-0.033155	-0.028892	-1.3476	17.065	27.973	909.34	-0.0070114	undefined	undefined	liquid
22.280	25.601	166.74	0.0059972	-0.033155	-0.028891	-1.3476	17.065	27.973	909.35	-0.0070114	undefined	undefined	liquid
22.280	25.605	166.74	0.0059972	-0.033156	-0.028891	-1.3477	17.065	27.973	909.35	-0.0070114	undefined	undefined	liquid
22.280	25.610	166.74	0.0059972	-0.033156	-0.028890	-1.3477	17.065	27.973	909.35	-0.0070114	undefined	undefined	liquid
22.280	25.614	166.74	0.0059972	-0.033156	-0.028890	-1.3477	17.065	27.973	909.35	-0.0070114	undefined	undefined	liquid
22.280	25.618	166.74	0.0059972	-0.033156	-0.028889	-1.3477	17.065	27.973	909.35	-0.0070115	undefined	undefined	liquid
22.280	25.622	166.75	0.0059972	-0.033157	-0.028889	-1.3477	17.065	27.973	909.35	-0.0070115	undefined	undefined	liquid
22.280	25.626	166.75	0.0059972	-0.033157	-0.028888	-1.3477	17.065	27.973	909.35	-0.0070115	undefined	undefined	liquid
22.280	25.631	166.75	0.0059972	-0.033157	-0.028888	-1.3477	17.065	27.973	909.35	-0.0070115	undefined	undefined	liquid
22.280	25.635	166.75	0.0059972	-0.033157	-0.028888	-1.3477	17.065	27.973	909.35	-0.0070115	undefined	undefined	liquid
22.280	25.639	166.75	0.0059972	-0.033158	-0.028887	-1.3477	17.065	27.973	909.35	-0.0070115	undefined	undefined	liquid
22.280	25.643	166.75	0.0059972	-0.033158	-0.028887	-1.3478	17.065	27.973	909.35	-0.0070115	undefined	undefined	liquid
22.280	25.647	166.75	0.0059972	-0.033158	-0.028886	-1.3478	17.065	27.973	909.35	-0.0070115	undefined	undefined	liquid
22.280	25.652	166.75	0.0059972	-0.033158	-0.028886	-1.3478	17.065	27.973	909.35	-0.0070116	undefined	undefined	liquid
22.280	25.656	166.75	0.0059972	-0.033159	-0.028885	-1.3478	17.065	27.973	909.35	-0.0070116	undefined	undefined	liquid
22.280	25.660	166.75	0.0059972	-0.033159	-0.028885	-1.3478	17.065	27.973	909.35	-0.0070116	undefined	undefined	liquid
22.280	25.664	166.75	0.0059972	-0.033159	-0.028884	-1.3478	17.065	27.973	909.35	-0.0070116	undefined	undefined	liquid
22.280	25.668	166.75	0.0059972	-0.033159	-0.028884	-1.3478	17.065	27.973	909.35	-0.0070116	undefined	undefined	liquid
22.280	25.673	166.75	0.0059972	-0.033160	-0.028883	-1.3478	17.065	27.973	909.35	-0.0070116	undefined	undefined	liquid
22.280	25.677	166.75	0.0059972	-0.033160	-0.028883	-1.3478	17.065	27.973	909.35	-0.0070116	undefined	undefined	liquid
22.280	25.681	166.75	0.0059972	-0.033160	-0.028883	-1.3479	17.065	27.972	909.35	-0.0070117	undefined	undefined	liquid
22.280	25.685	166.75	0.0059972	-0.033160	-0.028882	-1.3479	17.065	27.972	909.36	-0.0070117	undefined	undefined	liquid
22.280	25.689	166.75	0.0059971	-0.033160	-0.028882	-1.3479	17.065	27.972	909.36	-0.0070117	undefined	undefined	liquid
22.280	25.694	166.75	0.0059971	-0.033161	-0.028881	-1.3479	17.065	27.972	909.36	-0.0070117	undefined	undefined	liquid
22.280	25.698	166.75	0.0059971	-0.033161	-0.028881	-1.3479	17.065	27.972	909.36	-0.0070117	undefined	undefined	liquid
22.280	25.702	166.75	0.0059971	-0.033161	-0.028880	-1.3479	17.065	27.972	909.36	-0.0070117	undefined	undefined	liquid
22.280	25.706	166.75	0.0059971	-0.033161	-0.028880	-1.3479	17.065	27.972	909.36	-0.0070117	undefined	undefined	liquid
22.280	25.710	166.75	0.0059971	-0.033162	-0.028879	-1.3479	17.065	27.972	909.36	-0.0070117	undefined	undefined	liquid
22.280	25.715	166.75	0.0059971	-0.033162	-0.028879	-1.3479	17.065	27.972	909.36	-0.0070118	undefined	undefined	liquid
22.280	25.719	166.75	0.0059971	-0.033162	-0.028878	-1.3479	17.065	27.972	909.36	-0.0070118	undefined	undefined	liquid
22.280	25.723	166.75	0.0059971	-0.033162	-0.028878	-1.3480	17.065	27.972	909.36	-0.0070118	undefined	undefined	liquid
22.280	25.727	166.75	0.0059971	-0.033163	-0.028878	-1.3480	17.065	27.972	909.36	-0.0070118	undefined	undefined	liquid
22.280	25.731	166.75	0.0059971	-0.033163	-0.028877	-1.3480	17.065	27.972	909.36	-0.0070118	undefined	undefined	liquid
22.280	25.736	166.75	0.0059971	-0.033163	-0.028877	-1.3480	17.065	27.972	909.36	-0.0070118	undefined	undefined	liquid
22.280	25.740	166.75	0.0059971	-0.033163	-0.028876	-1.3480	17.065	27.972	909.36	-0.0070118	undefined	undefined	liquid
22.280	25.744	166.75	0.0059971	-0.033164	-0.028876	-1.3480	17.065	27.972	909.36	-0.0070118	undefined	undefined	liquid
22.280	25.748	166.75	0.0059971	-0.033164	-0.028875	-1.3480	17.065	27.972	909.36	-0.0070119	undefined	undefined	liquid
22.280	25.752	166.75	0.0059971	-0.033164	-0.028875	-1.3480	17.065	27.972	909.36	-0.0070119	undefined	undefined	liquid
22.280	25.757	166.75	0.0059971	-0.033164	-0.028874	-1.3480	17.065	27.972	909.36	-0.0070119	undefined	undefined	liquid
22.280	25.761	166.75	0.0059971	-0.033165	-0.028874	-1.3481	17.065	27.972	909.36	-0.0070119	undefined	undefined	liquid
22.280	25.765	166.75	0.0059971	-0.033165	-0.028873	-1.3481	17.065	27.972	909.37	-0.0070119	undefined	undefined	liquid
22.280	25.769	166.75	0.0059971	-0.033165	-0.028873	-1.3481	17.065	27.972	909.37	-0.0070119	undefined	undefined	liquid
22.280	25.773	166.75	0.0059971	-0.033165	-0.028872	-1.3481	17.065	27.972	909.37	-0.0070119	undefined	undefined	liquid
22.280	25.778	166.75	0.0059971	-0.033166	-0.028872	-1.3481	17.065	27.972	909.37	-0.0070120	undefined	undefined	liquid
22.280	25.782	166.75	0.0059971	-0.033166	-0.028872	-1.3481	17.065	27.972	909.37	-0.0070120	undefined	undefined	liquid
22.280	25.786	166.75	0.0059971	-0.033166	-0.028871	-1.3481	17.065	27.972	909.37	-0.0070120	undefined	undefined	liquid
22.280	25.790	166.75	0.0059971	-0.033166	-0.028871	-1.3481	17.065	27.972	909.37	-0.0070120	undefined	undefined	liquid
22.280	25.794	166.75	0.0059971	-0.033166	-0.028870	-1.3481	17.065	27.972	909.37	-0.0070120	undefined	undefined	liquid
22.280	25.799	166.75	0.0059971	-0.033167	-0.028870	-1.3482	17.065	27.972	909.37	-0.0070120	undefined	undefined	liquid
22.280	25.803	166.75	0.0059971	-0.033167	-0.028869	-1.3482	17.065	27.972	909.37	-0.0070120	undefined	undefined	liquid
22.280	25.807	166.75	0.0059971	-0.033167	-0.028869	-1.3482	17.065	27.972	909.37	-0.0070120	undefined	undefined	liquid
22.280	25.811	166.75	0.0059971	-0.033167	-0.028868	-1.3482	17.065	27.972	909.37	-0.0070121	undefined	undefined	liquid
22.280	25.815	166.75	0.0059971	-0.033168	-0.028868	-1.3482	17.065	27.972	909.37	-0.0070121	undefined	undefined	liquid
22.280	25.820	166.75	0.0059971	-0.033168	-0.028867	-1.3482	17.065	27.972	909.37	-0.0070121	undefined	undefined	liquid
22.280	25.824	166.75	0.0059971	-0.033168	-0.028867	-1.3482	17.065	27.972	909.37	-0.0070121	undefined	undefined	liquid
22.280	25.828	166.75	0.0059971	-0.033168	-0.028867	-1.3482	17.065	27.972	909.37	-0.0070121	undefined	undefined	liquid
22.280	25.832	166.75	0.0059971	-0.033169	-0.028866	-1.3482	17.065	27.972	909.37	-0.0070121	undefined	undefined	liquid
22.280	25.836	166.75	0.0059971	-0.033169	-0.028866	-1.3483	17.065	27.972	909.37	-0.0070121	undefined	undefined	liquid
22.280	25.841	166.75	0.0059971	-0.033169	-0.028865	-1.3483	17.065	27.972	909.37	-0.0070121	undefined	undefined	liquid
22.280	25.845	166.75	0.0059971	-0.033169	-0.028865	-1.3483	17.065	27.972	909.38	-0.0070122	undefined	undefined	liquid
22.280	25.849	166.75	0.0059971	-0.033170	-0.028864	-1.3483	17.065	27.972	909.38	-0.0070122	undefined	undefined	liquid
22.280	25.853	166.75	0.0059971	-0.033170	-0.028864	-1.3483	17.065	27.972	909.38	-0.0070122	undefined	undefined	liquid
22.280	25.857	166.75	0.0059971	-0.033170	-0.028863	-1.3483	17.065	27.971	909.38	-0.0070122	undefined	undefined	liquid
22.280	25.862	166.75	0.0059971	-0.033170	-0.028863	-1.3483	17.065	27.971	909.38	-0.0070122	undefined	undefined	liquid
22.280	25.866	166.75	0.0059971	-0.033171	-0.028862	-1.3483	17.065	27.971	909.38	-0.0070122	undefined	undefined	liquid
22.280	25.870	166.75	0.0059971	-0.033171	-0.028862	-1.3483	17.065	27.971	909.38	-0.0070122	undefined	undefined	liquid
22.280	25.874	166.75	0.0059971	-0.033171	-0.028861	-1.3484	17.065	27.971	909.38	-0.0070123	undefined	undefined	liquid
22.280	25.878	166.75	0.0059971	-0.033171	-0.028861	-1.3484	17.066	27.971	909.38	-0.0070123	undefined	undefined	liquid
22.280	25.883	166.75	0.0059971	-0.033172	-0.028861	-1.3484	17.066	27.971	909.38	-0.0070123	undefined	undefined	liquid
22.280	25.887	166.75	0.0059971	-0.033172	-0.028860	-1.3484	17.066	27.971	909.38	-0.0070123	undefined	undefined	liquid
22.280	25.891	166.75	0.0059970	-0.033172	-0.028860	-1.3484	17.066	27.971	909.38	-0.0070123	undefined	undefined	liquid
22.280	25.895	166.75	0.0059970	-0.033172	-0.028859	-1.3484	17.066	27.971	909.38	-0.0070123	undefined	undefined	liquid
22.280	25.899	166.75	0.0059970	-0.033173	-0.028859	-1.3484	17.066	27.971	909.38	-0.0070123	undefined	undefined	liquid
22.280	25.904	166.75	0.0059970	-0.033173	-0.028858	-1.3484	17.066	27.971	909.38	-0.0070123	undefined	undefined	liquid
22.280	25.908	166.75	0.0059970	-0.033173	-0.028858	-1.3484	17.066	27.971	909.38	-0.0070124	undefined	undefined	liquid
22.280	25.912	166.75	0.0059970	-0.033173	-0.028857	-1.3484	17.066	27.971	909.38	-0.0070124	undefined	undefined	liquid
22.280	25.916	166.75	0.0059970	-0.033173	-0.028857	-1.3485	17.066	27.971	909.38	-0.0070124	undefined	undefined	liquid
22.280	25.920	166.75	0.0059970	-0.033174	-0.028856	-1.3485	17.066	27.971	909.38	-0.0070124	undefined	undefined	liquid
22.280	25.925	166.75	0.0059970	-0.033174	-0.028856	-1.3485	17.066	27.971	909.39	-0.0070124	undefined	undefined	liquid
22.280	25.929	166.75	0.0059970	-0.033174	-0.028856	-1.3485	17.066	27.971	909.39	-0.0070124	undefined	undefined	liquid
22.280	25.933	166.75	0.0059970	-0.033174	-0.028855	-1.3485	17.066	27.971	909.39	-0.0070124	undefined	undefined	liquid
22.280	25.937	166.75	0.0059970	-0.033175	-0.028855	-1.3485	17.066	27.971	909.39	-0.0070124	undefined	undefined	liquid
22.280	25.941	166.75	0.0059970	-0.033175	-0.028854	-1.3485	17.066	27.971	909.39	-0.0070125	undefined	undefined	liquid
22.280	25.946	166.75	0.0059970	-0.033175	-0.028854	-1.3485	17.066	27.971	909.39	-0.0070125	undefined	undefined	liquid
22.280	25.950	166.75	0.0059970	-0.033175	-0.028853	-1.3485	17.066	27.971	909.39	-0.0070125	undefined	undefined	liquid
22.280	25.954	166.75	0.0059970	-0.033176	-0.028853	-1.3486	17.066	27.971	909.39	-0.0070125	undefined	undefined	liquid
22.280	25.958	166.75	0.0059970	-0.033176	-0.028852	-1.3486	17.066	27.971	909.39	-0.0070125	undefined	undefined	liquid
22.280	25.962	166.75	0.0059970	-0.033176	-0.028852	-1.3486	17.066	27.971	909.39	-0.0070125	undefined	undefined	liquid
22.280	25.967	166.75	0.0059970	-0.033176	-0.028851	-1.3486	17.066	27.971	909.39	-0.0070125	undefined	undefined	liquid
22.280	25.971	166.75	0.0059970	-0.033177	-0.028851	-1.3486	17.066	27.971	909.39	-0.0070126	undefined	undefined	liquid
22.280	25.975	166.75	0.0059970	-0.033177	-0.028851	-1.3486	17.066	27.971	909.39	-0.0070126	undefined	undefined	liquid
22.280	25.979	166.75	0.0059970	-0.033177	-0.028850	-1.3486	17.066	27.971	909.39	-0.0070126	undefined	undefined	liquid
22.280	25.983	166.75	0.0059970	-0.033177	-0.028850	-1.3486	17.066	27.971	909.39	-0.0070126	undefined	undefined	liquid
22.280	25.988	166.75	0.0059970	-0.033178	-0.028849	-1.3486	17.066	27.971	909.39	-0.0070126	undefined	undefined	liquid
22.280	25.992	166.75	0.0059970	-0.033178	-0.028849	-1.3487	17.066	27.971	909.39	-0.0070126	undefined	undefined	liquid
22.280	25.996	166.75	0.0059970	-0.033178	-0.028848	-1.3487	17.066	27.971	909.39	-0.0070126	undefined	undefined	liquid
22.280	26.000	166.75	0.0059970	-0.033178	-0.028848	-1.3487	17.066	27.971	909.39	-0.0070126	undefined	undefined	liquid
22.280	26.004	166.75	0.0059970	-0.033179	-0.028847	-1.3487	17.066	27.971	909.40	-0.0070127	undefined	undefined	liquid
22.280	26.009	166.75	0.0059970	-0.033179	-0.028847	-1.3487	17.066	27.971	909.40	-0.0070127	undefined	undefined	liquid
22.280	26.013	166.75	0.0059970	-0.033179	-0.028846	-1.3487	17.066	27.971	909.40	-0.0070127	undefined	undefined	liquid
22.280	26.017	166.75	0.0059970	-0.033179	-0.028846	-1.3487	17.066	27.971	909.40	-0.0070127	undefined	undefined	liquid
22.280	26.021	166.75	0.0059970	-0.033179	-0.028845	-1.3487	17.066	27.971	909.40	-0.0070127	undefined	undefined	liquid
22.280	26.025	166.75	0.0059970	-0.033180	-0.028845	-1.3487	17.066	27.971	909.40	-0.0070127	undefined	undefined	liquid
22.280	26.030	166.75	0.0059970	-0.033180	-0.028845	-1.3488	17.066	27.971	909.40	-0.0070127	undefined	undefined	liquid
22.280	26.034	166.75	0.0059970	-0.033180	-0.028844	-1.3488	17.066	27.971	909.40	-0.0070127	undefined	undefined	liquid
22.280	26.038	166.75	0.0059970	-0.033180	-0.028844	-1.3488	17.066	27.970	909.40	-0.0070128	undefined	undefined	liquid
22.280	26.042	166.75	0.0059970	-0.033181	-0.028843	-1.3488	17.066	27.970	909.40	-0.0070128	undefined	undefined	liquid
22.280	26.046	166.75	0.0059970	-0.033181	-0.028843	-1.3488	17.066	27.970	909.40	-0.0070128	undefined	undefined	liquid
22.280	26.051	166.75	0.0059970	-0.033181	-0.028842	-1.3488	17.066	27.970	909.40	-0.0070128	undefined	undefined	liquid
22.280	26.055	166.75	0.0059970	-0.033181	-0.028842	-1.3488	17.066	27.970	909.40	-0.0070128	undefined	undefined	liquid
22.280	26.059	166.75	0.0059970	-0.033182	-0.028841	-1.3488	17.066	27.970	909.40	-0.0070128	undefined	undefined	liquid
22.280	26.063	166.75	0.0059970	-0.033182	-0.028841	-1.3488	17.066	27.970	909.40	-0.0070128	undefined	undefined	liquid
22.280	26.067	166.75	0.0059970	-0.033182	-0.028840	-1.3488	17.066	27.970	909.40	-0.0070129	undefined	undefined	liquid
22.280	26.072	166.75	0.0059970	-0.033182	-0.028840	-1.3489	17.066	27.970	909.40	-0.0070129	undefined	undefined	liquid
22.280	26.076	166.75	0.0059970	-0.033183	-0.028840	-1.3489	17.066	27.970	909.40	-0.0070129	undefined	undefined	liquid
22.280	26.080	166.75	0.0059970	-0.033183	-0.028839	-1.3489	17.066	27.970	909.40	-0.0070129	undefined	undefined	liquid
22.280	26.084	166.75	0.0059970	-0.033183	-0.028839	-1.3489	17.066	27.970	909.41	-0.0070129	undefined	undefined	liquid
22.280	26.088	166.75	0.0059970	-0.033183	-0.028838	-1.3489	17.066	27.970	909.41	-0.0070129	undefined	undefined	liquid
22.280	26.093	166.75	0.0059970	-0.033184	-0.028838	-1.3489	17.066	27.970	909.41	-0.0070129	undefined	undefined	liquid
22.280	26.097	166.75	0.0059969	-0.033184	-0.028837	-1.3489	17.066	27.970	909.41	-0.0070129	undefined	undefined	liquid
22.280	26.101	166.75	0.0059969	-0.033184	-0.028837	-1.3489	17.066	27.970	909.41	-0.0070130	undefined	undefined	liquid
22.280	26.105	166.75	0.0059969	-0.033184	-0.028836	-1.3489	17.066	27.970	909.41	-0.0070130	undefined	undefined	liquid
22.280	26.109	166.75	0.0059969	-0.033185	-0.028836	-1.3490	17.066	27.970	909.41	-0.0070130	undefined	undefined	liquid
22.280	26.114	166.75	0.0059969	-0.033185	-0.028835	-1.3490	17.066	27.970	909.41	-0.0070130	undefined	undefined	liquid
22.280	26.118	166.75	0.0059969	-0.033185	-0.028835	-1.3490	17.066	27.970	909.41	-0.0070130	undefined	undefined	liquid
22.280	26.122	166.75	0.0059969	-0.033185	-0.028834	-1.3490	17.066	27.970	909.41	-0.0070130	undefined	undefined	liquid
22.280	26.126	166.75	0.0059969	-0.033185	-0.028834	-1.3490	17.066	27.970	909.41	-0.0070130	undefined	undefined	liquid
22.280	26.130	166.75	0.0059969	-0.033186	-0.028834	-1.3490	17.066	27.970	909.41	-0.0070131	undefined	undefined	liquid
22.280	26.135	166.75	0.0059969	-0.033186	-0.028833	-1.3490	17.066	27.970	909.41	-0.0070131	undefined	undefined	liquid
22.280	26.139	166.75	0.0059969	-0.033186	-0.028833	-1.3490	17.066	27.970	909.41	-0.0070131	undefined	undefined	liquid
22.280	26.143	166.75	0.0059969	-0.033186	-0.028832	-1.3490	17.066	27.970	909.41	-0.0070131	undefined	undefined	liquid
22.280	26.147	166.75	0.0059969	-0.033187	-0.028832	-1.3491	17.066	27.970	909.41	-0.0070131	undefined	undefined	liquid
22.280	26.151	166.75	0.0059969	-0.033187	-0.028831	-1.3491	17.066	27.970	909.41	-0.0070131	undefined	undefined	liquid
22.280	26.156	166.75	0.0059969	-0.033187	-0.028831	-1.3491	17.066	27.970	909.41	-0.0070131	undefined	undefined	liquid
22.280	26.160	166.75	0.0059969	-0.033187	-0.028830	-1.3491	17.066	27.970	909.41	-0.0070131	undefined	undefined	liquid
22.280	26.164	166.75	0.0059969	-0.033188	-0.028830	-1.3491	17.066	27.970	909.41	-0.0070132	undefined	undefined	liquid
22.280	26.168	166.75	0.0059969	-0.033188	-0.028829	-1.3491	17.066	27.970	909.42	-0.0070132	undefined	undefined	liquid
22.280	26.172	166.75	0.0059969	-0.033188	-0.028829	-1.3491	17.066	27.970	909.42	-0.0070132	undefined	undefined	liquid
22.280	26.177	166.75	0.0059969	-0.033188	-0.028829	-1.3491	17.066	27.970	909.42	-0.0070132	undefined	undefined	liquid
22.280	26.181	166.75	0.0059969	-0.033189	-0.028828	-1.3491	17.066	27.970	909.42	-0.0070132	undefined	undefined	liquid
22.280	26.185	166.75	0.0059969	-0.033189	-0.028828	-1.3492	17.066	27.970	909.42	-0.0070132	undefined	undefined	liquid
22.280	26.189	166.75	0.0059969	-0.033189	-0.028827	-1.3492	17.066	27.970	909.42	-0.0070132	undefined	undefined	liquid
22.280	26.193	166.75	0.0059969	-0.033189	-0.028827	-1.3492	17.066	27.970	909.42	-0.0070132	undefined	undefined	liquid
22.280	26.198	166.75	0.0059969	-0.033190	-0.028826	-1.3492	17.066	27.970	909.42	-0.0070133	undefined	undefined	liquid
22.280	26.202	166.75	0.0059969	-0.033190	-0.028826	-1.3492	17.066	27.970	909.42	-0.0070133	undefined	undefined	liquid
22.280	26.206	166.75	0.0059969	-0.033190	-0.028825	-1.3492	17.066	27.970	909.42	-0.0070133	undefined	undefined	liquid
22.280	26.210	166.75	0.0059969	-0.033190	-0.028825	-1.3492	17.066	27.970	909.42	-0.0070133	undefined	undefined	liquid
22.280	26.214	166.75	0.0059969	-0.033191	-0.028824	-1.3492	17.066	27.970	909.42	-0.0070133	undefined	undefined	liquid
22.280	26.219	166.75	0.0059969	-0.033191	-0.028824	-1.3492	17.066	27.969	909.42	-0.0070133	undefined	undefined	liquid
22.280	26.223	166.75	0.0059969	-0.033191	-0.028823	-1.3493	17.066	27.969	909.42	-0.0070133	undefined	undefined	liquid
22.280	26.227	166.75	0.0059969	-0.033191	-0.028823	-1.3493	17.066	27.969	909.42	-0.0070134	undefined	undefined	liquid
22.280	26.231	166.75	0.0059969	-0.033191	-0.028823	-1.3493	17.066	27.969	909.42	-0.0070134	undefined	undefined	liquid
22.280	26.235	166.75	0.0059969	-0.033192	-0.028822	-1.3493	17.066	27.969	909.42	-0.0070134	undefined	undefined	liquid
22.280	26.240	166.75	0.0059969	-0.033192	-0.028822	-1.3493	17.066	27.969	909.42	-0.0070134	undefined	undefined	liquid
22.280	26.244	166.75	0.0059969	-0.033192	-0.028821	-1.3493	17.066	27.969	909.42	-0.0070134	undefined	undefined	liquid
22.280	26.248	166.75	0.0059969	-0.033192	-0.028821	-1.3493	17.066	27.969	909.43	-0.0070134	undefined	undefined	liquid
22.280	26.252	166.75	0.0059969	-0.033193	-0.028820	-1.3493	17.066	27.969	909.43	-0.0070134	undefined	undefined	liquid
22.280	26.256	166.75	0.0059969	-0.033193	-0.028820	-1.3493	17.066	27.969	909.43	-0.0070134	undefined	undefined	liquid
22.280	26.261	166.75	0.0059969	-0.033193	-0.028819	-1.3493	17.066	27.969	909.43	-0.0070135	undefined	undefined	liquid
22.280	26.265	166.75	0.0059969	-0.033193	-0.028819	-1.3494	17.066	27.969	909.43	-0.0070135	undefined	undefined	liquid
22.280	26.269	166.75	0.0059969	-0.033194	-0.028818	-1.3494	17.066	27.969	909.43	-0.0070135	undefined	undefined	liquid
22.280	26.273	166.75	0.0059969	-0.033194	-0.028818	-1.3494	17.066	27.969	909.43	-0.0070135	undefined	undefined	liquid
22.280	26.277	166.75	0.0059969	-0.033194	-0.028818	-1.3494	17.066	27.969	909.43	-0.0070135	undefined	undefined	liquid
22.280	26.282	166.75	0.0059969	-0.033194	-0.028817	-1.3494	17.066	27.969	909.43	-0.0070135	undefined	undefined	liquid
22.280	26.286	166.75	0.0059969	-0.033195	-0.028817	-1.3494	17.066	27.969	909.43	-0.0070135	undefined	undefined	liquid
22.280	26.290	166.75	0.0059969	-0.033195	-0.028816	-1.3494	17.066	27.969	909.43	-0.0070135	undefined	undefined	liquid
22.280	26.294	166.75	0.0059969	-0.033195	-0.028816	-1.3494	17.066	27.969	909.43	-0.0070136	undefined	undefined	liquid
22.280	26.298	166.75	0.0059968	-0.033195	-0.028815	-1.3494	17.066	27.969	909.43	-0.0070136	undefined	undefined	liquid
22.280	26.303	166.75	0.0059968	-0.033196	-0.028815	-1.3495	17.066	27.969	909.43	-0.0070136	undefined	undefined	liquid
22.280	26.307	166.75	0.0059968	-0.033196	-0.028814	-1.3495	17.066	27.969	909.43	-0.0070136	undefined	undefined	liquid
22.280	26.311	166.75	0.0059968	-0.033196	-0.028814	-1.3495	17.066	27.969	909.43	-0.0070136	undefined	undefined	liquid
22.280	26.315	166.75	0.0059968	-0.033196	-0.028813	-1.3495	17.066	27.969	909.43	-0.0070136	undefined	undefined	liquid
22.280	26.319	166.75	0.0059968	-0.033197	-0.028813	-1.3495	17.066	27.969	909.43	-0.0070136	undefined	undefined	liquid
22.280	26.324	166.75	0.0059968	-0.033197	-0.028813	-1.3495	17.066	27.969	909.43	-0.0070137	undefined	undefined	liquid
22.280	26.328	166.75	0.0059968	-0.033197	-0.028812	-1.3495	17.066	27.969	909.44	-0.0070137	undefined	undefined	liquid
22.280	26.332	166.75	0.0059968	-0.033197	-0.028812	-1.3495	17.066	27.969	909.44	-0.0070137	undefined	undefined	liquid
22.280	26.336	166.75	0.0059968	-0.033198	-0.028811	-1.3495	17.066	27.969	909.44	-0.0070137	undefined	undefined	liquid
22.280	26.340	166.75	0.0059968	-0.033198	-0.028811	-1.3496	17.066	27.969	909.44	-0.0070137	undefined	undefined	liquid
22.280	26.345	166.75	0.0059968	-0.033198	-0.028810	-1.3496	17.066	27.969	909.44	-0.0070137	undefined	undefined	liquid
22.280	26.349	166.75	0.0059968	-0.033198	-0.028810	-1.3496	17.066	27.969	909.44	-0.0070137	undefined	undefined	liquid
22.280	26.353	166.75	0.0059968	-0.033198	-0.028809	-1.3496	17.066	27.969	909.44	-0.0070137	undefined	undefined	liquid
22.280	26.357	166.76	0.0059968	-0.033199	-0.028809	-1.3496	17.066	27.969	909.44	-0.0070138	undefined	undefined	liquid
22.280	26.361	166.76	0.0059968	-0.033199	-0.028808	-1.3496	17.066	27.969	909.44	-0.0070138	undefined	undefined	liquid
22.280	26.366	166.76	0.0059968	-0.033199	-0.028808	-1.3496	17.066	27.969	909.44	-0.0070138	undefined	undefined	liquid
22.280	26.370	166.76	0.0059968	-0.033199	-0.028807	-1.3496	17.066	27.969	909.44	-0.0070138	undefined	undefined	liquid
22.280	26.374	166.76	0.0059968	-0.033200	-0.028807	-1.3496	17.066	27.969	909.44	-0.0070138	undefined	undefined	liquid
22.280	26.378	166.76	0.0059968	-0.033200	-0.028807	-1.3497	17.066	27.969	909.44	-0.0070138	undefined	undefined	liquid
22.280	26.382	166.76	0.0059968	-0.033200	-0.028806	-1.3497	17.066	27.969	909.44	-0.0070138	undefined	undefined	liquid
22.280	26.387	166.76	0.0059968	-0.033200	-0.028806	-1.3497	17.066	27.969	909.44	-0.0070138	undefined	undefined	liquid
22.280	26.391	166.76	0.0059968	-0.033201	-0.028805	-1.3497	17.066	27.969	909.44	-0.0070139	undefined	undefined	liquid
22.280	26.395	166.76	0.0059968	-0.033201	-0.028805	-1.3497	17.066	27.968	909.44	-0.0070139	undefined	undefined	liquid
22.280	26.399	166.76	0.0059968	-0.033201	-0.028804	-1.3497	17.066	27.968	909.44	-0.0070139	undefined	undefined	liquid
22.280	26.403	166.76	0.0059968	-0.033201	-0.028804	-1.3497	17.066	27.968	909.44	-0.0070139	undefined	undefined	liquid
22.280	26.408	166.76	0.0059968	-0.033202	-0.028803	-1.3497	17.066	27.968	909.45	-0.0070139	undefined	undefined	liquid
22.280	26.412	166.76	0.0059968	-0.033202	-0.028803	-1.3497	17.066	27.968	909.45	-0.0070139	undefined	undefined	liquid
22.280	26.416	166.76	0.0059968	-0.033202	-0.028802	-1.3498	17.066	27.968	909.45	-0.0070139	undefined	undefined	liquid
22.280	26.420	166.76	0.0059968	-0.033202	-0.028802	-1.3498	17.066	27.968	909.45	-0.0070140	undefined	undefined	liquid
22.280	26.424	166.76	0.0059968	-0.033203	-0.028802	-1.3498	17.066	27.968	909.45	-0.0070140	undefined	undefined	liquid
22.280	26.429	166.76	0.0059968	-0.033203	-0.028801	-1.3498	17.066	27.968	909.45	-0.0070140	undefined	undefined	liquid
22.280	26.433	166.76	0.0059968	-0.033203	-0.028801	-1.3498	17.066	27.968	909.45	-0.0070140	undefined	undefined	liquid
22.280	26.437	166.76	0.0059968	-0.033203	-0.028800	-1.3498	17.066	27.968	909.45	-0.0070140	undefined	undefined	liquid
22.280	26.441	166.76	0.0059968	-0.033204	-0.028800	-1.3498	17.066	27.968	909.45	-0.0070140	undefined	undefined	liquid
22.280	26.445	166.76	0.0059968	-0.033204	-0.028799	-1.3498	17.066	27.968	909.45	-0.0070140	undefined	undefined	liquid
22.280	26.450	166.76	0.0059968	-0.033204	-0.028799	-1.3498	17.066	27.968	909.45	-0.0070140	undefined	undefined	liquid
22.280	26.454	166.76	0.0059968	-0.033204	-0.028798	-1.3498	17.066	27.968	909.45	-0.0070141	undefined	undefined	liquid
22.280	26.458	166.76	0.0059968	-0.033204	-0.028798	-1.3499	17.066	27.968	909.45	-0.0070141	undefined	undefined	liquid
22.280	26.462	166.76	0.0059968	-0.033205	-0.028797	-1.3499	17.066	27.968	909.45	-0.0070141	undefined	undefined	liquid
22.280	26.466	166.76	0.0059968	-0.033205	-0.028797	-1.3499	17.066	27.968	909.45	-0.0070141	undefined	undefined	liquid
22.280	26.471	166.76	0.0059968	-0.033205	-0.028796	-1.3499	17.066	27.968	909.45	-0.0070141	undefined	undefined	liquid
22.280	26.475	166.76	0.0059968	-0.033205	-0.028796	-1.3499	17.066	27.968	909.45	-0.0070141	undefined	undefined	liquid
22.280	26.479	166.76	0.0059968	-0.033206	-0.028796	-1.3499	17.066	27.968	909.45	-0.0070141	undefined	undefined	liquid
22.280	26.483	166.76	0.0059968	-0.033206	-0.028795	-1.3499	17.067	27.968	909.45	-0.0070141	undefined	undefined	liquid
22.280	26.487	166.76	0.0059968	-0.033206	-0.028795	-1.3499	17.067	27.968	909.46	-0.0070142	undefined	undefined	liquid
22.280	26.492	166.76	0.0059968	-0.033206	-0.028794	-1.3499	17.067	27.968	909.46	-0.0070142	undefined	undefined	liquid
22.280	26.496	166.76	0.0059968	-0.033207	-0.028794	-1.3500	17.067	27.968	909.46	-0.0070142	undefined	undefined	liquid
22.280	26.500	166.76	0.0059967	-0.033207	-0.028793	-1.3500	17.067	27.968	909.46	-0.0070142	undefined	undefined	liquid
22.280	26.504	166.76	0.0059967	-0.033207	-0.028793	-1.3500	17.067	27.968	909.46	-0.0070142	undefined	undefined	liquid
22.280	26.508	166.76	0.0059967	-0.033207	-0.028792	-1.3500	17.067	27.968	909.46	-0.0070142	undefined	undefined	liquid
22.280	26.513	166.76	0.0059967	-0.033208	-0.028792	-1.3500	17.067	27.968	909.46	-0.0070142	undefined	undefined	liquid
22.280	26.517	166.76	0.0059967	-0.033208	-0.028791	-1.3500	17.067	27.968	909.46	-0.0070143	undefined	undefined	liquid
22.280	26.521	166.76	0.0059967	-0.033208	-0.028791	-1.3500	17.067	27.968	909.46	-0.0070143	undefined	undefined	liquid
22.280	26.525	166.76	0.0059967	-0.033208	-0.028791	-1.3500	17.067	27.968	909.46	-0.0070143	undefined	undefined	liquid
22.280	26.529	166.76	0.0059967	-0.033209	-0.028790	-1.3500	17.067	27.968	909.46	-0.0070143	undefined	undefined	liquid
22.280	26.534	166.76	0.0059967	-0.033209	-0.028790	-1.3501	17.067	27.968	909.46	-0.0070143	undefined	undefined	liquid
22.280	26.538	166.76	0.0059967	-0.033209	-0.028789	-1.3501	17.067	27.968	909.46	-0.0070143	undefined	undefined	liquid
22.280	26.542	166.76	0.0059967	-0.033209	-0.028789	-1.3501	17.067	27.968	909.46	-0.0070143	undefined	undefined	liquid
22.280	26.546	166.76	0.0059967	-0.033210	-0.028788	-1.3501	17.067	27.968	909.46	-0.0070143	undefined	undefined	liquid
22.280	26.550	166.76	0.0059967	-0.033210	-0.028788	-1.3501	17.067	27.968	909.46	-0.0070144	undefined	undefined	liquid
22.280	26.555	166.76	0.0059967	-0.033210	-0.028787	-1.3501	17.067	27.968	909.46	-0.0070144	undefined	undefined	liquid
22.280	26.559	166.76	0.0059967	-0.033210	-0.028787	-1.3501	17.067	27.968	909.46	-0.0070144	undefined	undefined	liquid
22.280	26.563	166.76	0.0059967	-0.033210	-0.028786	-1.3501	17.067	27.968	909.46	-0.0070144	undefined	undefined	liquid
22.280	26.567	166.76	0.0059967	-0.033211	-0.028786	-1.3501	17.067	27.968	909.47	-0.0070144	undefined	undefined	liquid
22.280	26.571	166.76	0.0059967	-0.033211	-0.028786	-1.3502	17.067	27.968	909.47	-0.0070144	undefined	undefined	liquid
22.280	26.576	166.76	0.0059967	-0.033211	-0.028785	-1.3502	17.067	27.967	909.47	-0.0070144	undefined	undefined	liquid
22.280	26.580	166.76	0.0059967	-0.033211	-0.028785	-1.3502	17.067	27.967	909.47	-0.0070145	undefined	undefined	liquid
22.280	26.584	166.76	0.0059967	-0.033212	-0.028784	-1.3502	17.067	27.967	909.47	-0.0070145	undefined	undefined	liquid
22.280	26.588	166.76	0.0059967	-0.033212	-0.028784	-1.3502	17.067	27.967	909.47	-0.0070145	undefined	undefined	liquid
22.280	26.592	166.76	0.0059967	-0.033212	-0.028783	-1.3502	17.067	27.967	909.47	-0.0070145	undefined	undefined	liquid
22.280	26.597	166.76	0.0059967	-0.033212	-0.028783	-1.3502	17.067	27.967	909.47	-0.0070145	undefined	undefined	liquid
22.280	26.601	166.76	0.0059967	-0.033213	-0.028782	-1.3502	17.067	27.967	909.47	-0.0070145	undefined	undefined	liquid
22.280	26.605	166.76	0.0059967	-0.033213	-0.028782	-1.3502	17.067	27.967	909.47	-0.0070145	undefined	undefined	liquid
22.280	26.609	166.76	0.0059967	-0.033213	-0.028781	-1.3502	17.067	27.967	909.47	-0.0070145	undefined	undefined	liquid
22.280	26.613	166.76	0.0059967	-0.033213	-0.028781	-1.3503	17.067	27.967	909.47	-0.0070146	undefined	undefined	liquid
22.280	26.618	166.76	0.0059967	-0.033214	-0.028780	-1.3503	17.067	27.967	909.47	-0.0070146	undefined	undefined	liquid
22.280	26.622	166.76	0.0059967	-0.033214	-0.028780	-1.3503	17.067	27.967	909.47	-0.0070146	undefined	undefined	liquid
22.280	26.626	166.76	0.0059967	-0.033214	-0.028780	-1.3503	17.067	27.967	909.47	-0.0070146	undefined	undefined	liquid
22.280	26.630	166.76	0.0059967	-0.033214	-0.028779	-1.3503	17.067	27.967	909.47	-0.0070146	undefined	undefined	liquid
22.280	26.634	166.76	0.0059967	-0.033215	-0.028779	-1.3503	17.067	27.967	909.47	-0.0070146	undefined	undefined	liquid
22.280	26.639	166.76	0.0059967	-0.033215	-0.028778	-1.3503	17.067	27.967	909.47	-0.0070146	undefined	undefined	liquid
22.280	26.643	166.76	0.0059967	-0.033215	-0.028778	-1.3503	17.067	27.967	909.47	-0.0070146	undefined	undefined	liquid
22.280	26.647	166.76	0.0059967	-0.033215	-0.028777	-1.3503	17.067	27.967	909.48	-0.0070147	undefined	undefined	liquid
22.280	26.651	166.76	0.0059967	-0.033216	-0.028777	-1.3504	17.067	27.967	909.48	-0.0070147	undefined	undefined	liquid
22.280	26.655	166.76	0.0059967	-0.033216	-0.028776	-1.3504	17.067	27.967	909.48	-0.0070147	undefined	undefined	liquid
22.280	26.660	166.76	0.0059967	-0.033216	-0.028776	-1.3504	17.067	27.967	909.48	-0.0070147	undefined	undefined	liquid
22.280	26.664	166.76	0.0059967	-0.033216	-0.028775	-1.3504	17.067	27.967	909.48	-0.0070147	undefined	undefined	liquid
22.280	26.668	166.76	0.0059967	-0.033216	-0.028775	-1.3504	17.067	27.967	909.48	-0.0070147	undefined	undefined	liquid
22.280	26.672	166.76	0.0059967	-0.033217	-0.028775	-1.3504	17.067	27.967	909.48	-0.0070147	undefined	undefined	liquid
22.280	26.676	166.76	0.0059967	-0.033217	-0.028774	-1.3504	17.067	27.967	909.48	-0.0070148	undefined	undefined	liquid
22.280	26.681	166.76	0.0059967	-0.033217	-0.028774	-1.3504	17.067	27.967	909.48	-0.0070148	undefined	undefined	liquid
22.280	26.685	166.76	0.0059967	-0.033217	-0.028773	-1.3504	17.067	27.967	909.48	-0.0070148	undefined	undefined	liquid
22.280	26.689	166.76	0.0059967	-0.033218	-0.028773	-1.3505	17.067	27.967	909.48	-0.0070148	undefined	undefined	liquid
22.280	26.693	166.76	0.0059967	-0.033218	-0.028772	-1.3505	17.067	27.967	909.48	-0.0070148	undefined	undefined	liquid
22.280	26.697	166.76	0.0059967	-0.033218	-0.028772	-1.3505	17.067	27.967	909.48	-0.0070148	undefined	undefined	liquid
22.280	26.702	166.76	0.0059967	-0.033218	-0.028771	-1.3505	17.067	27.967	909.48	-0.0070148	undefined	undefined	liquid
22.280	26.706	166.76	0.0059966	-0.033219	-0.028771	-1.3505	17.067	27.967	909.48	-0.0070148	undefined	undefined	liquid
22.280	26.710	166.76	0.0059966	-0.033219	-0.028770	-1.3505	17.067	27.967	909.48	-0.0070149	undefined	undefined	liquid
22.280	26.714	166.76	0.0059966	-0.033219	-0.028770	-1.3505	17.067	27.967	909.48	-0.0070149	undefined	undefined	liquid
22.280	26.718	166.76	0.0059966	-0.033219	-0.028769	-1.3505	17.067	27.967	909.48	-0.0070149	undefined	undefined	liquid
22.280	26.723	166.76	0.0059966	-0.033220	-0.028769	-1.3505	17.067	27.967	909.48	-0.0070149	undefined	undefined	liquid
22.280	26.727	166.76	0.0059966	-0.033220	-0.028769	-1.3506	17.067	27.967	909.49	-0.0070149	undefined	undefined	liquid
22.280	26.731	166.76	0.0059966	-0.033220	-0.028768	-1.3506	17.067	27.967	909.49	-0.0070149	undefined	undefined	liquid
22.280	26.735	166.76	0.0059966	-0.033220	-0.028768	-1.3506	17.067	27.967	909.49	-0.0070149	undefined	undefined	liquid
22.280	26.739	166.76	0.0059966	-0.033221	-0.028767	-1.3506	17.067	27.967	909.49	-0.0070149	undefined	undefined	liquid
22.280	26.744	166.76	0.0059966	-0.033221	-0.028767	-1.3506	17.067	27.967	909.49	-0.0070150	undefined	undefined	liquid
22.280	26.748	166.76	0.0059966	-0.033221	-0.028766	-1.3506	17.067	27.967	909.49	-0.0070150	undefined	undefined	liquid
22.280	26.752	166.76	0.0059966	-0.033221	-0.028766	-1.3506	17.067	27.966	909.49	-0.0070150	undefined	undefined	liquid
22.280	26.756	166.76	0.0059966	-0.033222	-0.028765	-1.3506	17.067	27.966	909.49	-0.0070150	undefined	undefined	liquid
22.280	26.760	166.76	0.0059966	-0.033222	-0.028765	-1.3506	17.067	27.966	909.49	-0.0070150	undefined	undefined	liquid
22.280	26.765	166.76	0.0059966	-0.033222	-0.028764	-1.3507	17.067	27.966	909.49	-0.0070150	undefined	undefined	liquid
22.280	26.769	166.76	0.0059966	-0.033222	-0.028764	-1.3507	17.067	27.966	909.49	-0.0070150	undefined	undefined	liquid
22.280	26.773	166.76	0.0059966	-0.033222	-0.028764	-1.3507	17.067	27.966	909.49	-0.0070151	undefined	undefined	liquid
22.280	26.777	166.76	0.0059966	-0.033223	-0.028763	-1.3507	17.067	27.966	909.49	-0.0070151	undefined	undefined	liquid
22.280	26.781	166.76	0.0059966	-0.033223	-0.028763	-1.3507	17.067	27.966	909.49	-0.0070151	undefined	undefined	liquid
22.280	26.786	166.76	0.0059966	-0.033223	-0.028762	-1.3507	17.067	27.966	909.49	-0.0070151	undefined	undefined	liquid
22.280	26.790	166.76	0.0059966	-0.033223	-0.028762	-1.3507	17.067	27.966	909.49	-0.0070151	undefined	undefined	liquid
22.280	26.794	166.76	0.0059966	-0.033224	-0.028761	-1.3507	17.067	27.966	909.49	-0.0070151	undefined	undefined	liquid
22.280	26.798	166.76	0.0059966	-0.033224	-0.028761	-1.3507	17.067	27.966	909.49	-0.0070151	undefined	undefined	liquid
22.280	26.802	166.76	0.0059966	-0.033224	-0.028760	-1.3507	17.067	27.966	909.49	-0.0070151	undefined	undefined	liquid
22.280	26.807	166.76	0.0059966	-0.033224	-0.028760	-1.3508	17.067	27.966	909.50	-0.0070152	undefined	undefined	liquid
22.280	26.811	166.76	0.0059966	-0.033225	-0.028759	-1.3508	17.067	27.966	909.50	-0.0070152	undefined	undefined	liquid
22.280	26.815	166.76	0.0059966	-0.033225	-0.028759	-1.3508	17.067	27.966	909.50	-0.0070152	undefined	undefined	liquid
22.280	26.819	166.76	0.0059966	-0.033225	-0.028758	-1.3508	17.067	27.966	909.50	-0.0070152	undefined	undefined	liquid
22.280	26.823	166.76	0.0059966	-0.033225	-0.028758	-1.3508	17.067	27.966	909.50	-0.0070152	undefined	undefined	liquid
22.280	26.828	166.76	0.0059966	-0.033226	-0.028758	-1.3508	17.067	27.966	909.50	-0.0070152	undefined	undefined	liquid
22.280	26.832	166.76	0.0059966	-0.033226	-0.028757	-1.3508	17.067	27.966	909.50	-0.0070152	undefined	undefined	liquid
22.280	26.836	166.76	0.0059966	-0.033226	-0.028757	-1.3508	17.067	27.966	909.50	-0.0070152	undefined	undefined	liquid
22.280	26.840	166.76	0.0059966	-0.033226	-0.028756	-1.3508	17.067	27.966	909.50	-0.0070153	undefined	undefined	liquid
22.280	26.844	166.76	0.0059966	-0.033227	-0.028756	-1.3509	17.067	27.966	909.50	-0.0070153	undefined	undefined	liquid
22.280	26.849	166.76	0.0059966	-0.033227	-0.028755	-1.3509	17.067	27.966	909.50	-0.0070153	undefined	undefined	liquid
22.280	26.853	166.76	0.0059966	-0.033227	-0.028755	-1.3509	17.067	27.966	909.50	-0.0070153	undefined	undefined	liquid
22.280	26.857	166.76	0.0059966	-0.033227	-0.028754	-1.3509	17.067	27.966	909.50	-0.0070153	undefined	undefined	liquid
22.280	26.861	166.76	0.0059966	-0.033228	-0.028754	-1.3509	17.067	27.966	909.50	-0.0070153	undefined	undefined	liquid
22.280	26.865	166.76	0.0059966	-0.033228	-0.028753	-1.3509	17.067	27.966	909.50	-0.0070153	undefined	undefined	liquid
22.280	26.870	166.76	0.0059966	-0.033228	-0.028753	-1.3509	17.067	27.966	909.50	-0.0070154	undefined	undefined	liquid
22.280	26.874	166.76	0.0059966	-0.033228	-0.028753	-1.3509	17.067	27.966	909.50	-0.0070154	undefined	undefined	liquid
22.280	26.878	166.76	0.0059966	-0.033228	-0.028752	-1.3509	17.067	27.966	909.50	-0.0070154	undefined	undefined	liquid
22.280	26.882	166.76	0.0059966	-0.033229	-0.028752	-1.3510	17.067	27.966	909.50	-0.0070154	undefined	undefined	liquid
22.280	26.886	166.76	0.0059966	-0.033229	-0.028751	-1.3510	17.067	27.966	909.51	-0.0070154	undefined	undefined	liquid
22.280	26.891	166.76	0.0059966	-0.033229	-0.028751	-1.3510	17.067	27.966	909.51	-0.0070154	undefined	undefined	liquid
22.280	26.895	166.76	0.0059966	-0.033229	-0.028750	-1.3510	17.067	27.966	909.51	-0.0070154	undefined	undefined	liquid
22.280	26.899	166.76	0.0059966	-0.033230	-0.028750	-1.3510	17.067	27.966	909.51	-0.0070154	undefined	undefined	liquid
22.280	26.903	166.76	0.0059966	-0.033230	-0.028749	-1.3510	17.067	27.966	909.51	-0.0070155	undefined	undefined	liquid
22.280	26.907	166.76	0.0059965	-0.033230	-0.028749	-1.3510	17.067	27.966	909.51	-0.0070155	undefined	undefined	liquid
22.280	26.912	166.76	0.0059965	-0.033230	-0.028748	-1.3510	17.067	27.966	909.51	-0.0070155	undefined	undefined	liquid
22.280	26.916	166.76	0.0059965	-0.033231	-0.028748	-1.3510	17.067	27.966	909.51	-0.0070155	undefined	undefined	liquid
22.280	26.920	166.76	0.0059965	-0.033231	-0.028748	-1.3511	17.067	27.966	909.51	-0.0070155	undefined	undefined	liquid
