Temperature (K)	Pressure (psia)	Density (kg/m3)	Volume (m3/kg)	Internal Energy (kJ/mol)	Enthalpy (kJ/mol)	Entropy (J/mol*K)	Cv (J/mol*K)	Cp (J/mol*K)	Sound Spd. (m/s)	Joule-Thomson (F/psia)	Viscosity (uPa*s)	Therm. Cond. (W/m*K)	Phase
22.170	24.400	167.01	0.0059876	-0.036143	-0.032085	-1.4824	16.925	27.713	913.68	-0.0071150	undefined	undefined	liquid
22.170	24.404	167.01	0.0059876	-0.036143	-0.032085	-1.4824	16.925	27.713	913.68	-0.0071150	undefined	undefined	liquid
22.170	24.408	167.01	0.0059876	-0.036143	-0.032084	-1.4824	16.925	27.713	913.68	-0.0071150	undefined	undefined	liquid
22.170	24.413	167.01	0.0059876	-0.036144	-0.032084	-1.4824	16.925	27.713	913.68	-0.0071150	undefined	undefined	liquid
22.170	24.417	167.01	0.0059876	-0.036144	-0.032083	-1.4824	16.925	27.713	913.68	-0.0071150	undefined	undefined	liquid
22.170	24.421	167.01	0.0059876	-0.036144	-0.032083	-1.4824	16.925	27.713	913.68	-0.0071151	undefined	undefined	liquid
22.170	24.425	167.01	0.0059876	-0.036144	-0.032082	-1.4824	16.925	27.713	913.69	-0.0071151	undefined	undefined	liquid
22.170	24.429	167.01	0.0059876	-0.036145	-0.032082	-1.4824	16.925	27.713	913.69	-0.0071151	undefined	undefined	liquid
22.170	24.434	167.01	0.0059876	-0.036145	-0.032082	-1.4824	16.925	27.713	913.69	-0.0071151	undefined	undefined	liquid
22.170	24.438	167.01	0.0059876	-0.036145	-0.032081	-1.4825	16.925	27.713	913.69	-0.0071151	undefined	undefined	liquid
22.170	24.442	167.01	0.0059876	-0.036145	-0.032081	-1.4825	16.925	27.713	913.69	-0.0071151	undefined	undefined	liquid
22.170	24.446	167.01	0.0059876	-0.036145	-0.032080	-1.4825	16.925	27.713	913.69	-0.0071151	undefined	undefined	liquid
22.170	24.450	167.01	0.0059876	-0.036146	-0.032080	-1.4825	16.925	27.713	913.69	-0.0071151	undefined	undefined	liquid
22.170	24.455	167.01	0.0059876	-0.036146	-0.032079	-1.4825	16.925	27.713	913.69	-0.0071152	undefined	undefined	liquid
22.170	24.459	167.01	0.0059876	-0.036146	-0.032079	-1.4825	16.925	27.713	913.69	-0.0071152	undefined	undefined	liquid
22.170	24.463	167.01	0.0059876	-0.036146	-0.032078	-1.4825	16.925	27.713	913.69	-0.0071152	undefined	undefined	liquid
22.170	24.467	167.01	0.0059876	-0.036147	-0.032078	-1.4825	16.925	27.713	913.69	-0.0071152	undefined	undefined	liquid
22.170	24.471	167.01	0.0059876	-0.036147	-0.032077	-1.4825	16.925	27.713	913.69	-0.0071152	undefined	undefined	liquid
22.170	24.476	167.01	0.0059876	-0.036147	-0.032077	-1.4826	16.925	27.713	913.69	-0.0071152	undefined	undefined	liquid
22.170	24.480	167.01	0.0059876	-0.036147	-0.032076	-1.4826	16.925	27.713	913.69	-0.0071152	undefined	undefined	liquid
22.170	24.484	167.01	0.0059875	-0.036148	-0.032076	-1.4826	16.925	27.713	913.69	-0.0071153	undefined	undefined	liquid
22.170	24.488	167.01	0.0059875	-0.036148	-0.032076	-1.4826	16.925	27.713	913.69	-0.0071153	undefined	undefined	liquid
22.170	24.492	167.01	0.0059875	-0.036148	-0.032075	-1.4826	16.925	27.713	913.69	-0.0071153	undefined	undefined	liquid
22.170	24.497	167.01	0.0059875	-0.036148	-0.032075	-1.4826	16.925	27.713	913.69	-0.0071153	undefined	undefined	liquid
22.170	24.501	167.01	0.0059875	-0.036149	-0.032074	-1.4826	16.925	27.713	913.70	-0.0071153	undefined	undefined	liquid
22.170	24.505	167.01	0.0059875	-0.036149	-0.032074	-1.4826	16.925	27.713	913.70	-0.0071153	undefined	undefined	liquid
22.170	24.509	167.01	0.0059875	-0.036149	-0.032073	-1.4826	16.925	27.713	913.70	-0.0071153	undefined	undefined	liquid
22.170	24.513	167.01	0.0059875	-0.036149	-0.032073	-1.4827	16.925	27.713	913.70	-0.0071153	undefined	undefined	liquid
22.170	24.518	167.01	0.0059875	-0.036149	-0.032072	-1.4827	16.925	27.713	913.70	-0.0071154	undefined	undefined	liquid
22.170	24.522	167.01	0.0059875	-0.036150	-0.032072	-1.4827	16.925	27.713	913.70	-0.0071154	undefined	undefined	liquid
22.170	24.526	167.01	0.0059875	-0.036150	-0.032071	-1.4827	16.925	27.713	913.70	-0.0071154	undefined	undefined	liquid
22.170	24.530	167.01	0.0059875	-0.036150	-0.032071	-1.4827	16.925	27.713	913.70	-0.0071154	undefined	undefined	liquid
22.170	24.534	167.01	0.0059875	-0.036150	-0.032071	-1.4827	16.925	27.713	913.70	-0.0071154	undefined	undefined	liquid
22.170	24.539	167.01	0.0059875	-0.036151	-0.032070	-1.4827	16.925	27.713	913.70	-0.0071154	undefined	undefined	liquid
22.170	24.543	167.01	0.0059875	-0.036151	-0.032070	-1.4827	16.925	27.713	913.70	-0.0071154	undefined	undefined	liquid
22.170	24.547	167.01	0.0059875	-0.036151	-0.032069	-1.4827	16.925	27.713	913.70	-0.0071155	undefined	undefined	liquid
22.170	24.551	167.01	0.0059875	-0.036151	-0.032069	-1.4827	16.925	27.713	913.70	-0.0071155	undefined	undefined	liquid
22.170	24.555	167.01	0.0059875	-0.036152	-0.032068	-1.4828	16.925	27.713	913.70	-0.0071155	undefined	undefined	liquid
22.170	24.560	167.01	0.0059875	-0.036152	-0.032068	-1.4828	16.925	27.713	913.70	-0.0071155	undefined	undefined	liquid
22.170	24.564	167.01	0.0059875	-0.036152	-0.032067	-1.4828	16.925	27.712	913.70	-0.0071155	undefined	undefined	liquid
22.170	24.568	167.01	0.0059875	-0.036152	-0.032067	-1.4828	16.925	27.712	913.70	-0.0071155	undefined	undefined	liquid
22.170	24.572	167.01	0.0059875	-0.036153	-0.032066	-1.4828	16.925	27.712	913.70	-0.0071155	undefined	undefined	liquid
22.170	24.576	167.01	0.0059875	-0.036153	-0.032066	-1.4828	16.925	27.712	913.70	-0.0071155	undefined	undefined	liquid
22.170	24.581	167.01	0.0059875	-0.036153	-0.032065	-1.4828	16.925	27.712	913.71	-0.0071156	undefined	undefined	liquid
22.170	24.585	167.01	0.0059875	-0.036153	-0.032065	-1.4828	16.925	27.712	913.71	-0.0071156	undefined	undefined	liquid
22.170	24.589	167.01	0.0059875	-0.036154	-0.032065	-1.4828	16.925	27.712	913.71	-0.0071156	undefined	undefined	liquid
22.170	24.593	167.01	0.0059875	-0.036154	-0.032064	-1.4829	16.925	27.712	913.71	-0.0071156	undefined	undefined	liquid
22.170	24.597	167.01	0.0059875	-0.036154	-0.032064	-1.4829	16.925	27.712	913.71	-0.0071156	undefined	undefined	liquid
22.170	24.602	167.01	0.0059875	-0.036154	-0.032063	-1.4829	16.925	27.712	913.71	-0.0071156	undefined	undefined	liquid
22.170	24.606	167.01	0.0059875	-0.036154	-0.032063	-1.4829	16.925	27.712	913.71	-0.0071156	undefined	undefined	liquid
22.170	24.610	167.01	0.0059875	-0.036155	-0.032062	-1.4829	16.925	27.712	913.71	-0.0071157	undefined	undefined	liquid
22.170	24.614	167.02	0.0059875	-0.036155	-0.032062	-1.4829	16.925	27.712	913.71	-0.0071157	undefined	undefined	liquid
22.170	24.618	167.02	0.0059875	-0.036155	-0.032061	-1.4829	16.925	27.712	913.71	-0.0071157	undefined	undefined	liquid
22.170	24.623	167.02	0.0059875	-0.036155	-0.032061	-1.4829	16.925	27.712	913.71	-0.0071157	undefined	undefined	liquid
22.170	24.627	167.02	0.0059875	-0.036156	-0.032060	-1.4829	16.925	27.712	913.71	-0.0071157	undefined	undefined	liquid
22.170	24.631	167.02	0.0059875	-0.036156	-0.032060	-1.4830	16.925	27.712	913.71	-0.0071157	undefined	undefined	liquid
22.170	24.635	167.02	0.0059875	-0.036156	-0.032059	-1.4830	16.925	27.712	913.71	-0.0071157	undefined	undefined	liquid
22.170	24.639	167.02	0.0059875	-0.036156	-0.032059	-1.4830	16.925	27.712	913.71	-0.0071157	undefined	undefined	liquid
22.170	24.644	167.02	0.0059875	-0.036157	-0.032059	-1.4830	16.925	27.712	913.71	-0.0071158	undefined	undefined	liquid
22.170	24.648	167.02	0.0059875	-0.036157	-0.032058	-1.4830	16.925	27.712	913.71	-0.0071158	undefined	undefined	liquid
22.170	24.652	167.02	0.0059875	-0.036157	-0.032058	-1.4830	16.925	27.712	913.71	-0.0071158	undefined	undefined	liquid
22.170	24.656	167.02	0.0059875	-0.036157	-0.032057	-1.4830	16.925	27.712	913.71	-0.0071158	undefined	undefined	liquid
22.170	24.660	167.02	0.0059875	-0.036158	-0.032057	-1.4830	16.925	27.712	913.72	-0.0071158	undefined	undefined	liquid
22.170	24.665	167.02	0.0059875	-0.036158	-0.032056	-1.4830	16.925	27.712	913.72	-0.0071158	undefined	undefined	liquid
22.170	24.669	167.02	0.0059875	-0.036158	-0.032056	-1.4830	16.925	27.712	913.72	-0.0071158	undefined	undefined	liquid
22.170	24.673	167.02	0.0059875	-0.036158	-0.032055	-1.4831	16.925	27.712	913.72	-0.0071159	undefined	undefined	liquid
22.170	24.677	167.02	0.0059875	-0.036159	-0.032055	-1.4831	16.925	27.712	913.72	-0.0071159	undefined	undefined	liquid
22.170	24.681	167.02	0.0059875	-0.036159	-0.032054	-1.4831	16.925	27.712	913.72	-0.0071159	undefined	undefined	liquid
22.170	24.686	167.02	0.0059875	-0.036159	-0.032054	-1.4831	16.925	27.712	913.72	-0.0071159	undefined	undefined	liquid
22.170	24.690	167.02	0.0059874	-0.036159	-0.032053	-1.4831	16.925	27.712	913.72	-0.0071159	undefined	undefined	liquid
22.170	24.694	167.02	0.0059874	-0.036159	-0.032053	-1.4831	16.925	27.712	913.72	-0.0071159	undefined	undefined	liquid
22.170	24.698	167.02	0.0059874	-0.036160	-0.032053	-1.4831	16.925	27.712	913.72	-0.0071159	undefined	undefined	liquid
22.170	24.702	167.02	0.0059874	-0.036160	-0.032052	-1.4831	16.925	27.712	913.72	-0.0071159	undefined	undefined	liquid
22.170	24.707	167.02	0.0059874	-0.036160	-0.032052	-1.4831	16.925	27.712	913.72	-0.0071160	undefined	undefined	liquid
22.170	24.711	167.02	0.0059874	-0.036160	-0.032051	-1.4832	16.925	27.712	913.72	-0.0071160	undefined	undefined	liquid
22.170	24.715	167.02	0.0059874	-0.036161	-0.032051	-1.4832	16.925	27.712	913.72	-0.0071160	undefined	undefined	liquid
22.170	24.719	167.02	0.0059874	-0.036161	-0.032050	-1.4832	16.925	27.712	913.72	-0.0071160	undefined	undefined	liquid
22.170	24.723	167.02	0.0059874	-0.036161	-0.032050	-1.4832	16.925	27.712	913.72	-0.0071160	undefined	undefined	liquid
22.170	24.728	167.02	0.0059874	-0.036161	-0.032049	-1.4832	16.925	27.712	913.72	-0.0071160	undefined	undefined	liquid
22.170	24.732	167.02	0.0059874	-0.036162	-0.032049	-1.4832	16.925	27.712	913.72	-0.0071160	undefined	undefined	liquid
22.170	24.736	167.02	0.0059874	-0.036162	-0.032048	-1.4832	16.925	27.712	913.72	-0.0071161	undefined	undefined	liquid
22.170	24.740	167.02	0.0059874	-0.036162	-0.032048	-1.4832	16.926	27.712	913.73	-0.0071161	undefined	undefined	liquid
22.170	24.744	167.02	0.0059874	-0.036162	-0.032048	-1.4832	16.926	27.711	913.73	-0.0071161	undefined	undefined	liquid
22.170	24.749	167.02	0.0059874	-0.036163	-0.032047	-1.4833	16.926	27.711	913.73	-0.0071161	undefined	undefined	liquid
22.170	24.753	167.02	0.0059874	-0.036163	-0.032047	-1.4833	16.926	27.711	913.73	-0.0071161	undefined	undefined	liquid
22.170	24.757	167.02	0.0059874	-0.036163	-0.032046	-1.4833	16.926	27.711	913.73	-0.0071161	undefined	undefined	liquid
22.170	24.761	167.02	0.0059874	-0.036163	-0.032046	-1.4833	16.926	27.711	913.73	-0.0071161	undefined	undefined	liquid
22.170	24.765	167.02	0.0059874	-0.036163	-0.032045	-1.4833	16.926	27.711	913.73	-0.0071161	undefined	undefined	liquid
22.170	24.770	167.02	0.0059874	-0.036164	-0.032045	-1.4833	16.926	27.711	913.73	-0.0071162	undefined	undefined	liquid
22.170	24.774	167.02	0.0059874	-0.036164	-0.032044	-1.4833	16.926	27.711	913.73	-0.0071162	undefined	undefined	liquid
22.170	24.778	167.02	0.0059874	-0.036164	-0.032044	-1.4833	16.926	27.711	913.73	-0.0071162	undefined	undefined	liquid
22.170	24.782	167.02	0.0059874	-0.036164	-0.032043	-1.4833	16.926	27.711	913.73	-0.0071162	undefined	undefined	liquid
22.170	24.786	167.02	0.0059874	-0.036165	-0.032043	-1.4834	16.926	27.711	913.73	-0.0071162	undefined	undefined	liquid
22.170	24.791	167.02	0.0059874	-0.036165	-0.032042	-1.4834	16.926	27.711	913.73	-0.0071162	undefined	undefined	liquid
22.170	24.795	167.02	0.0059874	-0.036165	-0.032042	-1.4834	16.926	27.711	913.73	-0.0071162	undefined	undefined	liquid
22.170	24.799	167.02	0.0059874	-0.036165	-0.032042	-1.4834	16.926	27.711	913.73	-0.0071163	undefined	undefined	liquid
22.170	24.803	167.02	0.0059874	-0.036166	-0.032041	-1.4834	16.926	27.711	913.73	-0.0071163	undefined	undefined	liquid
22.170	24.807	167.02	0.0059874	-0.036166	-0.032041	-1.4834	16.926	27.711	913.73	-0.0071163	undefined	undefined	liquid
22.170	24.812	167.02	0.0059874	-0.036166	-0.032040	-1.4834	16.926	27.711	913.73	-0.0071163	undefined	undefined	liquid
22.170	24.816	167.02	0.0059874	-0.036166	-0.032040	-1.4834	16.926	27.711	913.73	-0.0071163	undefined	undefined	liquid
22.170	24.820	167.02	0.0059874	-0.036167	-0.032039	-1.4834	16.926	27.711	913.74	-0.0071163	undefined	undefined	liquid
22.170	24.824	167.02	0.0059874	-0.036167	-0.032039	-1.4834	16.926	27.711	913.74	-0.0071163	undefined	undefined	liquid
22.170	24.828	167.02	0.0059874	-0.036167	-0.032038	-1.4835	16.926	27.711	913.74	-0.0071163	undefined	undefined	liquid
22.170	24.833	167.02	0.0059874	-0.036167	-0.032038	-1.4835	16.926	27.711	913.74	-0.0071164	undefined	undefined	liquid
22.170	24.837	167.02	0.0059874	-0.036168	-0.032037	-1.4835	16.926	27.711	913.74	-0.0071164	undefined	undefined	liquid
22.170	24.841	167.02	0.0059874	-0.036168	-0.032037	-1.4835	16.926	27.711	913.74	-0.0071164	undefined	undefined	liquid
22.170	24.845	167.02	0.0059874	-0.036168	-0.032036	-1.4835	16.926	27.711	913.74	-0.0071164	undefined	undefined	liquid
22.170	24.849	167.02	0.0059874	-0.036168	-0.032036	-1.4835	16.926	27.711	913.74	-0.0071164	undefined	undefined	liquid
22.170	24.854	167.02	0.0059874	-0.036168	-0.032036	-1.4835	16.926	27.711	913.74	-0.0071164	undefined	undefined	liquid
22.170	24.858	167.02	0.0059874	-0.036169	-0.032035	-1.4835	16.926	27.711	913.74	-0.0071164	undefined	undefined	liquid
22.170	24.862	167.02	0.0059874	-0.036169	-0.032035	-1.4835	16.926	27.711	913.74	-0.0071165	undefined	undefined	liquid
22.170	24.866	167.02	0.0059874	-0.036169	-0.032034	-1.4836	16.926	27.711	913.74	-0.0071165	undefined	undefined	liquid
22.170	24.870	167.02	0.0059874	-0.036169	-0.032034	-1.4836	16.926	27.711	913.74	-0.0071165	undefined	undefined	liquid
22.170	24.875	167.02	0.0059874	-0.036170	-0.032033	-1.4836	16.926	27.711	913.74	-0.0071165	undefined	undefined	liquid
22.170	24.879	167.02	0.0059874	-0.036170	-0.032033	-1.4836	16.926	27.711	913.74	-0.0071165	undefined	undefined	liquid
22.170	24.883	167.02	0.0059874	-0.036170	-0.032032	-1.4836	16.926	27.711	913.74	-0.0071165	undefined	undefined	liquid
22.170	24.887	167.02	0.0059874	-0.036170	-0.032032	-1.4836	16.926	27.711	913.74	-0.0071165	undefined	undefined	liquid
22.170	24.891	167.02	0.0059874	-0.036171	-0.032031	-1.4836	16.926	27.711	913.74	-0.0071165	undefined	undefined	liquid
22.170	24.896	167.02	0.0059873	-0.036171	-0.032031	-1.4836	16.926	27.711	913.75	-0.0071166	undefined	undefined	liquid
22.170	24.900	167.02	0.0059873	-0.036171	-0.032030	-1.4836	16.926	27.711	913.75	-0.0071166	undefined	undefined	liquid
22.170	24.904	167.02	0.0059873	-0.036171	-0.032030	-1.4837	16.926	27.711	913.75	-0.0071166	undefined	undefined	liquid
22.170	24.908	167.02	0.0059873	-0.036172	-0.032030	-1.4837	16.926	27.711	913.75	-0.0071166	undefined	undefined	liquid
22.170	24.912	167.02	0.0059873	-0.036172	-0.032029	-1.4837	16.926	27.711	913.75	-0.0071166	undefined	undefined	liquid
22.170	24.917	167.02	0.0059873	-0.036172	-0.032029	-1.4837	16.926	27.711	913.75	-0.0071166	undefined	undefined	liquid
22.170	24.921	167.02	0.0059873	-0.036172	-0.032028	-1.4837	16.926	27.710	913.75	-0.0071166	undefined	undefined	liquid
22.170	24.925	167.02	0.0059873	-0.036172	-0.032028	-1.4837	16.926	27.710	913.75	-0.0071167	undefined	undefined	liquid
22.170	24.929	167.02	0.0059873	-0.036173	-0.032027	-1.4837	16.926	27.710	913.75	-0.0071167	undefined	undefined	liquid
22.170	24.933	167.02	0.0059873	-0.036173	-0.032027	-1.4837	16.926	27.710	913.75	-0.0071167	undefined	undefined	liquid
22.170	24.938	167.02	0.0059873	-0.036173	-0.032026	-1.4837	16.926	27.710	913.75	-0.0071167	undefined	undefined	liquid
22.170	24.942	167.02	0.0059873	-0.036173	-0.032026	-1.4837	16.926	27.710	913.75	-0.0071167	undefined	undefined	liquid
22.170	24.946	167.02	0.0059873	-0.036174	-0.032025	-1.4838	16.926	27.710	913.75	-0.0071167	undefined	undefined	liquid
22.170	24.950	167.02	0.0059873	-0.036174	-0.032025	-1.4838	16.926	27.710	913.75	-0.0071167	undefined	undefined	liquid
22.170	24.954	167.02	0.0059873	-0.036174	-0.032025	-1.4838	16.926	27.710	913.75	-0.0071167	undefined	undefined	liquid
22.170	24.959	167.02	0.0059873	-0.036174	-0.032024	-1.4838	16.926	27.710	913.75	-0.0071168	undefined	undefined	liquid
22.170	24.963	167.02	0.0059873	-0.036175	-0.032024	-1.4838	16.926	27.710	913.75	-0.0071168	undefined	undefined	liquid
22.170	24.967	167.02	0.0059873	-0.036175	-0.032023	-1.4838	16.926	27.710	913.75	-0.0071168	undefined	undefined	liquid
22.170	24.971	167.02	0.0059873	-0.036175	-0.032023	-1.4838	16.926	27.710	913.75	-0.0071168	undefined	undefined	liquid
22.170	24.975	167.02	0.0059873	-0.036175	-0.032022	-1.4838	16.926	27.710	913.76	-0.0071168	undefined	undefined	liquid
22.170	24.980	167.02	0.0059873	-0.036176	-0.032022	-1.4838	16.926	27.710	913.76	-0.0071168	undefined	undefined	liquid
22.170	24.984	167.02	0.0059873	-0.036176	-0.032021	-1.4839	16.926	27.710	913.76	-0.0071168	undefined	undefined	liquid
22.170	24.988	167.02	0.0059873	-0.036176	-0.032021	-1.4839	16.926	27.710	913.76	-0.0071169	undefined	undefined	liquid
22.170	24.992	167.02	0.0059873	-0.036176	-0.032020	-1.4839	16.926	27.710	913.76	-0.0071169	undefined	undefined	liquid
22.170	24.996	167.02	0.0059873	-0.036177	-0.032020	-1.4839	16.926	27.710	913.76	-0.0071169	undefined	undefined	liquid
22.170	25.001	167.02	0.0059873	-0.036177	-0.032019	-1.4839	16.926	27.710	913.76	-0.0071169	undefined	undefined	liquid
22.170	25.005	167.02	0.0059873	-0.036177	-0.032019	-1.4839	16.926	27.710	913.76	-0.0071169	undefined	undefined	liquid
22.170	25.009	167.02	0.0059873	-0.036177	-0.032019	-1.4839	16.926	27.710	913.76	-0.0071169	undefined	undefined	liquid
22.170	25.013	167.02	0.0059873	-0.036177	-0.032018	-1.4839	16.926	27.710	913.76	-0.0071169	undefined	undefined	liquid
22.170	25.017	167.02	0.0059873	-0.036178	-0.032018	-1.4839	16.926	27.710	913.76	-0.0071169	undefined	undefined	liquid
22.170	25.022	167.02	0.0059873	-0.036178	-0.032017	-1.4840	16.926	27.710	913.76	-0.0071170	undefined	undefined	liquid
22.170	25.026	167.02	0.0059873	-0.036178	-0.032017	-1.4840	16.926	27.710	913.76	-0.0071170	undefined	undefined	liquid
22.170	25.030	167.02	0.0059873	-0.036178	-0.032016	-1.4840	16.926	27.710	913.76	-0.0071170	undefined	undefined	liquid
22.170	25.034	167.02	0.0059873	-0.036179	-0.032016	-1.4840	16.926	27.710	913.76	-0.0071170	undefined	undefined	liquid
22.170	25.038	167.02	0.0059873	-0.036179	-0.032015	-1.4840	16.926	27.710	913.76	-0.0071170	undefined	undefined	liquid
22.170	25.043	167.02	0.0059873	-0.036179	-0.032015	-1.4840	16.926	27.710	913.76	-0.0071170	undefined	undefined	liquid
22.170	25.047	167.02	0.0059873	-0.036179	-0.032014	-1.4840	16.926	27.710	913.76	-0.0071170	undefined	undefined	liquid
22.170	25.051	167.02	0.0059873	-0.036180	-0.032014	-1.4840	16.926	27.710	913.76	-0.0071171	undefined	undefined	liquid
22.170	25.055	167.02	0.0059873	-0.036180	-0.032013	-1.4840	16.926	27.710	913.77	-0.0071171	undefined	undefined	liquid
22.170	25.059	167.02	0.0059873	-0.036180	-0.032013	-1.4840	16.926	27.710	913.77	-0.0071171	undefined	undefined	liquid
22.170	25.064	167.02	0.0059873	-0.036180	-0.032013	-1.4841	16.926	27.710	913.77	-0.0071171	undefined	undefined	liquid
22.170	25.068	167.02	0.0059873	-0.036181	-0.032012	-1.4841	16.926	27.710	913.77	-0.0071171	undefined	undefined	liquid
22.170	25.072	167.02	0.0059873	-0.036181	-0.032012	-1.4841	16.926	27.710	913.77	-0.0071171	undefined	undefined	liquid
22.170	25.076	167.02	0.0059873	-0.036181	-0.032011	-1.4841	16.926	27.710	913.77	-0.0071171	undefined	undefined	liquid
22.170	25.080	167.02	0.0059873	-0.036181	-0.032011	-1.4841	16.926	27.710	913.77	-0.0071171	undefined	undefined	liquid
22.170	25.085	167.02	0.0059873	-0.036181	-0.032010	-1.4841	16.926	27.710	913.77	-0.0071172	undefined	undefined	liquid
22.170	25.089	167.02	0.0059873	-0.036182	-0.032010	-1.4841	16.926	27.710	913.77	-0.0071172	undefined	undefined	liquid
22.170	25.093	167.02	0.0059873	-0.036182	-0.032009	-1.4841	16.926	27.710	913.77	-0.0071172	undefined	undefined	liquid
22.170	25.097	167.02	0.0059873	-0.036182	-0.032009	-1.4841	16.926	27.710	913.77	-0.0071172	undefined	undefined	liquid
22.170	25.101	167.02	0.0059872	-0.036182	-0.032008	-1.4842	16.926	27.709	913.77	-0.0071172	undefined	undefined	liquid
22.170	25.106	167.02	0.0059872	-0.036183	-0.032008	-1.4842	16.926	27.709	913.77	-0.0071172	undefined	undefined	liquid
22.170	25.110	167.02	0.0059872	-0.036183	-0.032007	-1.4842	16.926	27.709	913.77	-0.0071172	undefined	undefined	liquid
22.170	25.114	167.02	0.0059872	-0.036183	-0.032007	-1.4842	16.926	27.709	913.77	-0.0071173	undefined	undefined	liquid
22.170	25.118	167.02	0.0059872	-0.036183	-0.032007	-1.4842	16.926	27.709	913.77	-0.0071173	undefined	undefined	liquid
22.170	25.122	167.02	0.0059872	-0.036184	-0.032006	-1.4842	16.926	27.709	913.77	-0.0071173	undefined	undefined	liquid
22.170	25.127	167.02	0.0059872	-0.036184	-0.032006	-1.4842	16.926	27.709	913.77	-0.0071173	undefined	undefined	liquid
22.170	25.131	167.02	0.0059872	-0.036184	-0.032005	-1.4842	16.926	27.709	913.77	-0.0071173	undefined	undefined	liquid
22.170	25.135	167.02	0.0059872	-0.036184	-0.032005	-1.4842	16.926	27.709	913.78	-0.0071173	undefined	undefined	liquid
22.170	25.139	167.02	0.0059872	-0.036185	-0.032004	-1.4843	16.926	27.709	913.78	-0.0071173	undefined	undefined	liquid
22.170	25.143	167.02	0.0059872	-0.036185	-0.032004	-1.4843	16.926	27.709	913.78	-0.0071173	undefined	undefined	liquid
22.170	25.148	167.02	0.0059872	-0.036185	-0.032003	-1.4843	16.926	27.709	913.78	-0.0071174	undefined	undefined	liquid
22.170	25.152	167.02	0.0059872	-0.036185	-0.032003	-1.4843	16.926	27.709	913.78	-0.0071174	undefined	undefined	liquid
22.170	25.156	167.02	0.0059872	-0.036186	-0.032002	-1.4843	16.926	27.709	913.78	-0.0071174	undefined	undefined	liquid
22.170	25.160	167.02	0.0059872	-0.036186	-0.032002	-1.4843	16.926	27.709	913.78	-0.0071174	undefined	undefined	liquid
22.170	25.164	167.02	0.0059872	-0.036186	-0.032001	-1.4843	16.926	27.709	913.78	-0.0071174	undefined	undefined	liquid
22.170	25.169	167.02	0.0059872	-0.036186	-0.032001	-1.4843	16.926	27.709	913.78	-0.0071174	undefined	undefined	liquid
22.170	25.173	167.02	0.0059872	-0.036186	-0.032001	-1.4843	16.926	27.709	913.78	-0.0071174	undefined	undefined	liquid
22.170	25.177	167.02	0.0059872	-0.036187	-0.032000	-1.4844	16.926	27.709	913.78	-0.0071175	undefined	undefined	liquid
22.170	25.181	167.02	0.0059872	-0.036187	-0.032000	-1.4844	16.926	27.709	913.78	-0.0071175	undefined	undefined	liquid
22.170	25.185	167.02	0.0059872	-0.036187	-0.031999	-1.4844	16.926	27.709	913.78	-0.0071175	undefined	undefined	liquid
22.170	25.190	167.02	0.0059872	-0.036187	-0.031999	-1.4844	16.926	27.709	913.78	-0.0071175	undefined	undefined	liquid
22.170	25.194	167.02	0.0059872	-0.036188	-0.031998	-1.4844	16.926	27.709	913.78	-0.0071175	undefined	undefined	liquid
22.170	25.198	167.02	0.0059872	-0.036188	-0.031998	-1.4844	16.926	27.709	913.78	-0.0071175	undefined	undefined	liquid
22.170	25.202	167.02	0.0059872	-0.036188	-0.031997	-1.4844	16.926	27.709	913.78	-0.0071175	undefined	undefined	liquid
22.170	25.206	167.02	0.0059872	-0.036188	-0.031997	-1.4844	16.926	27.709	913.78	-0.0071175	undefined	undefined	liquid
22.170	25.211	167.02	0.0059872	-0.036189	-0.031996	-1.4844	16.926	27.709	913.79	-0.0071176	undefined	undefined	liquid
22.170	25.215	167.02	0.0059872	-0.036189	-0.031996	-1.4844	16.926	27.709	913.79	-0.0071176	undefined	undefined	liquid
22.170	25.219	167.02	0.0059872	-0.036189	-0.031996	-1.4845	16.926	27.709	913.79	-0.0071176	undefined	undefined	liquid
22.170	25.223	167.02	0.0059872	-0.036189	-0.031995	-1.4845	16.926	27.709	913.79	-0.0071176	undefined	undefined	liquid
22.170	25.227	167.02	0.0059872	-0.036190	-0.031995	-1.4845	16.926	27.709	913.79	-0.0071176	undefined	undefined	liquid
22.170	25.232	167.02	0.0059872	-0.036190	-0.031994	-1.4845	16.926	27.709	913.79	-0.0071176	undefined	undefined	liquid
22.170	25.236	167.02	0.0059872	-0.036190	-0.031994	-1.4845	16.926	27.709	913.79	-0.0071176	undefined	undefined	liquid
22.170	25.240	167.02	0.0059872	-0.036190	-0.031993	-1.4845	16.926	27.709	913.79	-0.0071177	undefined	undefined	liquid
22.170	25.244	167.02	0.0059872	-0.036190	-0.031993	-1.4845	16.926	27.709	913.79	-0.0071177	undefined	undefined	liquid
22.170	25.248	167.02	0.0059872	-0.036191	-0.031992	-1.4845	16.926	27.709	913.79	-0.0071177	undefined	undefined	liquid
22.170	25.253	167.02	0.0059872	-0.036191	-0.031992	-1.4845	16.926	27.709	913.79	-0.0071177	undefined	undefined	liquid
22.170	25.257	167.02	0.0059872	-0.036191	-0.031991	-1.4846	16.926	27.709	913.79	-0.0071177	undefined	undefined	liquid
22.170	25.261	167.02	0.0059872	-0.036191	-0.031991	-1.4846	16.926	27.709	913.79	-0.0071177	undefined	undefined	liquid
22.170	25.265	167.02	0.0059872	-0.036192	-0.031990	-1.4846	16.926	27.709	913.79	-0.0071177	undefined	undefined	liquid
22.170	25.269	167.02	0.0059872	-0.036192	-0.031990	-1.4846	16.926	27.709	913.79	-0.0071177	undefined	undefined	liquid
22.170	25.274	167.02	0.0059872	-0.036192	-0.031990	-1.4846	16.926	27.709	913.79	-0.0071178	undefined	undefined	liquid
22.170	25.278	167.02	0.0059872	-0.036192	-0.031989	-1.4846	16.926	27.708	913.79	-0.0071178	undefined	undefined	liquid
22.170	25.282	167.02	0.0059872	-0.036193	-0.031989	-1.4846	16.926	27.708	913.79	-0.0071178	undefined	undefined	liquid
22.170	25.286	167.02	0.0059872	-0.036193	-0.031988	-1.4846	16.926	27.708	913.79	-0.0071178	undefined	undefined	liquid
22.170	25.290	167.02	0.0059872	-0.036193	-0.031988	-1.4846	16.926	27.708	913.80	-0.0071178	undefined	undefined	liquid
22.170	25.295	167.02	0.0059872	-0.036193	-0.031987	-1.4847	16.926	27.708	913.80	-0.0071178	undefined	undefined	liquid
22.170	25.299	167.02	0.0059872	-0.036194	-0.031987	-1.4847	16.926	27.708	913.80	-0.0071178	undefined	undefined	liquid
22.170	25.303	167.02	0.0059872	-0.036194	-0.031986	-1.4847	16.926	27.708	913.80	-0.0071179	undefined	undefined	liquid
22.170	25.307	167.02	0.0059871	-0.036194	-0.031986	-1.4847	16.926	27.708	913.80	-0.0071179	undefined	undefined	liquid
22.170	25.311	167.02	0.0059871	-0.036194	-0.031985	-1.4847	16.926	27.708	913.80	-0.0071179	undefined	undefined	liquid
22.170	25.316	167.02	0.0059871	-0.036195	-0.031985	-1.4847	16.926	27.708	913.80	-0.0071179	undefined	undefined	liquid
22.170	25.320	167.02	0.0059871	-0.036195	-0.031984	-1.4847	16.926	27.708	913.80	-0.0071179	undefined	undefined	liquid
22.170	25.324	167.02	0.0059871	-0.036195	-0.031984	-1.4847	16.926	27.708	913.80	-0.0071179	undefined	undefined	liquid
22.170	25.328	167.02	0.0059871	-0.036195	-0.031984	-1.4847	16.926	27.708	913.80	-0.0071179	undefined	undefined	liquid
22.170	25.332	167.02	0.0059871	-0.036195	-0.031983	-1.4847	16.926	27.708	913.80	-0.0071179	undefined	undefined	liquid
22.170	25.337	167.02	0.0059871	-0.036196	-0.031983	-1.4848	16.927	27.708	913.80	-0.0071180	undefined	undefined	liquid
22.170	25.341	167.02	0.0059871	-0.036196	-0.031982	-1.4848	16.927	27.708	913.80	-0.0071180	undefined	undefined	liquid
22.170	25.345	167.02	0.0059871	-0.036196	-0.031982	-1.4848	16.927	27.708	913.80	-0.0071180	undefined	undefined	liquid
22.170	25.349	167.02	0.0059871	-0.036196	-0.031981	-1.4848	16.927	27.708	913.80	-0.0071180	undefined	undefined	liquid
22.170	25.353	167.03	0.0059871	-0.036197	-0.031981	-1.4848	16.927	27.708	913.80	-0.0071180	undefined	undefined	liquid
22.170	25.358	167.03	0.0059871	-0.036197	-0.031980	-1.4848	16.927	27.708	913.80	-0.0071180	undefined	undefined	liquid
22.170	25.362	167.03	0.0059871	-0.036197	-0.031980	-1.4848	16.927	27.708	913.80	-0.0071180	undefined	undefined	liquid
22.170	25.366	167.03	0.0059871	-0.036197	-0.031979	-1.4848	16.927	27.708	913.80	-0.0071181	undefined	undefined	liquid
22.170	25.370	167.03	0.0059871	-0.036198	-0.031979	-1.4848	16.927	27.708	913.81	-0.0071181	undefined	undefined	liquid
22.170	25.374	167.03	0.0059871	-0.036198	-0.031978	-1.4849	16.927	27.708	913.81	-0.0071181	undefined	undefined	liquid
22.170	25.379	167.03	0.0059871	-0.036198	-0.031978	-1.4849	16.927	27.708	913.81	-0.0071181	undefined	undefined	liquid
22.170	25.383	167.03	0.0059871	-0.036198	-0.031978	-1.4849	16.927	27.708	913.81	-0.0071181	undefined	undefined	liquid
22.170	25.387	167.03	0.0059871	-0.036199	-0.031977	-1.4849	16.927	27.708	913.81	-0.0071181	undefined	undefined	liquid
22.170	25.391	167.03	0.0059871	-0.036199	-0.031977	-1.4849	16.927	27.708	913.81	-0.0071181	undefined	undefined	liquid
22.170	25.395	167.03	0.0059871	-0.036199	-0.031976	-1.4849	16.927	27.708	913.81	-0.0071181	undefined	undefined	liquid
22.170	25.400	167.03	0.0059871	-0.036199	-0.031976	-1.4849	16.927	27.708	913.81	-0.0071182	undefined	undefined	liquid
22.170	25.404	167.03	0.0059871	-0.036199	-0.031975	-1.4849	16.927	27.708	913.81	-0.0071182	undefined	undefined	liquid
22.170	25.408	167.03	0.0059871	-0.036200	-0.031975	-1.4849	16.927	27.708	913.81	-0.0071182	undefined	undefined	liquid
22.170	25.412	167.03	0.0059871	-0.036200	-0.031974	-1.4850	16.927	27.708	913.81	-0.0071182	undefined	undefined	liquid
22.170	25.416	167.03	0.0059871	-0.036200	-0.031974	-1.4850	16.927	27.708	913.81	-0.0071182	undefined	undefined	liquid
22.170	25.421	167.03	0.0059871	-0.036200	-0.031973	-1.4850	16.927	27.708	913.81	-0.0071182	undefined	undefined	liquid
22.170	25.425	167.03	0.0059871	-0.036201	-0.031973	-1.4850	16.927	27.708	913.81	-0.0071182	undefined	undefined	liquid
22.170	25.429	167.03	0.0059871	-0.036201	-0.031973	-1.4850	16.927	27.708	913.81	-0.0071183	undefined	undefined	liquid
22.170	25.433	167.03	0.0059871	-0.036201	-0.031972	-1.4850	16.927	27.708	913.81	-0.0071183	undefined	undefined	liquid
22.170	25.437	167.03	0.0059871	-0.036201	-0.031972	-1.4850	16.927	27.708	913.81	-0.0071183	undefined	undefined	liquid
22.170	25.442	167.03	0.0059871	-0.036202	-0.031971	-1.4850	16.927	27.708	913.81	-0.0071183	undefined	undefined	liquid
22.170	25.446	167.03	0.0059871	-0.036202	-0.031971	-1.4850	16.927	27.708	913.81	-0.0071183	undefined	undefined	liquid
22.170	25.450	167.03	0.0059871	-0.036202	-0.031970	-1.4850	16.927	27.708	913.82	-0.0071183	undefined	undefined	liquid
22.170	25.454	167.03	0.0059871	-0.036202	-0.031970	-1.4851	16.927	27.707	913.82	-0.0071183	undefined	undefined	liquid
22.170	25.458	167.03	0.0059871	-0.036203	-0.031969	-1.4851	16.927	27.707	913.82	-0.0071183	undefined	undefined	liquid
22.170	25.463	167.03	0.0059871	-0.036203	-0.031969	-1.4851	16.927	27.707	913.82	-0.0071184	undefined	undefined	liquid
22.170	25.467	167.03	0.0059871	-0.036203	-0.031968	-1.4851	16.927	27.707	913.82	-0.0071184	undefined	undefined	liquid
22.170	25.471	167.03	0.0059871	-0.036203	-0.031968	-1.4851	16.927	27.707	913.82	-0.0071184	undefined	undefined	liquid
22.170	25.475	167.03	0.0059871	-0.036203	-0.031967	-1.4851	16.927	27.707	913.82	-0.0071184	undefined	undefined	liquid
22.170	25.479	167.03	0.0059871	-0.036204	-0.031967	-1.4851	16.927	27.707	913.82	-0.0071184	undefined	undefined	liquid
22.170	25.484	167.03	0.0059871	-0.036204	-0.031967	-1.4851	16.927	27.707	913.82	-0.0071184	undefined	undefined	liquid
22.170	25.488	167.03	0.0059871	-0.036204	-0.031966	-1.4851	16.927	27.707	913.82	-0.0071184	undefined	undefined	liquid
22.170	25.492	167.03	0.0059871	-0.036204	-0.031966	-1.4852	16.927	27.707	913.82	-0.0071185	undefined	undefined	liquid
22.170	25.496	167.03	0.0059871	-0.036205	-0.031965	-1.4852	16.927	27.707	913.82	-0.0071185	undefined	undefined	liquid
22.170	25.500	167.03	0.0059871	-0.036205	-0.031965	-1.4852	16.927	27.707	913.82	-0.0071185	undefined	undefined	liquid
22.170	25.505	167.03	0.0059871	-0.036205	-0.031964	-1.4852	16.927	27.707	913.82	-0.0071185	undefined	undefined	liquid
22.170	25.509	167.03	0.0059871	-0.036205	-0.031964	-1.4852	16.927	27.707	913.82	-0.0071185	undefined	undefined	liquid
22.170	25.513	167.03	0.0059870	-0.036206	-0.031963	-1.4852	16.927	27.707	913.82	-0.0071185	undefined	undefined	liquid
22.170	25.517	167.03	0.0059870	-0.036206	-0.031963	-1.4852	16.927	27.707	913.82	-0.0071185	undefined	undefined	liquid
22.170	25.521	167.03	0.0059870	-0.036206	-0.031962	-1.4852	16.927	27.707	913.82	-0.0071185	undefined	undefined	liquid
22.170	25.526	167.03	0.0059870	-0.036206	-0.031962	-1.4852	16.927	27.707	913.83	-0.0071186	undefined	undefined	liquid
22.170	25.530	167.03	0.0059870	-0.036207	-0.031961	-1.4853	16.927	27.707	913.83	-0.0071186	undefined	undefined	liquid
22.170	25.534	167.03	0.0059870	-0.036207	-0.031961	-1.4853	16.927	27.707	913.83	-0.0071186	undefined	undefined	liquid
22.170	25.538	167.03	0.0059870	-0.036207	-0.031961	-1.4853	16.927	27.707	913.83	-0.0071186	undefined	undefined	liquid
22.170	25.542	167.03	0.0059870	-0.036207	-0.031960	-1.4853	16.927	27.707	913.83	-0.0071186	undefined	undefined	liquid
22.170	25.547	167.03	0.0059870	-0.036208	-0.031960	-1.4853	16.927	27.707	913.83	-0.0071186	undefined	undefined	liquid
22.170	25.551	167.03	0.0059870	-0.036208	-0.031959	-1.4853	16.927	27.707	913.83	-0.0071186	undefined	undefined	liquid
22.170	25.555	167.03	0.0059870	-0.036208	-0.031959	-1.4853	16.927	27.707	913.83	-0.0071187	undefined	undefined	liquid
22.170	25.559	167.03	0.0059870	-0.036208	-0.031958	-1.4853	16.927	27.707	913.83	-0.0071187	undefined	undefined	liquid
22.170	25.563	167.03	0.0059870	-0.036208	-0.031958	-1.4853	16.927	27.707	913.83	-0.0071187	undefined	undefined	liquid
22.170	25.568	167.03	0.0059870	-0.036209	-0.031957	-1.4853	16.927	27.707	913.83	-0.0071187	undefined	undefined	liquid
22.170	25.572	167.03	0.0059870	-0.036209	-0.031957	-1.4854	16.927	27.707	913.83	-0.0071187	undefined	undefined	liquid
22.170	25.576	167.03	0.0059870	-0.036209	-0.031956	-1.4854	16.927	27.707	913.83	-0.0071187	undefined	undefined	liquid
22.170	25.580	167.03	0.0059870	-0.036209	-0.031956	-1.4854	16.927	27.707	913.83	-0.0071187	undefined	undefined	liquid
22.170	25.584	167.03	0.0059870	-0.036210	-0.031955	-1.4854	16.927	27.707	913.83	-0.0071187	undefined	undefined	liquid
22.170	25.589	167.03	0.0059870	-0.036210	-0.031955	-1.4854	16.927	27.707	913.83	-0.0071188	undefined	undefined	liquid
22.170	25.593	167.03	0.0059870	-0.036210	-0.031955	-1.4854	16.927	27.707	913.83	-0.0071188	undefined	undefined	liquid
22.170	25.597	167.03	0.0059870	-0.036210	-0.031954	-1.4854	16.927	27.707	913.83	-0.0071188	undefined	undefined	liquid
22.170	25.601	167.03	0.0059870	-0.036211	-0.031954	-1.4854	16.927	27.707	913.83	-0.0071188	undefined	undefined	liquid
22.170	25.605	167.03	0.0059870	-0.036211	-0.031953	-1.4854	16.927	27.707	913.84	-0.0071188	undefined	undefined	liquid
22.170	25.610	167.03	0.0059870	-0.036211	-0.031953	-1.4855	16.927	27.707	913.84	-0.0071188	undefined	undefined	liquid
22.170	25.614	167.03	0.0059870	-0.036211	-0.031952	-1.4855	16.927	27.707	913.84	-0.0071188	undefined	undefined	liquid
22.170	25.618	167.03	0.0059870	-0.036212	-0.031952	-1.4855	16.927	27.707	913.84	-0.0071189	undefined	undefined	liquid
22.170	25.622	167.03	0.0059870	-0.036212	-0.031951	-1.4855	16.927	27.707	913.84	-0.0071189	undefined	undefined	liquid
22.170	25.626	167.03	0.0059870	-0.036212	-0.031951	-1.4855	16.927	27.707	913.84	-0.0071189	undefined	undefined	liquid
22.170	25.631	167.03	0.0059870	-0.036212	-0.031950	-1.4855	16.927	27.707	913.84	-0.0071189	undefined	undefined	liquid
22.170	25.635	167.03	0.0059870	-0.036212	-0.031950	-1.4855	16.927	27.706	913.84	-0.0071189	undefined	undefined	liquid
22.170	25.639	167.03	0.0059870	-0.036213	-0.031949	-1.4855	16.927	27.706	913.84	-0.0071189	undefined	undefined	liquid
22.170	25.643	167.03	0.0059870	-0.036213	-0.031949	-1.4855	16.927	27.706	913.84	-0.0071189	undefined	undefined	liquid
22.170	25.647	167.03	0.0059870	-0.036213	-0.031949	-1.4856	16.927	27.706	913.84	-0.0071189	undefined	undefined	liquid
22.170	25.652	167.03	0.0059870	-0.036213	-0.031948	-1.4856	16.927	27.706	913.84	-0.0071190	undefined	undefined	liquid
22.170	25.656	167.03	0.0059870	-0.036214	-0.031948	-1.4856	16.927	27.706	913.84	-0.0071190	undefined	undefined	liquid
22.170	25.660	167.03	0.0059870	-0.036214	-0.031947	-1.4856	16.927	27.706	913.84	-0.0071190	undefined	undefined	liquid
22.170	25.664	167.03	0.0059870	-0.036214	-0.031947	-1.4856	16.927	27.706	913.84	-0.0071190	undefined	undefined	liquid
22.170	25.668	167.03	0.0059870	-0.036214	-0.031946	-1.4856	16.927	27.706	913.84	-0.0071190	undefined	undefined	liquid
22.170	25.673	167.03	0.0059870	-0.036215	-0.031946	-1.4856	16.927	27.706	913.84	-0.0071190	undefined	undefined	liquid
22.170	25.677	167.03	0.0059870	-0.036215	-0.031945	-1.4856	16.927	27.706	913.84	-0.0071190	undefined	undefined	liquid
22.170	25.681	167.03	0.0059870	-0.036215	-0.031945	-1.4856	16.927	27.706	913.84	-0.0071191	undefined	undefined	liquid
22.170	25.685	167.03	0.0059870	-0.036215	-0.031944	-1.4857	16.927	27.706	913.85	-0.0071191	undefined	undefined	liquid
22.170	25.689	167.03	0.0059870	-0.036216	-0.031944	-1.4857	16.927	27.706	913.85	-0.0071191	undefined	undefined	liquid
22.170	25.694	167.03	0.0059870	-0.036216	-0.031944	-1.4857	16.927	27.706	913.85	-0.0071191	undefined	undefined	liquid
22.170	25.698	167.03	0.0059870	-0.036216	-0.031943	-1.4857	16.927	27.706	913.85	-0.0071191	undefined	undefined	liquid
22.170	25.702	167.03	0.0059870	-0.036216	-0.031943	-1.4857	16.927	27.706	913.85	-0.0071191	undefined	undefined	liquid
22.170	25.706	167.03	0.0059870	-0.036217	-0.031942	-1.4857	16.927	27.706	913.85	-0.0071191	undefined	undefined	liquid
22.170	25.710	167.03	0.0059870	-0.036217	-0.031942	-1.4857	16.927	27.706	913.85	-0.0071191	undefined	undefined	liquid
22.170	25.715	167.03	0.0059870	-0.036217	-0.031941	-1.4857	16.927	27.706	913.85	-0.0071192	undefined	undefined	liquid
22.170	25.719	167.03	0.0059869	-0.036217	-0.031941	-1.4857	16.927	27.706	913.85	-0.0071192	undefined	undefined	liquid
22.170	25.723	167.03	0.0059869	-0.036217	-0.031940	-1.4857	16.927	27.706	913.85	-0.0071192	undefined	undefined	liquid
22.170	25.727	167.03	0.0059869	-0.036218	-0.031940	-1.4858	16.927	27.706	913.85	-0.0071192	undefined	undefined	liquid
22.170	25.731	167.03	0.0059869	-0.036218	-0.031939	-1.4858	16.927	27.706	913.85	-0.0071192	undefined	undefined	liquid
22.170	25.736	167.03	0.0059869	-0.036218	-0.031939	-1.4858	16.927	27.706	913.85	-0.0071192	undefined	undefined	liquid
22.170	25.740	167.03	0.0059869	-0.036218	-0.031938	-1.4858	16.927	27.706	913.85	-0.0071192	undefined	undefined	liquid
22.170	25.744	167.03	0.0059869	-0.036219	-0.031938	-1.4858	16.927	27.706	913.85	-0.0071193	undefined	undefined	liquid
22.170	25.748	167.03	0.0059869	-0.036219	-0.031938	-1.4858	16.927	27.706	913.85	-0.0071193	undefined	undefined	liquid
22.170	25.752	167.03	0.0059869	-0.036219	-0.031937	-1.4858	16.927	27.706	913.85	-0.0071193	undefined	undefined	liquid
22.170	25.757	167.03	0.0059869	-0.036219	-0.031937	-1.4858	16.927	27.706	913.85	-0.0071193	undefined	undefined	liquid
22.170	25.761	167.03	0.0059869	-0.036220	-0.031936	-1.4858	16.927	27.706	913.86	-0.0071193	undefined	undefined	liquid
22.170	25.765	167.03	0.0059869	-0.036220	-0.031936	-1.4859	16.927	27.706	913.86	-0.0071193	undefined	undefined	liquid
22.170	25.769	167.03	0.0059869	-0.036220	-0.031935	-1.4859	16.927	27.706	913.86	-0.0071193	undefined	undefined	liquid
22.170	25.773	167.03	0.0059869	-0.036220	-0.031935	-1.4859	16.927	27.706	913.86	-0.0071193	undefined	undefined	liquid
22.170	25.778	167.03	0.0059869	-0.036221	-0.031934	-1.4859	16.927	27.706	913.86	-0.0071194	undefined	undefined	liquid
22.170	25.782	167.03	0.0059869	-0.036221	-0.031934	-1.4859	16.927	27.706	913.86	-0.0071194	undefined	undefined	liquid
22.170	25.786	167.03	0.0059869	-0.036221	-0.031933	-1.4859	16.927	27.706	913.86	-0.0071194	undefined	undefined	liquid
22.170	25.790	167.03	0.0059869	-0.036221	-0.031933	-1.4859	16.927	27.706	913.86	-0.0071194	undefined	undefined	liquid
22.170	25.794	167.03	0.0059869	-0.036221	-0.031932	-1.4859	16.927	27.706	913.86	-0.0071194	undefined	undefined	liquid
22.170	25.799	167.03	0.0059869	-0.036222	-0.031932	-1.4859	16.927	27.706	913.86	-0.0071194	undefined	undefined	liquid
22.170	25.803	167.03	0.0059869	-0.036222	-0.031932	-1.4860	16.927	27.706	913.86	-0.0071194	undefined	undefined	liquid
22.170	25.807	167.03	0.0059869	-0.036222	-0.031931	-1.4860	16.927	27.706	913.86	-0.0071195	undefined	undefined	liquid
22.170	25.811	167.03	0.0059869	-0.036222	-0.031931	-1.4860	16.927	27.705	913.86	-0.0071195	undefined	undefined	liquid
22.170	25.815	167.03	0.0059869	-0.036223	-0.031930	-1.4860	16.927	27.705	913.86	-0.0071195	undefined	undefined	liquid
22.170	25.820	167.03	0.0059869	-0.036223	-0.031930	-1.4860	16.927	27.705	913.86	-0.0071195	undefined	undefined	liquid
22.170	25.824	167.03	0.0059869	-0.036223	-0.031929	-1.4860	16.927	27.705	913.86	-0.0071195	undefined	undefined	liquid
22.170	25.828	167.03	0.0059869	-0.036223	-0.031929	-1.4860	16.927	27.705	913.86	-0.0071195	undefined	undefined	liquid
22.170	25.832	167.03	0.0059869	-0.036224	-0.031928	-1.4860	16.927	27.705	913.86	-0.0071195	undefined	undefined	liquid
22.170	25.836	167.03	0.0059869	-0.036224	-0.031928	-1.4860	16.927	27.705	913.86	-0.0071195	undefined	undefined	liquid
22.170	25.841	167.03	0.0059869	-0.036224	-0.031927	-1.4860	16.927	27.705	913.87	-0.0071196	undefined	undefined	liquid
22.170	25.845	167.03	0.0059869	-0.036224	-0.031927	-1.4861	16.927	27.705	913.87	-0.0071196	undefined	undefined	liquid
22.170	25.849	167.03	0.0059869	-0.036225	-0.031926	-1.4861	16.927	27.705	913.87	-0.0071196	undefined	undefined	liquid
22.170	25.853	167.03	0.0059869	-0.036225	-0.031926	-1.4861	16.927	27.705	913.87	-0.0071196	undefined	undefined	liquid
22.170	25.857	167.03	0.0059869	-0.036225	-0.031926	-1.4861	16.927	27.705	913.87	-0.0071196	undefined	undefined	liquid
22.170	25.862	167.03	0.0059869	-0.036225	-0.031925	-1.4861	16.927	27.705	913.87	-0.0071196	undefined	undefined	liquid
22.170	25.866	167.03	0.0059869	-0.036226	-0.031925	-1.4861	16.927	27.705	913.87	-0.0071196	undefined	undefined	liquid
22.170	25.870	167.03	0.0059869	-0.036226	-0.031924	-1.4861	16.927	27.705	913.87	-0.0071197	undefined	undefined	liquid
22.170	25.874	167.03	0.0059869	-0.036226	-0.031924	-1.4861	16.927	27.705	913.87	-0.0071197	undefined	undefined	liquid
22.170	25.878	167.03	0.0059869	-0.036226	-0.031923	-1.4861	16.927	27.705	913.87	-0.0071197	undefined	undefined	liquid
22.170	25.883	167.03	0.0059869	-0.036226	-0.031923	-1.4862	16.927	27.705	913.87	-0.0071197	undefined	undefined	liquid
22.170	25.887	167.03	0.0059869	-0.036227	-0.031922	-1.4862	16.927	27.705	913.87	-0.0071197	undefined	undefined	liquid
22.170	25.891	167.03	0.0059869	-0.036227	-0.031922	-1.4862	16.927	27.705	913.87	-0.0071197	undefined	undefined	liquid
22.170	25.895	167.03	0.0059869	-0.036227	-0.031921	-1.4862	16.927	27.705	913.87	-0.0071197	undefined	undefined	liquid
22.170	25.899	167.03	0.0059869	-0.036227	-0.031921	-1.4862	16.927	27.705	913.87	-0.0071197	undefined	undefined	liquid
22.170	25.904	167.03	0.0059869	-0.036228	-0.031920	-1.4862	16.927	27.705	913.87	-0.0071198	undefined	undefined	liquid
22.170	25.908	167.03	0.0059869	-0.036228	-0.031920	-1.4862	16.927	27.705	913.87	-0.0071198	undefined	undefined	liquid
22.170	25.912	167.03	0.0059869	-0.036228	-0.031920	-1.4862	16.927	27.705	913.87	-0.0071198	undefined	undefined	liquid
22.170	25.916	167.03	0.0059869	-0.036228	-0.031919	-1.4862	16.927	27.705	913.88	-0.0071198	undefined	undefined	liquid
22.170	25.920	167.03	0.0059869	-0.036229	-0.031919	-1.4863	16.927	27.705	913.88	-0.0071198	undefined	undefined	liquid
22.170	25.925	167.03	0.0059869	-0.036229	-0.031918	-1.4863	16.927	27.705	913.88	-0.0071198	undefined	undefined	liquid
22.170	25.929	167.03	0.0059868	-0.036229	-0.031918	-1.4863	16.927	27.705	913.88	-0.0071198	undefined	undefined	liquid
22.170	25.933	167.03	0.0059868	-0.036229	-0.031917	-1.4863	16.927	27.705	913.88	-0.0071199	undefined	undefined	liquid
22.170	25.937	167.03	0.0059868	-0.036230	-0.031917	-1.4863	16.928	27.705	913.88	-0.0071199	undefined	undefined	liquid
22.170	25.941	167.03	0.0059868	-0.036230	-0.031916	-1.4863	16.928	27.705	913.88	-0.0071199	undefined	undefined	liquid
22.170	25.946	167.03	0.0059868	-0.036230	-0.031916	-1.4863	16.928	27.705	913.88	-0.0071199	undefined	undefined	liquid
22.170	25.950	167.03	0.0059868	-0.036230	-0.031915	-1.4863	16.928	27.705	913.88	-0.0071199	undefined	undefined	liquid
22.170	25.954	167.03	0.0059868	-0.036230	-0.031915	-1.4863	16.928	27.705	913.88	-0.0071199	undefined	undefined	liquid
22.170	25.958	167.03	0.0059868	-0.036231	-0.031915	-1.4863	16.928	27.705	913.88	-0.0071199	undefined	undefined	liquid
22.170	25.962	167.03	0.0059868	-0.036231	-0.031914	-1.4864	16.928	27.705	913.88	-0.0071199	undefined	undefined	liquid
22.170	25.967	167.03	0.0059868	-0.036231	-0.031914	-1.4864	16.928	27.705	913.88	-0.0071200	undefined	undefined	liquid
22.170	25.971	167.03	0.0059868	-0.036231	-0.031913	-1.4864	16.928	27.705	913.88	-0.0071200	undefined	undefined	liquid
22.170	25.975	167.03	0.0059868	-0.036232	-0.031913	-1.4864	16.928	27.705	913.88	-0.0071200	undefined	undefined	liquid
22.170	25.979	167.03	0.0059868	-0.036232	-0.031912	-1.4864	16.928	27.705	913.88	-0.0071200	undefined	undefined	liquid
22.170	25.983	167.03	0.0059868	-0.036232	-0.031912	-1.4864	16.928	27.705	913.88	-0.0071200	undefined	undefined	liquid
22.170	25.988	167.03	0.0059868	-0.036232	-0.031911	-1.4864	16.928	27.705	913.88	-0.0071200	undefined	undefined	liquid
22.170	25.992	167.03	0.0059868	-0.036233	-0.031911	-1.4864	16.928	27.704	913.88	-0.0071200	undefined	undefined	liquid
22.170	25.996	167.03	0.0059868	-0.036233	-0.031910	-1.4864	16.928	27.704	913.89	-0.0071201	undefined	undefined	liquid
22.170	26.000	167.03	0.0059868	-0.036233	-0.031910	-1.4865	16.928	27.704	913.89	-0.0071201	undefined	undefined	liquid
22.170	26.004	167.03	0.0059868	-0.036233	-0.031909	-1.4865	16.928	27.704	913.89	-0.0071201	undefined	undefined	liquid
22.170	26.009	167.03	0.0059868	-0.036234	-0.031909	-1.4865	16.928	27.704	913.89	-0.0071201	undefined	undefined	liquid
22.170	26.013	167.03	0.0059868	-0.036234	-0.031909	-1.4865	16.928	27.704	913.89	-0.0071201	undefined	undefined	liquid
22.170	26.017	167.03	0.0059868	-0.036234	-0.031908	-1.4865	16.928	27.704	913.89	-0.0071201	undefined	undefined	liquid
22.170	26.021	167.03	0.0059868	-0.036234	-0.031908	-1.4865	16.928	27.704	913.89	-0.0071201	undefined	undefined	liquid
22.170	26.025	167.03	0.0059868	-0.036235	-0.031907	-1.4865	16.928	27.704	913.89	-0.0071201	undefined	undefined	liquid
22.170	26.030	167.03	0.0059868	-0.036235	-0.031907	-1.4865	16.928	27.704	913.89	-0.0071202	undefined	undefined	liquid
22.170	26.034	167.03	0.0059868	-0.036235	-0.031906	-1.4865	16.928	27.704	913.89	-0.0071202	undefined	undefined	liquid
22.170	26.038	167.03	0.0059868	-0.036235	-0.031906	-1.4866	16.928	27.704	913.89	-0.0071202	undefined	undefined	liquid
22.170	26.042	167.03	0.0059868	-0.036235	-0.031905	-1.4866	16.928	27.704	913.89	-0.0071202	undefined	undefined	liquid
22.170	26.046	167.03	0.0059868	-0.036236	-0.031905	-1.4866	16.928	27.704	913.89	-0.0071202	undefined	undefined	liquid
22.170	26.051	167.03	0.0059868	-0.036236	-0.031904	-1.4866	16.928	27.704	913.89	-0.0071202	undefined	undefined	liquid
22.170	26.055	167.03	0.0059868	-0.036236	-0.031904	-1.4866	16.928	27.704	913.89	-0.0071202	undefined	undefined	liquid
22.170	26.059	167.03	0.0059868	-0.036236	-0.031903	-1.4866	16.928	27.704	913.89	-0.0071203	undefined	undefined	liquid
22.170	26.063	167.03	0.0059868	-0.036237	-0.031903	-1.4866	16.928	27.704	913.89	-0.0071203	undefined	undefined	liquid
22.170	26.067	167.03	0.0059868	-0.036237	-0.031903	-1.4866	16.928	27.704	913.89	-0.0071203	undefined	undefined	liquid
22.170	26.072	167.03	0.0059868	-0.036237	-0.031902	-1.4866	16.928	27.704	913.89	-0.0071203	undefined	undefined	liquid
22.170	26.076	167.03	0.0059868	-0.036237	-0.031902	-1.4866	16.928	27.704	913.90	-0.0071203	undefined	undefined	liquid
22.170	26.080	167.03	0.0059868	-0.036238	-0.031901	-1.4867	16.928	27.704	913.90	-0.0071203	undefined	undefined	liquid
22.170	26.084	167.03	0.0059868	-0.036238	-0.031901	-1.4867	16.928	27.704	913.90	-0.0071203	undefined	undefined	liquid
22.170	26.088	167.03	0.0059868	-0.036238	-0.031900	-1.4867	16.928	27.704	913.90	-0.0071203	undefined	undefined	liquid
22.170	26.093	167.04	0.0059868	-0.036238	-0.031900	-1.4867	16.928	27.704	913.90	-0.0071204	undefined	undefined	liquid
22.170	26.097	167.04	0.0059868	-0.036239	-0.031899	-1.4867	16.928	27.704	913.90	-0.0071204	undefined	undefined	liquid
22.170	26.101	167.04	0.0059868	-0.036239	-0.031899	-1.4867	16.928	27.704	913.90	-0.0071204	undefined	undefined	liquid
22.170	26.105	167.04	0.0059868	-0.036239	-0.031898	-1.4867	16.928	27.704	913.90	-0.0071204	undefined	undefined	liquid
22.170	26.109	167.04	0.0059868	-0.036239	-0.031898	-1.4867	16.928	27.704	913.90	-0.0071204	undefined	undefined	liquid
22.170	26.114	167.04	0.0059868	-0.036239	-0.031897	-1.4867	16.928	27.704	913.90	-0.0071204	undefined	undefined	liquid
22.170	26.118	167.04	0.0059868	-0.036240	-0.031897	-1.4868	16.928	27.704	913.90	-0.0071204	undefined	undefined	liquid
22.170	26.122	167.04	0.0059868	-0.036240	-0.031897	-1.4868	16.928	27.704	913.90	-0.0071205	undefined	undefined	liquid
22.170	26.126	167.04	0.0059868	-0.036240	-0.031896	-1.4868	16.928	27.704	913.90	-0.0071205	undefined	undefined	liquid
22.170	26.130	167.04	0.0059868	-0.036240	-0.031896	-1.4868	16.928	27.704	913.90	-0.0071205	undefined	undefined	liquid
22.170	26.135	167.04	0.0059867	-0.036241	-0.031895	-1.4868	16.928	27.704	913.90	-0.0071205	undefined	undefined	liquid
22.170	26.139	167.04	0.0059867	-0.036241	-0.031895	-1.4868	16.928	27.704	913.90	-0.0071205	undefined	undefined	liquid
22.170	26.143	167.04	0.0059867	-0.036241	-0.031894	-1.4868	16.928	27.704	913.90	-0.0071205	undefined	undefined	liquid
22.170	26.147	167.04	0.0059867	-0.036241	-0.031894	-1.4868	16.928	27.704	913.90	-0.0071205	undefined	undefined	liquid
22.170	26.151	167.04	0.0059867	-0.036242	-0.031893	-1.4868	16.928	27.704	913.91	-0.0071205	undefined	undefined	liquid
22.170	26.156	167.04	0.0059867	-0.036242	-0.031893	-1.4869	16.928	27.704	913.91	-0.0071206	undefined	undefined	liquid
22.170	26.160	167.04	0.0059867	-0.036242	-0.031892	-1.4869	16.928	27.704	913.91	-0.0071206	undefined	undefined	liquid
22.170	26.164	167.04	0.0059867	-0.036242	-0.031892	-1.4869	16.928	27.704	913.91	-0.0071206	undefined	undefined	liquid
22.170	26.168	167.04	0.0059867	-0.036243	-0.031892	-1.4869	16.928	27.703	913.91	-0.0071206	undefined	undefined	liquid
22.170	26.172	167.04	0.0059867	-0.036243	-0.031891	-1.4869	16.928	27.703	913.91	-0.0071206	undefined	undefined	liquid
22.170	26.177	167.04	0.0059867	-0.036243	-0.031891	-1.4869	16.928	27.703	913.91	-0.0071206	undefined	undefined	liquid
22.170	26.181	167.04	0.0059867	-0.036243	-0.031890	-1.4869	16.928	27.703	913.91	-0.0071206	undefined	undefined	liquid
22.170	26.185	167.04	0.0059867	-0.036243	-0.031890	-1.4869	16.928	27.703	913.91	-0.0071207	undefined	undefined	liquid
22.170	26.189	167.04	0.0059867	-0.036244	-0.031889	-1.4869	16.928	27.703	913.91	-0.0071207	undefined	undefined	liquid
22.170	26.193	167.04	0.0059867	-0.036244	-0.031889	-1.4869	16.928	27.703	913.91	-0.0071207	undefined	undefined	liquid
22.170	26.198	167.04	0.0059867	-0.036244	-0.031888	-1.4870	16.928	27.703	913.91	-0.0071207	undefined	undefined	liquid
22.170	26.202	167.04	0.0059867	-0.036244	-0.031888	-1.4870	16.928	27.703	913.91	-0.0071207	undefined	undefined	liquid
22.170	26.206	167.04	0.0059867	-0.036245	-0.031887	-1.4870	16.928	27.703	913.91	-0.0071207	undefined	undefined	liquid
22.170	26.210	167.04	0.0059867	-0.036245	-0.031887	-1.4870	16.928	27.703	913.91	-0.0071207	undefined	undefined	liquid
22.170	26.214	167.04	0.0059867	-0.036245	-0.031886	-1.4870	16.928	27.703	913.91	-0.0071208	undefined	undefined	liquid
22.170	26.219	167.04	0.0059867	-0.036245	-0.031886	-1.4870	16.928	27.703	913.91	-0.0071208	undefined	undefined	liquid
22.170	26.223	167.04	0.0059867	-0.036246	-0.031886	-1.4870	16.928	27.703	913.91	-0.0071208	undefined	undefined	liquid
22.170	26.227	167.04	0.0059867	-0.036246	-0.031885	-1.4870	16.928	27.703	913.91	-0.0071208	undefined	undefined	liquid
22.170	26.231	167.04	0.0059867	-0.036246	-0.031885	-1.4870	16.928	27.703	913.92	-0.0071208	undefined	undefined	liquid
22.170	26.235	167.04	0.0059867	-0.036246	-0.031884	-1.4871	16.928	27.703	913.92	-0.0071208	undefined	undefined	liquid
22.170	26.240	167.04	0.0059867	-0.036247	-0.031884	-1.4871	16.928	27.703	913.92	-0.0071208	undefined	undefined	liquid
22.170	26.244	167.04	0.0059867	-0.036247	-0.031883	-1.4871	16.928	27.703	913.92	-0.0071208	undefined	undefined	liquid
22.170	26.248	167.04	0.0059867	-0.036247	-0.031883	-1.4871	16.928	27.703	913.92	-0.0071209	undefined	undefined	liquid
22.170	26.252	167.04	0.0059867	-0.036247	-0.031882	-1.4871	16.928	27.703	913.92	-0.0071209	undefined	undefined	liquid
22.170	26.256	167.04	0.0059867	-0.036248	-0.031882	-1.4871	16.928	27.703	913.92	-0.0071209	undefined	undefined	liquid
22.170	26.261	167.04	0.0059867	-0.036248	-0.031881	-1.4871	16.928	27.703	913.92	-0.0071209	undefined	undefined	liquid
22.170	26.265	167.04	0.0059867	-0.036248	-0.031881	-1.4871	16.928	27.703	913.92	-0.0071209	undefined	undefined	liquid
22.170	26.269	167.04	0.0059867	-0.036248	-0.031880	-1.4871	16.928	27.703	913.92	-0.0071209	undefined	undefined	liquid
22.170	26.273	167.04	0.0059867	-0.036248	-0.031880	-1.4872	16.928	27.703	913.92	-0.0071209	undefined	undefined	liquid
22.170	26.277	167.04	0.0059867	-0.036249	-0.031880	-1.4872	16.928	27.703	913.92	-0.0071210	undefined	undefined	liquid
22.170	26.282	167.04	0.0059867	-0.036249	-0.031879	-1.4872	16.928	27.703	913.92	-0.0071210	undefined	undefined	liquid
22.170	26.286	167.04	0.0059867	-0.036249	-0.031879	-1.4872	16.928	27.703	913.92	-0.0071210	undefined	undefined	liquid
22.170	26.290	167.04	0.0059867	-0.036249	-0.031878	-1.4872	16.928	27.703	913.92	-0.0071210	undefined	undefined	liquid
22.170	26.294	167.04	0.0059867	-0.036250	-0.031878	-1.4872	16.928	27.703	913.92	-0.0071210	undefined	undefined	liquid
22.170	26.298	167.04	0.0059867	-0.036250	-0.031877	-1.4872	16.928	27.703	913.92	-0.0071210	undefined	undefined	liquid
22.170	26.303	167.04	0.0059867	-0.036250	-0.031877	-1.4872	16.928	27.703	913.92	-0.0071210	undefined	undefined	liquid
22.170	26.307	167.04	0.0059867	-0.036250	-0.031876	-1.4872	16.928	27.703	913.93	-0.0071210	undefined	undefined	liquid
22.170	26.311	167.04	0.0059867	-0.036251	-0.031876	-1.4873	16.928	27.703	913.93	-0.0071211	undefined	undefined	liquid
22.170	26.315	167.04	0.0059867	-0.036251	-0.031875	-1.4873	16.928	27.703	913.93	-0.0071211	undefined	undefined	liquid
22.170	26.319	167.04	0.0059867	-0.036251	-0.031875	-1.4873	16.928	27.703	913.93	-0.0071211	undefined	undefined	liquid
22.170	26.324	167.04	0.0059867	-0.036251	-0.031874	-1.4873	16.928	27.703	913.93	-0.0071211	undefined	undefined	liquid
22.170	26.328	167.04	0.0059867	-0.036252	-0.031874	-1.4873	16.928	27.703	913.93	-0.0071211	undefined	undefined	liquid
22.170	26.332	167.04	0.0059867	-0.036252	-0.031874	-1.4873	16.928	27.703	913.93	-0.0071211	undefined	undefined	liquid
22.170	26.336	167.04	0.0059867	-0.036252	-0.031873	-1.4873	16.928	27.703	913.93	-0.0071211	undefined	undefined	liquid
22.170	26.340	167.04	0.0059866	-0.036252	-0.031873	-1.4873	16.928	27.703	913.93	-0.0071212	undefined	undefined	liquid
22.170	26.345	167.04	0.0059866	-0.036252	-0.031872	-1.4873	16.928	27.703	913.93	-0.0071212	undefined	undefined	liquid
22.170	26.349	167.04	0.0059866	-0.036253	-0.031872	-1.4873	16.928	27.702	913.93	-0.0071212	undefined	undefined	liquid
22.170	26.353	167.04	0.0059866	-0.036253	-0.031871	-1.4874	16.928	27.702	913.93	-0.0071212	undefined	undefined	liquid
22.170	26.357	167.04	0.0059866	-0.036253	-0.031871	-1.4874	16.928	27.702	913.93	-0.0071212	undefined	undefined	liquid
22.170	26.361	167.04	0.0059866	-0.036253	-0.031870	-1.4874	16.928	27.702	913.93	-0.0071212	undefined	undefined	liquid
22.170	26.366	167.04	0.0059866	-0.036254	-0.031870	-1.4874	16.928	27.702	913.93	-0.0071212	undefined	undefined	liquid
22.170	26.370	167.04	0.0059866	-0.036254	-0.031869	-1.4874	16.928	27.702	913.93	-0.0071212	undefined	undefined	liquid
22.170	26.374	167.04	0.0059866	-0.036254	-0.031869	-1.4874	16.928	27.702	913.93	-0.0071213	undefined	undefined	liquid
22.170	26.378	167.04	0.0059866	-0.036254	-0.031868	-1.4874	16.928	27.702	913.93	-0.0071213	undefined	undefined	liquid
22.170	26.382	167.04	0.0059866	-0.036255	-0.031868	-1.4874	16.928	27.702	913.93	-0.0071213	undefined	undefined	liquid
22.170	26.387	167.04	0.0059866	-0.036255	-0.031868	-1.4874	16.928	27.702	913.94	-0.0071213	undefined	undefined	liquid
22.170	26.391	167.04	0.0059866	-0.036255	-0.031867	-1.4875	16.928	27.702	913.94	-0.0071213	undefined	undefined	liquid
22.170	26.395	167.04	0.0059866	-0.036255	-0.031867	-1.4875	16.928	27.702	913.94	-0.0071213	undefined	undefined	liquid
22.170	26.399	167.04	0.0059866	-0.036256	-0.031866	-1.4875	16.928	27.702	913.94	-0.0071213	undefined	undefined	liquid
22.170	26.403	167.04	0.0059866	-0.036256	-0.031866	-1.4875	16.928	27.702	913.94	-0.0071214	undefined	undefined	liquid
22.170	26.408	167.04	0.0059866	-0.036256	-0.031865	-1.4875	16.928	27.702	913.94	-0.0071214	undefined	undefined	liquid
22.170	26.412	167.04	0.0059866	-0.036256	-0.031865	-1.4875	16.928	27.702	913.94	-0.0071214	undefined	undefined	liquid
22.170	26.416	167.04	0.0059866	-0.036257	-0.031864	-1.4875	16.928	27.702	913.94	-0.0071214	undefined	undefined	liquid
22.170	26.420	167.04	0.0059866	-0.036257	-0.031864	-1.4875	16.928	27.702	913.94	-0.0071214	undefined	undefined	liquid
22.170	26.424	167.04	0.0059866	-0.036257	-0.031863	-1.4875	16.928	27.702	913.94	-0.0071214	undefined	undefined	liquid
22.170	26.429	167.04	0.0059866	-0.036257	-0.031863	-1.4876	16.928	27.702	913.94	-0.0071214	undefined	undefined	liquid
22.170	26.433	167.04	0.0059866	-0.036257	-0.031863	-1.4876	16.928	27.702	913.94	-0.0071214	undefined	undefined	liquid
22.170	26.437	167.04	0.0059866	-0.036258	-0.031862	-1.4876	16.928	27.702	913.94	-0.0071215	undefined	undefined	liquid
22.170	26.441	167.04	0.0059866	-0.036258	-0.031862	-1.4876	16.928	27.702	913.94	-0.0071215	undefined	undefined	liquid
22.170	26.445	167.04	0.0059866	-0.036258	-0.031861	-1.4876	16.928	27.702	913.94	-0.0071215	undefined	undefined	liquid
22.170	26.450	167.04	0.0059866	-0.036258	-0.031861	-1.4876	16.928	27.702	913.94	-0.0071215	undefined	undefined	liquid
22.170	26.454	167.04	0.0059866	-0.036259	-0.031860	-1.4876	16.928	27.702	913.94	-0.0071215	undefined	undefined	liquid
22.170	26.458	167.04	0.0059866	-0.036259	-0.031860	-1.4876	16.928	27.702	913.94	-0.0071215	undefined	undefined	liquid
22.170	26.462	167.04	0.0059866	-0.036259	-0.031859	-1.4876	16.928	27.702	913.95	-0.0071215	undefined	undefined	liquid
22.170	26.466	167.04	0.0059866	-0.036259	-0.031859	-1.4876	16.928	27.702	913.95	-0.0071216	undefined	undefined	liquid
22.170	26.471	167.04	0.0059866	-0.036260	-0.031858	-1.4877	16.928	27.702	913.95	-0.0071216	undefined	undefined	liquid
22.170	26.475	167.04	0.0059866	-0.036260	-0.031858	-1.4877	16.928	27.702	913.95	-0.0071216	undefined	undefined	liquid
22.170	26.479	167.04	0.0059866	-0.036260	-0.031857	-1.4877	16.928	27.702	913.95	-0.0071216	undefined	undefined	liquid
22.170	26.483	167.04	0.0059866	-0.036260	-0.031857	-1.4877	16.928	27.702	913.95	-0.0071216	undefined	undefined	liquid
22.170	26.487	167.04	0.0059866	-0.036261	-0.031857	-1.4877	16.928	27.702	913.95	-0.0071216	undefined	undefined	liquid
22.170	26.492	167.04	0.0059866	-0.036261	-0.031856	-1.4877	16.928	27.702	913.95	-0.0071216	undefined	undefined	liquid
22.170	26.496	167.04	0.0059866	-0.036261	-0.031856	-1.4877	16.928	27.702	913.95	-0.0071216	undefined	undefined	liquid
22.170	26.500	167.04	0.0059866	-0.036261	-0.031855	-1.4877	16.928	27.702	913.95	-0.0071217	undefined	undefined	liquid
22.170	26.504	167.04	0.0059866	-0.036261	-0.031855	-1.4877	16.928	27.702	913.95	-0.0071217	undefined	undefined	liquid
22.170	26.508	167.04	0.0059866	-0.036262	-0.031854	-1.4878	16.928	27.702	913.95	-0.0071217	undefined	undefined	liquid
22.170	26.513	167.04	0.0059866	-0.036262	-0.031854	-1.4878	16.928	27.702	913.95	-0.0071217	undefined	undefined	liquid
22.170	26.517	167.04	0.0059866	-0.036262	-0.031853	-1.4878	16.928	27.702	913.95	-0.0071217	undefined	undefined	liquid
22.170	26.521	167.04	0.0059866	-0.036262	-0.031853	-1.4878	16.928	27.702	913.95	-0.0071217	undefined	undefined	liquid
22.170	26.525	167.04	0.0059866	-0.036263	-0.031852	-1.4878	16.928	27.701	913.95	-0.0071217	undefined	undefined	liquid
22.170	26.529	167.04	0.0059866	-0.036263	-0.031852	-1.4878	16.928	27.701	913.95	-0.0071218	undefined	undefined	liquid
22.170	26.534	167.04	0.0059866	-0.036263	-0.031851	-1.4878	16.928	27.701	913.95	-0.0071218	undefined	undefined	liquid
22.170	26.538	167.04	0.0059866	-0.036263	-0.031851	-1.4878	16.928	27.701	913.95	-0.0071218	undefined	undefined	liquid
22.170	26.542	167.04	0.0059866	-0.036264	-0.031851	-1.4878	16.929	27.701	913.96	-0.0071218	undefined	undefined	liquid
22.170	26.546	167.04	0.0059865	-0.036264	-0.031850	-1.4879	16.929	27.701	913.96	-0.0071218	undefined	undefined	liquid
22.170	26.550	167.04	0.0059865	-0.036264	-0.031850	-1.4879	16.929	27.701	913.96	-0.0071218	undefined	undefined	liquid
22.170	26.555	167.04	0.0059865	-0.036264	-0.031849	-1.4879	16.929	27.701	913.96	-0.0071218	undefined	undefined	liquid
22.170	26.559	167.04	0.0059865	-0.036265	-0.031849	-1.4879	16.929	27.701	913.96	-0.0071218	undefined	undefined	liquid
22.170	26.563	167.04	0.0059865	-0.036265	-0.031848	-1.4879	16.929	27.701	913.96	-0.0071219	undefined	undefined	liquid
22.170	26.567	167.04	0.0059865	-0.036265	-0.031848	-1.4879	16.929	27.701	913.96	-0.0071219	undefined	undefined	liquid
22.170	26.571	167.04	0.0059865	-0.036265	-0.031847	-1.4879	16.929	27.701	913.96	-0.0071219	undefined	undefined	liquid
22.170	26.576	167.04	0.0059865	-0.036265	-0.031847	-1.4879	16.929	27.701	913.96	-0.0071219	undefined	undefined	liquid
22.170	26.580	167.04	0.0059865	-0.036266	-0.031846	-1.4879	16.929	27.701	913.96	-0.0071219	undefined	undefined	liquid
22.170	26.584	167.04	0.0059865	-0.036266	-0.031846	-1.4879	16.929	27.701	913.96	-0.0071219	undefined	undefined	liquid
22.170	26.588	167.04	0.0059865	-0.036266	-0.031845	-1.4880	16.929	27.701	913.96	-0.0071219	undefined	undefined	liquid
22.170	26.592	167.04	0.0059865	-0.036266	-0.031845	-1.4880	16.929	27.701	913.96	-0.0071220	undefined	undefined	liquid
22.170	26.597	167.04	0.0059865	-0.036267	-0.031845	-1.4880	16.929	27.701	913.96	-0.0071220	undefined	undefined	liquid
22.170	26.601	167.04	0.0059865	-0.036267	-0.031844	-1.4880	16.929	27.701	913.96	-0.0071220	undefined	undefined	liquid
22.170	26.605	167.04	0.0059865	-0.036267	-0.031844	-1.4880	16.929	27.701	913.96	-0.0071220	undefined	undefined	liquid
22.170	26.609	167.04	0.0059865	-0.036267	-0.031843	-1.4880	16.929	27.701	913.96	-0.0071220	undefined	undefined	liquid
22.170	26.613	167.04	0.0059865	-0.036268	-0.031843	-1.4880	16.929	27.701	913.96	-0.0071220	undefined	undefined	liquid
22.170	26.618	167.04	0.0059865	-0.036268	-0.031842	-1.4880	16.929	27.701	913.97	-0.0071220	undefined	undefined	liquid
22.170	26.622	167.04	0.0059865	-0.036268	-0.031842	-1.4880	16.929	27.701	913.97	-0.0071220	undefined	undefined	liquid
22.170	26.626	167.04	0.0059865	-0.036268	-0.031841	-1.4881	16.929	27.701	913.97	-0.0071221	undefined	undefined	liquid
22.170	26.630	167.04	0.0059865	-0.036269	-0.031841	-1.4881	16.929	27.701	913.97	-0.0071221	undefined	undefined	liquid
22.170	26.634	167.04	0.0059865	-0.036269	-0.031840	-1.4881	16.929	27.701	913.97	-0.0071221	undefined	undefined	liquid
22.170	26.639	167.04	0.0059865	-0.036269	-0.031840	-1.4881	16.929	27.701	913.97	-0.0071221	undefined	undefined	liquid
22.170	26.643	167.04	0.0059865	-0.036269	-0.031839	-1.4881	16.929	27.701	913.97	-0.0071221	undefined	undefined	liquid
22.170	26.647	167.04	0.0059865	-0.036270	-0.031839	-1.4881	16.929	27.701	913.97	-0.0071221	undefined	undefined	liquid
22.170	26.651	167.04	0.0059865	-0.036270	-0.031839	-1.4881	16.929	27.701	913.97	-0.0071221	undefined	undefined	liquid
22.170	26.655	167.04	0.0059865	-0.036270	-0.031838	-1.4881	16.929	27.701	913.97	-0.0071222	undefined	undefined	liquid
22.170	26.660	167.04	0.0059865	-0.036270	-0.031838	-1.4881	16.929	27.701	913.97	-0.0071222	undefined	undefined	liquid
22.170	26.664	167.04	0.0059865	-0.036270	-0.031837	-1.4882	16.929	27.701	913.97	-0.0071222	undefined	undefined	liquid
22.170	26.668	167.04	0.0059865	-0.036271	-0.031837	-1.4882	16.929	27.701	913.97	-0.0071222	undefined	undefined	liquid
22.170	26.672	167.04	0.0059865	-0.036271	-0.031836	-1.4882	16.929	27.701	913.97	-0.0071222	undefined	undefined	liquid
22.170	26.676	167.04	0.0059865	-0.036271	-0.031836	-1.4882	16.929	27.701	913.97	-0.0071222	undefined	undefined	liquid
22.170	26.681	167.04	0.0059865	-0.036271	-0.031835	-1.4882	16.929	27.701	913.97	-0.0071222	undefined	undefined	liquid
22.170	26.685	167.04	0.0059865	-0.036272	-0.031835	-1.4882	16.929	27.701	913.97	-0.0071222	undefined	undefined	liquid
22.170	26.689	167.04	0.0059865	-0.036272	-0.031834	-1.4882	16.929	27.701	913.97	-0.0071223	undefined	undefined	liquid
22.170	26.693	167.04	0.0059865	-0.036272	-0.031834	-1.4882	16.929	27.701	913.97	-0.0071223	undefined	undefined	liquid
22.170	26.697	167.04	0.0059865	-0.036272	-0.031834	-1.4882	16.929	27.701	913.98	-0.0071223	undefined	undefined	liquid
22.170	26.702	167.04	0.0059865	-0.036273	-0.031833	-1.4882	16.929	27.701	913.98	-0.0071223	undefined	undefined	liquid
22.170	26.706	167.04	0.0059865	-0.036273	-0.031833	-1.4883	16.929	27.700	913.98	-0.0071223	undefined	undefined	liquid
22.170	26.710	167.04	0.0059865	-0.036273	-0.031832	-1.4883	16.929	27.700	913.98	-0.0071223	undefined	undefined	liquid
22.170	26.714	167.04	0.0059865	-0.036273	-0.031832	-1.4883	16.929	27.700	913.98	-0.0071223	undefined	undefined	liquid
22.170	26.718	167.04	0.0059865	-0.036274	-0.031831	-1.4883	16.929	27.700	913.98	-0.0071224	undefined	undefined	liquid
22.170	26.723	167.04	0.0059865	-0.036274	-0.031831	-1.4883	16.929	27.700	913.98	-0.0071224	undefined	undefined	liquid
22.170	26.727	167.04	0.0059865	-0.036274	-0.031830	-1.4883	16.929	27.700	913.98	-0.0071224	undefined	undefined	liquid
22.170	26.731	167.04	0.0059865	-0.036274	-0.031830	-1.4883	16.929	27.700	913.98	-0.0071224	undefined	undefined	liquid
22.170	26.735	167.04	0.0059865	-0.036274	-0.031829	-1.4883	16.929	27.700	913.98	-0.0071224	undefined	undefined	liquid
22.170	26.739	167.04	0.0059865	-0.036275	-0.031829	-1.4883	16.929	27.700	913.98	-0.0071224	undefined	undefined	liquid
22.170	26.744	167.04	0.0059865	-0.036275	-0.031828	-1.4884	16.929	27.700	913.98	-0.0071224	undefined	undefined	liquid
22.170	26.748	167.04	0.0059865	-0.036275	-0.031828	-1.4884	16.929	27.700	913.98	-0.0071224	undefined	undefined	liquid
22.170	26.752	167.04	0.0059864	-0.036275	-0.031828	-1.4884	16.929	27.700	913.98	-0.0071225	undefined	undefined	liquid
22.170	26.756	167.04	0.0059864	-0.036276	-0.031827	-1.4884	16.929	27.700	913.98	-0.0071225	undefined	undefined	liquid
22.170	26.760	167.04	0.0059864	-0.036276	-0.031827	-1.4884	16.929	27.700	913.98	-0.0071225	undefined	undefined	liquid
22.170	26.765	167.04	0.0059864	-0.036276	-0.031826	-1.4884	16.929	27.700	913.98	-0.0071225	undefined	undefined	liquid
22.170	26.769	167.04	0.0059864	-0.036276	-0.031826	-1.4884	16.929	27.700	913.98	-0.0071225	undefined	undefined	liquid
22.170	26.773	167.04	0.0059864	-0.036277	-0.031825	-1.4884	16.929	27.700	913.99	-0.0071225	undefined	undefined	liquid
22.170	26.777	167.04	0.0059864	-0.036277	-0.031825	-1.4884	16.929	27.700	913.99	-0.0071225	undefined	undefined	liquid
22.170	26.781	167.04	0.0059864	-0.036277	-0.031824	-1.4885	16.929	27.700	913.99	-0.0071226	undefined	undefined	liquid
22.170	26.786	167.04	0.0059864	-0.036277	-0.031824	-1.4885	16.929	27.700	913.99	-0.0071226	undefined	undefined	liquid
22.170	26.790	167.04	0.0059864	-0.036278	-0.031823	-1.4885	16.929	27.700	913.99	-0.0071226	undefined	undefined	liquid
22.170	26.794	167.04	0.0059864	-0.036278	-0.031823	-1.4885	16.929	27.700	913.99	-0.0071226	undefined	undefined	liquid
22.170	26.798	167.04	0.0059864	-0.036278	-0.031822	-1.4885	16.929	27.700	913.99	-0.0071226	undefined	undefined	liquid
22.170	26.802	167.04	0.0059864	-0.036278	-0.031822	-1.4885	16.929	27.700	913.99	-0.0071226	undefined	undefined	liquid
22.170	26.807	167.04	0.0059864	-0.036278	-0.031822	-1.4885	16.929	27.700	913.99	-0.0071226	undefined	undefined	liquid
22.170	26.811	167.04	0.0059864	-0.036279	-0.031821	-1.4885	16.929	27.700	913.99	-0.0071226	undefined	undefined	liquid
22.170	26.815	167.04	0.0059864	-0.036279	-0.031821	-1.4885	16.929	27.700	913.99	-0.0071227	undefined	undefined	liquid
22.170	26.819	167.04	0.0059864	-0.036279	-0.031820	-1.4885	16.929	27.700	913.99	-0.0071227	undefined	undefined	liquid
22.170	26.823	167.04	0.0059864	-0.036279	-0.031820	-1.4886	16.929	27.700	913.99	-0.0071227	undefined	undefined	liquid
22.170	26.828	167.04	0.0059864	-0.036280	-0.031819	-1.4886	16.929	27.700	913.99	-0.0071227	undefined	undefined	liquid
22.170	26.832	167.04	0.0059864	-0.036280	-0.031819	-1.4886	16.929	27.700	913.99	-0.0071227	undefined	undefined	liquid
22.170	26.836	167.05	0.0059864	-0.036280	-0.031818	-1.4886	16.929	27.700	913.99	-0.0071227	undefined	undefined	liquid
22.170	26.840	167.05	0.0059864	-0.036280	-0.031818	-1.4886	16.929	27.700	913.99	-0.0071227	undefined	undefined	liquid
22.170	26.844	167.05	0.0059864	-0.036281	-0.031817	-1.4886	16.929	27.700	913.99	-0.0071228	undefined	undefined	liquid
22.170	26.849	167.05	0.0059864	-0.036281	-0.031817	-1.4886	16.929	27.700	913.99	-0.0071228	undefined	undefined	liquid
22.170	26.853	167.05	0.0059864	-0.036281	-0.031816	-1.4886	16.929	27.700	914.00	-0.0071228	undefined	undefined	liquid
22.170	26.857	167.05	0.0059864	-0.036281	-0.031816	-1.4886	16.929	27.700	914.00	-0.0071228	undefined	undefined	liquid
22.170	26.861	167.05	0.0059864	-0.036282	-0.031816	-1.4887	16.929	27.700	914.00	-0.0071228	undefined	undefined	liquid
22.170	26.865	167.05	0.0059864	-0.036282	-0.031815	-1.4887	16.929	27.700	914.00	-0.0071228	undefined	undefined	liquid
22.170	26.870	167.05	0.0059864	-0.036282	-0.031815	-1.4887	16.929	27.700	914.00	-0.0071228	undefined	undefined	liquid
22.170	26.874	167.05	0.0059864	-0.036282	-0.031814	-1.4887	16.929	27.700	914.00	-0.0071228	undefined	undefined	liquid
22.170	26.878	167.05	0.0059864	-0.036283	-0.031814	-1.4887	16.929	27.700	914.00	-0.0071229	undefined	undefined	liquid
22.170	26.882	167.05	0.0059864	-0.036283	-0.031813	-1.4887	16.929	27.699	914.00	-0.0071229	undefined	undefined	liquid
22.170	26.886	167.05	0.0059864	-0.036283	-0.031813	-1.4887	16.929	27.699	914.00	-0.0071229	undefined	undefined	liquid
22.170	26.891	167.05	0.0059864	-0.036283	-0.031812	-1.4887	16.929	27.699	914.00	-0.0071229	undefined	undefined	liquid
22.170	26.895	167.05	0.0059864	-0.036283	-0.031812	-1.4887	16.929	27.699	914.00	-0.0071229	undefined	undefined	liquid
22.170	26.899	167.05	0.0059864	-0.036284	-0.031811	-1.4888	16.929	27.699	914.00	-0.0071229	undefined	undefined	liquid
22.170	26.903	167.05	0.0059864	-0.036284	-0.031811	-1.4888	16.929	27.699	914.00	-0.0071229	undefined	undefined	liquid
22.170	26.907	167.05	0.0059864	-0.036284	-0.031810	-1.4888	16.929	27.699	914.00	-0.0071230	undefined	undefined	liquid
22.170	26.912	167.05	0.0059864	-0.036284	-0.031810	-1.4888	16.929	27.699	914.00	-0.0071230	undefined	undefined	liquid
22.170	26.916	167.05	0.0059864	-0.036285	-0.031810	-1.4888	16.929	27.699	914.00	-0.0071230	undefined	undefined	liquid
22.170	26.920	167.05	0.0059864	-0.036285	-0.031809	-1.4888	16.929	27.699	914.00	-0.0071230	undefined	undefined	liquid
