Temperature (K)	Pressure (psia)	Density (kg/m3)	Volume (m3/kg)	Internal Energy (kJ/mol)	Enthalpy (kJ/mol)	Entropy (J/mol*K)	Cv (J/mol*K)	Cp (J/mol*K)	Sound Spd. (m/s)	Joule-Thomson (F/psia)	Viscosity (uPa*s)	Therm. Cond. (W/m*K)	Phase
22.300	24.400	166.68	0.0059996	-0.032528	-0.028462	-1.3194	17.088	28.028	908.40	-0.0069885	undefined	undefined	liquid
22.300	24.404	166.68	0.0059996	-0.032528	-0.028462	-1.3194	17.088	28.028	908.40	-0.0069885	undefined	undefined	liquid
22.300	24.408	166.68	0.0059996	-0.032528	-0.028461	-1.3194	17.088	28.028	908.40	-0.0069885	undefined	undefined	liquid
22.300	24.413	166.68	0.0059996	-0.032529	-0.028461	-1.3194	17.088	28.028	908.40	-0.0069885	undefined	undefined	liquid
22.300	24.417	166.68	0.0059996	-0.032529	-0.028460	-1.3195	17.088	28.028	908.40	-0.0069885	undefined	undefined	liquid
22.300	24.421	166.68	0.0059996	-0.032529	-0.028460	-1.3195	17.088	28.028	908.40	-0.0069885	undefined	undefined	liquid
22.300	24.425	166.68	0.0059996	-0.032529	-0.028459	-1.3195	17.088	28.028	908.40	-0.0069885	undefined	undefined	liquid
22.300	24.429	166.68	0.0059996	-0.032530	-0.028459	-1.3195	17.088	28.028	908.40	-0.0069886	undefined	undefined	liquid
22.300	24.434	166.68	0.0059996	-0.032530	-0.028458	-1.3195	17.088	28.028	908.40	-0.0069886	undefined	undefined	liquid
22.300	24.438	166.68	0.0059996	-0.032530	-0.028458	-1.3195	17.088	28.028	908.40	-0.0069886	undefined	undefined	liquid
22.300	24.442	166.68	0.0059996	-0.032530	-0.028457	-1.3195	17.088	28.028	908.40	-0.0069886	undefined	undefined	liquid
22.300	24.446	166.68	0.0059996	-0.032530	-0.028457	-1.3195	17.088	28.027	908.40	-0.0069886	undefined	undefined	liquid
22.300	24.450	166.68	0.0059996	-0.032531	-0.028457	-1.3195	17.088	28.027	908.40	-0.0069886	undefined	undefined	liquid
22.300	24.455	166.68	0.0059996	-0.032531	-0.028456	-1.3196	17.088	28.027	908.41	-0.0069886	undefined	undefined	liquid
22.300	24.459	166.68	0.0059996	-0.032531	-0.028456	-1.3196	17.088	28.027	908.41	-0.0069886	undefined	undefined	liquid
22.300	24.463	166.68	0.0059996	-0.032531	-0.028455	-1.3196	17.088	28.027	908.41	-0.0069887	undefined	undefined	liquid
22.300	24.467	166.68	0.0059996	-0.032532	-0.028455	-1.3196	17.088	28.027	908.41	-0.0069887	undefined	undefined	liquid
22.300	24.471	166.68	0.0059996	-0.032532	-0.028454	-1.3196	17.088	28.027	908.41	-0.0069887	undefined	undefined	liquid
22.300	24.476	166.68	0.0059996	-0.032532	-0.028454	-1.3196	17.088	28.027	908.41	-0.0069887	undefined	undefined	liquid
22.300	24.480	166.68	0.0059996	-0.032532	-0.028453	-1.3196	17.088	28.027	908.41	-0.0069887	undefined	undefined	liquid
22.300	24.484	166.68	0.0059996	-0.032533	-0.028453	-1.3196	17.088	28.027	908.41	-0.0069887	undefined	undefined	liquid
22.300	24.488	166.68	0.0059996	-0.032533	-0.028452	-1.3196	17.088	28.027	908.41	-0.0069887	undefined	undefined	liquid
22.300	24.492	166.68	0.0059996	-0.032533	-0.028452	-1.3197	17.088	28.027	908.41	-0.0069887	undefined	undefined	liquid
22.300	24.497	166.68	0.0059996	-0.032533	-0.028452	-1.3197	17.088	28.027	908.41	-0.0069888	undefined	undefined	liquid
22.300	24.501	166.68	0.0059996	-0.032534	-0.028451	-1.3197	17.088	28.027	908.41	-0.0069888	undefined	undefined	liquid
22.300	24.505	166.68	0.0059996	-0.032534	-0.028451	-1.3197	17.088	28.027	908.41	-0.0069888	undefined	undefined	liquid
22.300	24.509	166.68	0.0059996	-0.032534	-0.028450	-1.3197	17.088	28.027	908.41	-0.0069888	undefined	undefined	liquid
22.300	24.513	166.68	0.0059996	-0.032534	-0.028450	-1.3197	17.088	28.027	908.41	-0.0069888	undefined	undefined	liquid
22.300	24.518	166.68	0.0059996	-0.032535	-0.028449	-1.3197	17.088	28.027	908.41	-0.0069888	undefined	undefined	liquid
22.300	24.522	166.68	0.0059996	-0.032535	-0.028449	-1.3197	17.088	28.027	908.41	-0.0069888	undefined	undefined	liquid
22.300	24.526	166.68	0.0059996	-0.032535	-0.028448	-1.3197	17.088	28.027	908.41	-0.0069889	undefined	undefined	liquid
22.300	24.530	166.68	0.0059996	-0.032535	-0.028448	-1.3197	17.088	28.027	908.41	-0.0069889	undefined	undefined	liquid
22.300	24.534	166.68	0.0059996	-0.032536	-0.028447	-1.3198	17.088	28.027	908.41	-0.0069889	undefined	undefined	liquid
22.300	24.539	166.68	0.0059996	-0.032536	-0.028447	-1.3198	17.088	28.027	908.42	-0.0069889	undefined	undefined	liquid
22.300	24.543	166.68	0.0059996	-0.032536	-0.028446	-1.3198	17.088	28.027	908.42	-0.0069889	undefined	undefined	liquid
22.300	24.547	166.68	0.0059996	-0.032536	-0.028446	-1.3198	17.088	28.027	908.42	-0.0069889	undefined	undefined	liquid
22.300	24.551	166.68	0.0059996	-0.032537	-0.028446	-1.3198	17.088	28.027	908.42	-0.0069889	undefined	undefined	liquid
22.300	24.555	166.68	0.0059996	-0.032537	-0.028445	-1.3198	17.088	28.027	908.42	-0.0069889	undefined	undefined	liquid
22.300	24.560	166.68	0.0059996	-0.032537	-0.028445	-1.3198	17.088	28.027	908.42	-0.0069890	undefined	undefined	liquid
22.300	24.564	166.68	0.0059996	-0.032537	-0.028444	-1.3198	17.088	28.027	908.42	-0.0069890	undefined	undefined	liquid
22.300	24.568	166.68	0.0059996	-0.032537	-0.028444	-1.3198	17.088	28.027	908.42	-0.0069890	undefined	undefined	liquid
22.300	24.572	166.68	0.0059996	-0.032538	-0.028443	-1.3199	17.088	28.027	908.42	-0.0069890	undefined	undefined	liquid
22.300	24.576	166.68	0.0059996	-0.032538	-0.028443	-1.3199	17.088	28.027	908.42	-0.0069890	undefined	undefined	liquid
22.300	24.581	166.68	0.0059996	-0.032538	-0.028442	-1.3199	17.088	28.027	908.42	-0.0069890	undefined	undefined	liquid
22.300	24.585	166.68	0.0059996	-0.032538	-0.028442	-1.3199	17.088	28.027	908.42	-0.0069890	undefined	undefined	liquid
22.300	24.589	166.68	0.0059996	-0.032539	-0.028441	-1.3199	17.088	28.027	908.42	-0.0069890	undefined	undefined	liquid
22.300	24.593	166.68	0.0059996	-0.032539	-0.028441	-1.3199	17.088	28.027	908.42	-0.0069891	undefined	undefined	liquid
22.300	24.597	166.68	0.0059996	-0.032539	-0.028441	-1.3199	17.088	28.027	908.42	-0.0069891	undefined	undefined	liquid
22.300	24.602	166.68	0.0059995	-0.032539	-0.028440	-1.3199	17.088	28.027	908.42	-0.0069891	undefined	undefined	liquid
22.300	24.606	166.68	0.0059995	-0.032540	-0.028440	-1.3199	17.088	28.027	908.42	-0.0069891	undefined	undefined	liquid
22.300	24.610	166.68	0.0059995	-0.032540	-0.028439	-1.3200	17.088	28.027	908.42	-0.0069891	undefined	undefined	liquid
22.300	24.614	166.68	0.0059995	-0.032540	-0.028439	-1.3200	17.088	28.027	908.42	-0.0069891	undefined	undefined	liquid
22.300	24.618	166.68	0.0059995	-0.032540	-0.028438	-1.3200	17.088	28.027	908.43	-0.0069891	undefined	undefined	liquid
22.300	24.623	166.68	0.0059995	-0.032541	-0.028438	-1.3200	17.088	28.027	908.43	-0.0069892	undefined	undefined	liquid
22.300	24.627	166.68	0.0059995	-0.032541	-0.028437	-1.3200	17.088	28.026	908.43	-0.0069892	undefined	undefined	liquid
22.300	24.631	166.68	0.0059995	-0.032541	-0.028437	-1.3200	17.088	28.026	908.43	-0.0069892	undefined	undefined	liquid
22.300	24.635	166.68	0.0059995	-0.032541	-0.028436	-1.3200	17.088	28.026	908.43	-0.0069892	undefined	undefined	liquid
22.300	24.639	166.68	0.0059995	-0.032542	-0.028436	-1.3200	17.088	28.026	908.43	-0.0069892	undefined	undefined	liquid
22.300	24.644	166.68	0.0059995	-0.032542	-0.028436	-1.3200	17.088	28.026	908.43	-0.0069892	undefined	undefined	liquid
22.300	24.648	166.68	0.0059995	-0.032542	-0.028435	-1.3201	17.088	28.026	908.43	-0.0069892	undefined	undefined	liquid
22.300	24.652	166.68	0.0059995	-0.032542	-0.028435	-1.3201	17.088	28.026	908.43	-0.0069892	undefined	undefined	liquid
22.300	24.656	166.68	0.0059995	-0.032543	-0.028434	-1.3201	17.088	28.026	908.43	-0.0069893	undefined	undefined	liquid
22.300	24.660	166.68	0.0059995	-0.032543	-0.028434	-1.3201	17.088	28.026	908.43	-0.0069893	undefined	undefined	liquid
22.300	24.665	166.68	0.0059995	-0.032543	-0.028433	-1.3201	17.088	28.026	908.43	-0.0069893	undefined	undefined	liquid
22.300	24.669	166.68	0.0059995	-0.032543	-0.028433	-1.3201	17.088	28.026	908.43	-0.0069893	undefined	undefined	liquid
22.300	24.673	166.68	0.0059995	-0.032544	-0.028432	-1.3201	17.088	28.026	908.43	-0.0069893	undefined	undefined	liquid
22.300	24.677	166.68	0.0059995	-0.032544	-0.028432	-1.3201	17.088	28.026	908.43	-0.0069893	undefined	undefined	liquid
22.300	24.681	166.68	0.0059995	-0.032544	-0.028431	-1.3201	17.088	28.026	908.43	-0.0069893	undefined	undefined	liquid
22.300	24.686	166.68	0.0059995	-0.032544	-0.028431	-1.3202	17.088	28.026	908.43	-0.0069893	undefined	undefined	liquid
22.300	24.690	166.68	0.0059995	-0.032544	-0.028430	-1.3202	17.088	28.026	908.43	-0.0069894	undefined	undefined	liquid
22.300	24.694	166.68	0.0059995	-0.032545	-0.028430	-1.3202	17.088	28.026	908.43	-0.0069894	undefined	undefined	liquid
22.300	24.698	166.68	0.0059995	-0.032545	-0.028430	-1.3202	17.088	28.026	908.43	-0.0069894	undefined	undefined	liquid
22.300	24.702	166.68	0.0059995	-0.032545	-0.028429	-1.3202	17.088	28.026	908.44	-0.0069894	undefined	undefined	liquid
22.300	24.707	166.68	0.0059995	-0.032545	-0.028429	-1.3202	17.088	28.026	908.44	-0.0069894	undefined	undefined	liquid
22.300	24.711	166.68	0.0059995	-0.032546	-0.028428	-1.3202	17.088	28.026	908.44	-0.0069894	undefined	undefined	liquid
22.300	24.715	166.68	0.0059995	-0.032546	-0.028428	-1.3202	17.088	28.026	908.44	-0.0069894	undefined	undefined	liquid
22.300	24.719	166.68	0.0059995	-0.032546	-0.028427	-1.3202	17.088	28.026	908.44	-0.0069895	undefined	undefined	liquid
22.300	24.723	166.68	0.0059995	-0.032546	-0.028427	-1.3202	17.088	28.026	908.44	-0.0069895	undefined	undefined	liquid
22.300	24.728	166.68	0.0059995	-0.032547	-0.028426	-1.3203	17.088	28.026	908.44	-0.0069895	undefined	undefined	liquid
22.300	24.732	166.68	0.0059995	-0.032547	-0.028426	-1.3203	17.088	28.026	908.44	-0.0069895	undefined	undefined	liquid
22.300	24.736	166.68	0.0059995	-0.032547	-0.028425	-1.3203	17.088	28.026	908.44	-0.0069895	undefined	undefined	liquid
22.300	24.740	166.68	0.0059995	-0.032547	-0.028425	-1.3203	17.088	28.026	908.44	-0.0069895	undefined	undefined	liquid
22.300	24.744	166.68	0.0059995	-0.032548	-0.028425	-1.3203	17.088	28.026	908.44	-0.0069895	undefined	undefined	liquid
22.300	24.749	166.68	0.0059995	-0.032548	-0.028424	-1.3203	17.088	28.026	908.44	-0.0069895	undefined	undefined	liquid
22.300	24.753	166.68	0.0059995	-0.032548	-0.028424	-1.3203	17.089	28.026	908.44	-0.0069896	undefined	undefined	liquid
22.300	24.757	166.68	0.0059995	-0.032548	-0.028423	-1.3203	17.089	28.026	908.44	-0.0069896	undefined	undefined	liquid
22.300	24.761	166.68	0.0059995	-0.032549	-0.028423	-1.3203	17.089	28.026	908.44	-0.0069896	undefined	undefined	liquid
22.300	24.765	166.68	0.0059995	-0.032549	-0.028422	-1.3204	17.089	28.026	908.44	-0.0069896	undefined	undefined	liquid
22.300	24.770	166.68	0.0059995	-0.032549	-0.028422	-1.3204	17.089	28.026	908.44	-0.0069896	undefined	undefined	liquid
22.300	24.774	166.68	0.0059995	-0.032549	-0.028421	-1.3204	17.089	28.026	908.44	-0.0069896	undefined	undefined	liquid
22.300	24.778	166.68	0.0059995	-0.032550	-0.028421	-1.3204	17.089	28.026	908.44	-0.0069896	undefined	undefined	liquid
22.300	24.782	166.68	0.0059995	-0.032550	-0.028420	-1.3204	17.089	28.026	908.45	-0.0069896	undefined	undefined	liquid
22.300	24.786	166.68	0.0059995	-0.032550	-0.028420	-1.3204	17.089	28.026	908.45	-0.0069897	undefined	undefined	liquid
22.300	24.791	166.68	0.0059995	-0.032550	-0.028420	-1.3204	17.089	28.026	908.45	-0.0069897	undefined	undefined	liquid
22.300	24.795	166.68	0.0059995	-0.032551	-0.028419	-1.3204	17.089	28.026	908.45	-0.0069897	undefined	undefined	liquid
22.300	24.799	166.68	0.0059995	-0.032551	-0.028419	-1.3204	17.089	28.026	908.45	-0.0069897	undefined	undefined	liquid
22.300	24.803	166.68	0.0059994	-0.032551	-0.028418	-1.3205	17.089	28.026	908.45	-0.0069897	undefined	undefined	liquid
22.300	24.807	166.68	0.0059994	-0.032551	-0.028418	-1.3205	17.089	28.025	908.45	-0.0069897	undefined	undefined	liquid
22.300	24.812	166.68	0.0059994	-0.032551	-0.028417	-1.3205	17.089	28.025	908.45	-0.0069897	undefined	undefined	liquid
22.300	24.816	166.68	0.0059994	-0.032552	-0.028417	-1.3205	17.089	28.025	908.45	-0.0069898	undefined	undefined	liquid
22.300	24.820	166.68	0.0059994	-0.032552	-0.028416	-1.3205	17.089	28.025	908.45	-0.0069898	undefined	undefined	liquid
22.300	24.824	166.68	0.0059994	-0.032552	-0.028416	-1.3205	17.089	28.025	908.45	-0.0069898	undefined	undefined	liquid
22.300	24.828	166.68	0.0059994	-0.032552	-0.028415	-1.3205	17.089	28.025	908.45	-0.0069898	undefined	undefined	liquid
22.300	24.833	166.68	0.0059994	-0.032553	-0.028415	-1.3205	17.089	28.025	908.45	-0.0069898	undefined	undefined	liquid
22.300	24.837	166.68	0.0059994	-0.032553	-0.028414	-1.3205	17.089	28.025	908.45	-0.0069898	undefined	undefined	liquid
22.300	24.841	166.68	0.0059994	-0.032553	-0.028414	-1.3206	17.089	28.025	908.45	-0.0069898	undefined	undefined	liquid
22.300	24.845	166.68	0.0059994	-0.032553	-0.028414	-1.3206	17.089	28.025	908.45	-0.0069898	undefined	undefined	liquid
22.300	24.849	166.68	0.0059994	-0.032554	-0.028413	-1.3206	17.089	28.025	908.45	-0.0069899	undefined	undefined	liquid
22.300	24.854	166.68	0.0059994	-0.032554	-0.028413	-1.3206	17.089	28.025	908.45	-0.0069899	undefined	undefined	liquid
22.300	24.858	166.68	0.0059994	-0.032554	-0.028412	-1.3206	17.089	28.025	908.45	-0.0069899	undefined	undefined	liquid
22.300	24.862	166.68	0.0059994	-0.032554	-0.028412	-1.3206	17.089	28.025	908.45	-0.0069899	undefined	undefined	liquid
22.300	24.866	166.68	0.0059994	-0.032555	-0.028411	-1.3206	17.089	28.025	908.46	-0.0069899	undefined	undefined	liquid
22.300	24.870	166.68	0.0059994	-0.032555	-0.028411	-1.3206	17.089	28.025	908.46	-0.0069899	undefined	undefined	liquid
22.300	24.875	166.68	0.0059994	-0.032555	-0.028410	-1.3206	17.089	28.025	908.46	-0.0069899	undefined	undefined	liquid
22.300	24.879	166.68	0.0059994	-0.032555	-0.028410	-1.3207	17.089	28.025	908.46	-0.0069899	undefined	undefined	liquid
22.300	24.883	166.68	0.0059994	-0.032556	-0.028409	-1.3207	17.089	28.025	908.46	-0.0069900	undefined	undefined	liquid
22.300	24.887	166.68	0.0059994	-0.032556	-0.028409	-1.3207	17.089	28.025	908.46	-0.0069900	undefined	undefined	liquid
22.300	24.891	166.68	0.0059994	-0.032556	-0.028409	-1.3207	17.089	28.025	908.46	-0.0069900	undefined	undefined	liquid
22.300	24.896	166.68	0.0059994	-0.032556	-0.028408	-1.3207	17.089	28.025	908.46	-0.0069900	undefined	undefined	liquid
22.300	24.900	166.68	0.0059994	-0.032557	-0.028408	-1.3207	17.089	28.025	908.46	-0.0069900	undefined	undefined	liquid
22.300	24.904	166.68	0.0059994	-0.032557	-0.028407	-1.3207	17.089	28.025	908.46	-0.0069900	undefined	undefined	liquid
22.300	24.908	166.68	0.0059994	-0.032557	-0.028407	-1.3207	17.089	28.025	908.46	-0.0069900	undefined	undefined	liquid
22.300	24.912	166.68	0.0059994	-0.032557	-0.028406	-1.3207	17.089	28.025	908.46	-0.0069901	undefined	undefined	liquid
22.300	24.917	166.68	0.0059994	-0.032558	-0.028406	-1.3208	17.089	28.025	908.46	-0.0069901	undefined	undefined	liquid
22.300	24.921	166.68	0.0059994	-0.032558	-0.028405	-1.3208	17.089	28.025	908.46	-0.0069901	undefined	undefined	liquid
22.300	24.925	166.68	0.0059994	-0.032558	-0.028405	-1.3208	17.089	28.025	908.46	-0.0069901	undefined	undefined	liquid
22.300	24.929	166.68	0.0059994	-0.032558	-0.028404	-1.3208	17.089	28.025	908.46	-0.0069901	undefined	undefined	liquid
22.300	24.933	166.68	0.0059994	-0.032558	-0.028404	-1.3208	17.089	28.025	908.46	-0.0069901	undefined	undefined	liquid
22.300	24.938	166.68	0.0059994	-0.032559	-0.028404	-1.3208	17.089	28.025	908.46	-0.0069901	undefined	undefined	liquid
22.300	24.942	166.68	0.0059994	-0.032559	-0.028403	-1.3208	17.089	28.025	908.46	-0.0069901	undefined	undefined	liquid
22.300	24.946	166.68	0.0059994	-0.032559	-0.028403	-1.3208	17.089	28.025	908.47	-0.0069902	undefined	undefined	liquid
22.300	24.950	166.68	0.0059994	-0.032559	-0.028402	-1.3208	17.089	28.025	908.47	-0.0069902	undefined	undefined	liquid
22.300	24.954	166.68	0.0059994	-0.032560	-0.028402	-1.3208	17.089	28.025	908.47	-0.0069902	undefined	undefined	liquid
22.300	24.959	166.68	0.0059994	-0.032560	-0.028401	-1.3209	17.089	28.025	908.47	-0.0069902	undefined	undefined	liquid
22.300	24.963	166.68	0.0059994	-0.032560	-0.028401	-1.3209	17.089	28.025	908.47	-0.0069902	undefined	undefined	liquid
22.300	24.967	166.68	0.0059994	-0.032560	-0.028400	-1.3209	17.089	28.025	908.47	-0.0069902	undefined	undefined	liquid
22.300	24.971	166.68	0.0059994	-0.032561	-0.028400	-1.3209	17.089	28.025	908.47	-0.0069902	undefined	undefined	liquid
22.300	24.975	166.68	0.0059994	-0.032561	-0.028399	-1.3209	17.089	28.025	908.47	-0.0069902	undefined	undefined	liquid
22.300	24.980	166.68	0.0059994	-0.032561	-0.028399	-1.3209	17.089	28.025	908.47	-0.0069903	undefined	undefined	liquid
22.300	24.984	166.68	0.0059994	-0.032561	-0.028398	-1.3209	17.089	28.024	908.47	-0.0069903	undefined	undefined	liquid
22.300	24.988	166.68	0.0059994	-0.032562	-0.028398	-1.3209	17.089	28.024	908.47	-0.0069903	undefined	undefined	liquid
22.300	24.992	166.68	0.0059994	-0.032562	-0.028398	-1.3209	17.089	28.024	908.47	-0.0069903	undefined	undefined	liquid
22.300	24.996	166.68	0.0059994	-0.032562	-0.028397	-1.3210	17.089	28.024	908.47	-0.0069903	undefined	undefined	liquid
22.300	25.001	166.68	0.0059994	-0.032562	-0.028397	-1.3210	17.089	28.024	908.47	-0.0069903	undefined	undefined	liquid
22.300	25.005	166.68	0.0059993	-0.032563	-0.028396	-1.3210	17.089	28.024	908.47	-0.0069903	undefined	undefined	liquid
22.300	25.009	166.68	0.0059993	-0.032563	-0.028396	-1.3210	17.089	28.024	908.47	-0.0069903	undefined	undefined	liquid
22.300	25.013	166.68	0.0059993	-0.032563	-0.028395	-1.3210	17.089	28.024	908.47	-0.0069904	undefined	undefined	liquid
22.300	25.017	166.68	0.0059993	-0.032563	-0.028395	-1.3210	17.089	28.024	908.47	-0.0069904	undefined	undefined	liquid
22.300	25.022	166.68	0.0059993	-0.032564	-0.028394	-1.3210	17.089	28.024	908.47	-0.0069904	undefined	undefined	liquid
22.300	25.026	166.69	0.0059993	-0.032564	-0.028394	-1.3210	17.089	28.024	908.47	-0.0069904	undefined	undefined	liquid
22.300	25.030	166.69	0.0059993	-0.032564	-0.028393	-1.3210	17.089	28.024	908.48	-0.0069904	undefined	undefined	liquid
22.300	25.034	166.69	0.0059993	-0.032564	-0.028393	-1.3211	17.089	28.024	908.48	-0.0069904	undefined	undefined	liquid
22.300	25.038	166.69	0.0059993	-0.032565	-0.028393	-1.3211	17.089	28.024	908.48	-0.0069904	undefined	undefined	liquid
22.300	25.043	166.69	0.0059993	-0.032565	-0.028392	-1.3211	17.089	28.024	908.48	-0.0069905	undefined	undefined	liquid
22.300	25.047	166.69	0.0059993	-0.032565	-0.028392	-1.3211	17.089	28.024	908.48	-0.0069905	undefined	undefined	liquid
22.300	25.051	166.69	0.0059993	-0.032565	-0.028391	-1.3211	17.089	28.024	908.48	-0.0069905	undefined	undefined	liquid
22.300	25.055	166.69	0.0059993	-0.032565	-0.028391	-1.3211	17.089	28.024	908.48	-0.0069905	undefined	undefined	liquid
22.300	25.059	166.69	0.0059993	-0.032566	-0.028390	-1.3211	17.089	28.024	908.48	-0.0069905	undefined	undefined	liquid
22.300	25.064	166.69	0.0059993	-0.032566	-0.028390	-1.3211	17.089	28.024	908.48	-0.0069905	undefined	undefined	liquid
22.300	25.068	166.69	0.0059993	-0.032566	-0.028389	-1.3211	17.089	28.024	908.48	-0.0069905	undefined	undefined	liquid
22.300	25.072	166.69	0.0059993	-0.032566	-0.028389	-1.3212	17.089	28.024	908.48	-0.0069905	undefined	undefined	liquid
22.300	25.076	166.69	0.0059993	-0.032567	-0.028388	-1.3212	17.089	28.024	908.48	-0.0069906	undefined	undefined	liquid
22.300	25.080	166.69	0.0059993	-0.032567	-0.028388	-1.3212	17.089	28.024	908.48	-0.0069906	undefined	undefined	liquid
22.300	25.085	166.69	0.0059993	-0.032567	-0.028388	-1.3212	17.089	28.024	908.48	-0.0069906	undefined	undefined	liquid
22.300	25.089	166.69	0.0059993	-0.032567	-0.028387	-1.3212	17.089	28.024	908.48	-0.0069906	undefined	undefined	liquid
22.300	25.093	166.69	0.0059993	-0.032568	-0.028387	-1.3212	17.089	28.024	908.48	-0.0069906	undefined	undefined	liquid
22.300	25.097	166.69	0.0059993	-0.032568	-0.028386	-1.3212	17.089	28.024	908.48	-0.0069906	undefined	undefined	liquid
22.300	25.101	166.69	0.0059993	-0.032568	-0.028386	-1.3212	17.089	28.024	908.48	-0.0069906	undefined	undefined	liquid
22.300	25.106	166.69	0.0059993	-0.032568	-0.028385	-1.3212	17.089	28.024	908.48	-0.0069906	undefined	undefined	liquid
22.300	25.110	166.69	0.0059993	-0.032569	-0.028385	-1.3213	17.089	28.024	908.49	-0.0069907	undefined	undefined	liquid
22.300	25.114	166.69	0.0059993	-0.032569	-0.028384	-1.3213	17.089	28.024	908.49	-0.0069907	undefined	undefined	liquid
22.300	25.118	166.69	0.0059993	-0.032569	-0.028384	-1.3213	17.089	28.024	908.49	-0.0069907	undefined	undefined	liquid
22.300	25.122	166.69	0.0059993	-0.032569	-0.028383	-1.3213	17.089	28.024	908.49	-0.0069907	undefined	undefined	liquid
22.300	25.127	166.69	0.0059993	-0.032570	-0.028383	-1.3213	17.089	28.024	908.49	-0.0069907	undefined	undefined	liquid
22.300	25.131	166.69	0.0059993	-0.032570	-0.028382	-1.3213	17.089	28.024	908.49	-0.0069907	undefined	undefined	liquid
22.300	25.135	166.69	0.0059993	-0.032570	-0.028382	-1.3213	17.089	28.024	908.49	-0.0069907	undefined	undefined	liquid
22.300	25.139	166.69	0.0059993	-0.032570	-0.028382	-1.3213	17.089	28.024	908.49	-0.0069908	undefined	undefined	liquid
22.300	25.143	166.69	0.0059993	-0.032571	-0.028381	-1.3213	17.089	28.024	908.49	-0.0069908	undefined	undefined	liquid
22.300	25.148	166.69	0.0059993	-0.032571	-0.028381	-1.3213	17.089	28.024	908.49	-0.0069908	undefined	undefined	liquid
22.300	25.152	166.69	0.0059993	-0.032571	-0.028380	-1.3214	17.089	28.024	908.49	-0.0069908	undefined	undefined	liquid
22.300	25.156	166.69	0.0059993	-0.032571	-0.028380	-1.3214	17.089	28.024	908.49	-0.0069908	undefined	undefined	liquid
22.300	25.160	166.69	0.0059993	-0.032571	-0.028379	-1.3214	17.089	28.024	908.49	-0.0069908	undefined	undefined	liquid
22.300	25.164	166.69	0.0059993	-0.032572	-0.028379	-1.3214	17.089	28.023	908.49	-0.0069908	undefined	undefined	liquid
22.300	25.169	166.69	0.0059993	-0.032572	-0.028378	-1.3214	17.089	28.023	908.49	-0.0069908	undefined	undefined	liquid
22.300	25.173	166.69	0.0059993	-0.032572	-0.028378	-1.3214	17.089	28.023	908.49	-0.0069909	undefined	undefined	liquid
22.300	25.177	166.69	0.0059993	-0.032572	-0.028377	-1.3214	17.089	28.023	908.49	-0.0069909	undefined	undefined	liquid
22.300	25.181	166.69	0.0059993	-0.032573	-0.028377	-1.3214	17.089	28.023	908.49	-0.0069909	undefined	undefined	liquid
22.300	25.185	166.69	0.0059993	-0.032573	-0.028377	-1.3214	17.089	28.023	908.49	-0.0069909	undefined	undefined	liquid
22.300	25.190	166.69	0.0059993	-0.032573	-0.028376	-1.3215	17.089	28.023	908.49	-0.0069909	undefined	undefined	liquid
22.300	25.194	166.69	0.0059993	-0.032573	-0.028376	-1.3215	17.089	28.023	908.50	-0.0069909	undefined	undefined	liquid
22.300	25.198	166.69	0.0059993	-0.032574	-0.028375	-1.3215	17.089	28.023	908.50	-0.0069909	undefined	undefined	liquid
22.300	25.202	166.69	0.0059993	-0.032574	-0.028375	-1.3215	17.089	28.023	908.50	-0.0069909	undefined	undefined	liquid
22.300	25.206	166.69	0.0059992	-0.032574	-0.028374	-1.3215	17.089	28.023	908.50	-0.0069910	undefined	undefined	liquid
22.300	25.211	166.69	0.0059992	-0.032574	-0.028374	-1.3215	17.089	28.023	908.50	-0.0069910	undefined	undefined	liquid
22.300	25.215	166.69	0.0059992	-0.032575	-0.028373	-1.3215	17.089	28.023	908.50	-0.0069910	undefined	undefined	liquid
22.300	25.219	166.69	0.0059992	-0.032575	-0.028373	-1.3215	17.089	28.023	908.50	-0.0069910	undefined	undefined	liquid
22.300	25.223	166.69	0.0059992	-0.032575	-0.028372	-1.3215	17.089	28.023	908.50	-0.0069910	undefined	undefined	liquid
22.300	25.227	166.69	0.0059992	-0.032575	-0.028372	-1.3216	17.089	28.023	908.50	-0.0069910	undefined	undefined	liquid
22.300	25.232	166.69	0.0059992	-0.032576	-0.028372	-1.3216	17.089	28.023	908.50	-0.0069910	undefined	undefined	liquid
22.300	25.236	166.69	0.0059992	-0.032576	-0.028371	-1.3216	17.089	28.023	908.50	-0.0069911	undefined	undefined	liquid
22.300	25.240	166.69	0.0059992	-0.032576	-0.028371	-1.3216	17.089	28.023	908.50	-0.0069911	undefined	undefined	liquid
22.300	25.244	166.69	0.0059992	-0.032576	-0.028370	-1.3216	17.089	28.023	908.50	-0.0069911	undefined	undefined	liquid
22.300	25.248	166.69	0.0059992	-0.032577	-0.028370	-1.3216	17.089	28.023	908.50	-0.0069911	undefined	undefined	liquid
22.300	25.253	166.69	0.0059992	-0.032577	-0.028369	-1.3216	17.089	28.023	908.50	-0.0069911	undefined	undefined	liquid
22.300	25.257	166.69	0.0059992	-0.032577	-0.028369	-1.3216	17.089	28.023	908.50	-0.0069911	undefined	undefined	liquid
22.300	25.261	166.69	0.0059992	-0.032577	-0.028368	-1.3216	17.089	28.023	908.50	-0.0069911	undefined	undefined	liquid
22.300	25.265	166.69	0.0059992	-0.032578	-0.028368	-1.3217	17.089	28.023	908.50	-0.0069911	undefined	undefined	liquid
22.300	25.269	166.69	0.0059992	-0.032578	-0.028367	-1.3217	17.089	28.023	908.50	-0.0069912	undefined	undefined	liquid
22.300	25.274	166.69	0.0059992	-0.032578	-0.028367	-1.3217	17.089	28.023	908.51	-0.0069912	undefined	undefined	liquid
22.300	25.278	166.69	0.0059992	-0.032578	-0.028366	-1.3217	17.089	28.023	908.51	-0.0069912	undefined	undefined	liquid
22.300	25.282	166.69	0.0059992	-0.032578	-0.028366	-1.3217	17.089	28.023	908.51	-0.0069912	undefined	undefined	liquid
22.300	25.286	166.69	0.0059992	-0.032579	-0.028366	-1.3217	17.089	28.023	908.51	-0.0069912	undefined	undefined	liquid
22.300	25.290	166.69	0.0059992	-0.032579	-0.028365	-1.3217	17.089	28.023	908.51	-0.0069912	undefined	undefined	liquid
22.300	25.295	166.69	0.0059992	-0.032579	-0.028365	-1.3217	17.089	28.023	908.51	-0.0069912	undefined	undefined	liquid
22.300	25.299	166.69	0.0059992	-0.032579	-0.028364	-1.3217	17.089	28.023	908.51	-0.0069912	undefined	undefined	liquid
22.300	25.303	166.69	0.0059992	-0.032580	-0.028364	-1.3218	17.089	28.023	908.51	-0.0069913	undefined	undefined	liquid
22.300	25.307	166.69	0.0059992	-0.032580	-0.028363	-1.3218	17.089	28.023	908.51	-0.0069913	undefined	undefined	liquid
22.300	25.311	166.69	0.0059992	-0.032580	-0.028363	-1.3218	17.089	28.023	908.51	-0.0069913	undefined	undefined	liquid
22.300	25.316	166.69	0.0059992	-0.032580	-0.028362	-1.3218	17.089	28.023	908.51	-0.0069913	undefined	undefined	liquid
22.300	25.320	166.69	0.0059992	-0.032581	-0.028362	-1.3218	17.089	28.023	908.51	-0.0069913	undefined	undefined	liquid
22.300	25.324	166.69	0.0059992	-0.032581	-0.028361	-1.3218	17.089	28.023	908.51	-0.0069913	undefined	undefined	liquid
22.300	25.328	166.69	0.0059992	-0.032581	-0.028361	-1.3218	17.089	28.023	908.51	-0.0069913	undefined	undefined	liquid
22.300	25.332	166.69	0.0059992	-0.032581	-0.028361	-1.3218	17.089	28.023	908.51	-0.0069914	undefined	undefined	liquid
22.300	25.337	166.69	0.0059992	-0.032582	-0.028360	-1.3218	17.089	28.023	908.51	-0.0069914	undefined	undefined	liquid
22.300	25.341	166.69	0.0059992	-0.032582	-0.028360	-1.3218	17.089	28.023	908.51	-0.0069914	undefined	undefined	liquid
22.300	25.345	166.69	0.0059992	-0.032582	-0.028359	-1.3219	17.089	28.022	908.51	-0.0069914	undefined	undefined	liquid
22.300	25.349	166.69	0.0059992	-0.032582	-0.028359	-1.3219	17.089	28.022	908.51	-0.0069914	undefined	undefined	liquid
22.300	25.353	166.69	0.0059992	-0.032583	-0.028358	-1.3219	17.090	28.022	908.51	-0.0069914	undefined	undefined	liquid
22.300	25.358	166.69	0.0059992	-0.032583	-0.028358	-1.3219	17.090	28.022	908.52	-0.0069914	undefined	undefined	liquid
22.300	25.362	166.69	0.0059992	-0.032583	-0.028357	-1.3219	17.090	28.022	908.52	-0.0069914	undefined	undefined	liquid
22.300	25.366	166.69	0.0059992	-0.032583	-0.028357	-1.3219	17.090	28.022	908.52	-0.0069915	undefined	undefined	liquid
22.300	25.370	166.69	0.0059992	-0.032584	-0.028356	-1.3219	17.090	28.022	908.52	-0.0069915	undefined	undefined	liquid
22.300	25.374	166.69	0.0059992	-0.032584	-0.028356	-1.3219	17.090	28.022	908.52	-0.0069915	undefined	undefined	liquid
22.300	25.379	166.69	0.0059992	-0.032584	-0.028356	-1.3219	17.090	28.022	908.52	-0.0069915	undefined	undefined	liquid
22.300	25.383	166.69	0.0059992	-0.032584	-0.028355	-1.3220	17.090	28.022	908.52	-0.0069915	undefined	undefined	liquid
22.300	25.387	166.69	0.0059992	-0.032585	-0.028355	-1.3220	17.090	28.022	908.52	-0.0069915	undefined	undefined	liquid
22.300	25.391	166.69	0.0059992	-0.032585	-0.028354	-1.3220	17.090	28.022	908.52	-0.0069915	undefined	undefined	liquid
22.300	25.395	166.69	0.0059992	-0.032585	-0.028354	-1.3220	17.090	28.022	908.52	-0.0069915	undefined	undefined	liquid
22.300	25.400	166.69	0.0059992	-0.032585	-0.028353	-1.3220	17.090	28.022	908.52	-0.0069916	undefined	undefined	liquid
22.300	25.404	166.69	0.0059992	-0.032585	-0.028353	-1.3220	17.090	28.022	908.52	-0.0069916	undefined	undefined	liquid
22.300	25.408	166.69	0.0059992	-0.032586	-0.028352	-1.3220	17.090	28.022	908.52	-0.0069916	undefined	undefined	liquid
22.300	25.412	166.69	0.0059991	-0.032586	-0.028352	-1.3220	17.090	28.022	908.52	-0.0069916	undefined	undefined	liquid
22.300	25.416	166.69	0.0059991	-0.032586	-0.028351	-1.3220	17.090	28.022	908.52	-0.0069916	undefined	undefined	liquid
22.300	25.421	166.69	0.0059991	-0.032586	-0.028351	-1.3221	17.090	28.022	908.52	-0.0069916	undefined	undefined	liquid
22.300	25.425	166.69	0.0059991	-0.032587	-0.028350	-1.3221	17.090	28.022	908.52	-0.0069916	undefined	undefined	liquid
22.300	25.429	166.69	0.0059991	-0.032587	-0.028350	-1.3221	17.090	28.022	908.52	-0.0069917	undefined	undefined	liquid
22.300	25.433	166.69	0.0059991	-0.032587	-0.028350	-1.3221	17.090	28.022	908.52	-0.0069917	undefined	undefined	liquid
22.300	25.437	166.69	0.0059991	-0.032587	-0.028349	-1.3221	17.090	28.022	908.53	-0.0069917	undefined	undefined	liquid
22.300	25.442	166.69	0.0059991	-0.032588	-0.028349	-1.3221	17.090	28.022	908.53	-0.0069917	undefined	undefined	liquid
22.300	25.446	166.69	0.0059991	-0.032588	-0.028348	-1.3221	17.090	28.022	908.53	-0.0069917	undefined	undefined	liquid
22.300	25.450	166.69	0.0059991	-0.032588	-0.028348	-1.3221	17.090	28.022	908.53	-0.0069917	undefined	undefined	liquid
22.300	25.454	166.69	0.0059991	-0.032588	-0.028347	-1.3221	17.090	28.022	908.53	-0.0069917	undefined	undefined	liquid
22.300	25.458	166.69	0.0059991	-0.032589	-0.028347	-1.3222	17.090	28.022	908.53	-0.0069917	undefined	undefined	liquid
22.300	25.463	166.69	0.0059991	-0.032589	-0.028346	-1.3222	17.090	28.022	908.53	-0.0069918	undefined	undefined	liquid
22.300	25.467	166.69	0.0059991	-0.032589	-0.028346	-1.3222	17.090	28.022	908.53	-0.0069918	undefined	undefined	liquid
22.300	25.471	166.69	0.0059991	-0.032589	-0.028345	-1.3222	17.090	28.022	908.53	-0.0069918	undefined	undefined	liquid
22.300	25.475	166.69	0.0059991	-0.032590	-0.028345	-1.3222	17.090	28.022	908.53	-0.0069918	undefined	undefined	liquid
22.300	25.479	166.69	0.0059991	-0.032590	-0.028345	-1.3222	17.090	28.022	908.53	-0.0069918	undefined	undefined	liquid
22.300	25.484	166.69	0.0059991	-0.032590	-0.028344	-1.3222	17.090	28.022	908.53	-0.0069918	undefined	undefined	liquid
22.300	25.488	166.69	0.0059991	-0.032590	-0.028344	-1.3222	17.090	28.022	908.53	-0.0069918	undefined	undefined	liquid
22.300	25.492	166.69	0.0059991	-0.032591	-0.028343	-1.3222	17.090	28.022	908.53	-0.0069918	undefined	undefined	liquid
22.300	25.496	166.69	0.0059991	-0.032591	-0.028343	-1.3223	17.090	28.022	908.53	-0.0069919	undefined	undefined	liquid
22.300	25.500	166.69	0.0059991	-0.032591	-0.028342	-1.3223	17.090	28.022	908.53	-0.0069919	undefined	undefined	liquid
22.300	25.505	166.69	0.0059991	-0.032591	-0.028342	-1.3223	17.090	28.022	908.53	-0.0069919	undefined	undefined	liquid
22.300	25.509	166.69	0.0059991	-0.032592	-0.028341	-1.3223	17.090	28.022	908.53	-0.0069919	undefined	undefined	liquid
22.300	25.513	166.69	0.0059991	-0.032592	-0.028341	-1.3223	17.090	28.022	908.53	-0.0069919	undefined	undefined	liquid
22.300	25.517	166.69	0.0059991	-0.032592	-0.028340	-1.3223	17.090	28.022	908.54	-0.0069919	undefined	undefined	liquid
22.300	25.521	166.69	0.0059991	-0.032592	-0.028340	-1.3223	17.090	28.021	908.54	-0.0069919	undefined	undefined	liquid
22.300	25.526	166.69	0.0059991	-0.032592	-0.028340	-1.3223	17.090	28.021	908.54	-0.0069920	undefined	undefined	liquid
22.300	25.530	166.69	0.0059991	-0.032593	-0.028339	-1.3223	17.090	28.021	908.54	-0.0069920	undefined	undefined	liquid
22.300	25.534	166.69	0.0059991	-0.032593	-0.028339	-1.3223	17.090	28.021	908.54	-0.0069920	undefined	undefined	liquid
22.300	25.538	166.69	0.0059991	-0.032593	-0.028338	-1.3224	17.090	28.021	908.54	-0.0069920	undefined	undefined	liquid
22.300	25.542	166.69	0.0059991	-0.032593	-0.028338	-1.3224	17.090	28.021	908.54	-0.0069920	undefined	undefined	liquid
22.300	25.547	166.69	0.0059991	-0.032594	-0.028337	-1.3224	17.090	28.021	908.54	-0.0069920	undefined	undefined	liquid
22.300	25.551	166.69	0.0059991	-0.032594	-0.028337	-1.3224	17.090	28.021	908.54	-0.0069920	undefined	undefined	liquid
22.300	25.555	166.69	0.0059991	-0.032594	-0.028336	-1.3224	17.090	28.021	908.54	-0.0069920	undefined	undefined	liquid
22.300	25.559	166.69	0.0059991	-0.032594	-0.028336	-1.3224	17.090	28.021	908.54	-0.0069921	undefined	undefined	liquid
22.300	25.563	166.69	0.0059991	-0.032595	-0.028335	-1.3224	17.090	28.021	908.54	-0.0069921	undefined	undefined	liquid
22.300	25.568	166.69	0.0059991	-0.032595	-0.028335	-1.3224	17.090	28.021	908.54	-0.0069921	undefined	undefined	liquid
22.300	25.572	166.69	0.0059991	-0.032595	-0.028334	-1.3224	17.090	28.021	908.54	-0.0069921	undefined	undefined	liquid
22.300	25.576	166.69	0.0059991	-0.032595	-0.028334	-1.3225	17.090	28.021	908.54	-0.0069921	undefined	undefined	liquid
22.300	25.580	166.69	0.0059991	-0.032596	-0.028334	-1.3225	17.090	28.021	908.54	-0.0069921	undefined	undefined	liquid
22.300	25.584	166.69	0.0059991	-0.032596	-0.028333	-1.3225	17.090	28.021	908.54	-0.0069921	undefined	undefined	liquid
22.300	25.589	166.69	0.0059991	-0.032596	-0.028333	-1.3225	17.090	28.021	908.54	-0.0069921	undefined	undefined	liquid
22.300	25.593	166.69	0.0059991	-0.032596	-0.028332	-1.3225	17.090	28.021	908.54	-0.0069922	undefined	undefined	liquid
22.300	25.597	166.69	0.0059991	-0.032597	-0.028332	-1.3225	17.090	28.021	908.54	-0.0069922	undefined	undefined	liquid
22.300	25.601	166.69	0.0059991	-0.032597	-0.028331	-1.3225	17.090	28.021	908.55	-0.0069922	undefined	undefined	liquid
22.300	25.605	166.69	0.0059991	-0.032597	-0.028331	-1.3225	17.090	28.021	908.55	-0.0069922	undefined	undefined	liquid
22.300	25.610	166.69	0.0059991	-0.032597	-0.028330	-1.3225	17.090	28.021	908.55	-0.0069922	undefined	undefined	liquid
22.300	25.614	166.69	0.0059990	-0.032598	-0.028330	-1.3226	17.090	28.021	908.55	-0.0069922	undefined	undefined	liquid
22.300	25.618	166.69	0.0059990	-0.032598	-0.028329	-1.3226	17.090	28.021	908.55	-0.0069922	undefined	undefined	liquid
22.300	25.622	166.69	0.0059990	-0.032598	-0.028329	-1.3226	17.090	28.021	908.55	-0.0069923	undefined	undefined	liquid
22.300	25.626	166.69	0.0059990	-0.032598	-0.028329	-1.3226	17.090	28.021	908.55	-0.0069923	undefined	undefined	liquid
22.300	25.631	166.69	0.0059990	-0.032599	-0.028328	-1.3226	17.090	28.021	908.55	-0.0069923	undefined	undefined	liquid
22.300	25.635	166.69	0.0059990	-0.032599	-0.028328	-1.3226	17.090	28.021	908.55	-0.0069923	undefined	undefined	liquid
22.300	25.639	166.69	0.0059990	-0.032599	-0.028327	-1.3226	17.090	28.021	908.55	-0.0069923	undefined	undefined	liquid
22.300	25.643	166.69	0.0059990	-0.032599	-0.028327	-1.3226	17.090	28.021	908.55	-0.0069923	undefined	undefined	liquid
22.300	25.647	166.69	0.0059990	-0.032599	-0.028326	-1.3226	17.090	28.021	908.55	-0.0069923	undefined	undefined	liquid
22.300	25.652	166.69	0.0059990	-0.032600	-0.028326	-1.3227	17.090	28.021	908.55	-0.0069923	undefined	undefined	liquid
22.300	25.656	166.69	0.0059990	-0.032600	-0.028325	-1.3227	17.090	28.021	908.55	-0.0069924	undefined	undefined	liquid
22.300	25.660	166.69	0.0059990	-0.032600	-0.028325	-1.3227	17.090	28.021	908.55	-0.0069924	undefined	undefined	liquid
22.300	25.664	166.69	0.0059990	-0.032600	-0.028324	-1.3227	17.090	28.021	908.55	-0.0069924	undefined	undefined	liquid
22.300	25.668	166.69	0.0059990	-0.032601	-0.028324	-1.3227	17.090	28.021	908.55	-0.0069924	undefined	undefined	liquid
22.300	25.673	166.69	0.0059990	-0.032601	-0.028324	-1.3227	17.090	28.021	908.55	-0.0069924	undefined	undefined	liquid
22.300	25.677	166.69	0.0059990	-0.032601	-0.028323	-1.3227	17.090	28.021	908.55	-0.0069924	undefined	undefined	liquid
22.300	25.681	166.69	0.0059990	-0.032601	-0.028323	-1.3227	17.090	28.021	908.56	-0.0069924	undefined	undefined	liquid
22.300	25.685	166.69	0.0059990	-0.032602	-0.028322	-1.3227	17.090	28.021	908.56	-0.0069924	undefined	undefined	liquid
22.300	25.689	166.69	0.0059990	-0.032602	-0.028322	-1.3228	17.090	28.021	908.56	-0.0069925	undefined	undefined	liquid
22.300	25.694	166.69	0.0059990	-0.032602	-0.028321	-1.3228	17.090	28.021	908.56	-0.0069925	undefined	undefined	liquid
22.300	25.698	166.69	0.0059990	-0.032602	-0.028321	-1.3228	17.090	28.021	908.56	-0.0069925	undefined	undefined	liquid
22.300	25.702	166.69	0.0059990	-0.032603	-0.028320	-1.3228	17.090	28.020	908.56	-0.0069925	undefined	undefined	liquid
22.300	25.706	166.69	0.0059990	-0.032603	-0.028320	-1.3228	17.090	28.020	908.56	-0.0069925	undefined	undefined	liquid
22.300	25.710	166.69	0.0059990	-0.032603	-0.028319	-1.3228	17.090	28.020	908.56	-0.0069925	undefined	undefined	liquid
22.300	25.715	166.69	0.0059990	-0.032603	-0.028319	-1.3228	17.090	28.020	908.56	-0.0069925	undefined	undefined	liquid
22.300	25.719	166.69	0.0059990	-0.032604	-0.028318	-1.3228	17.090	28.020	908.56	-0.0069926	undefined	undefined	liquid
22.300	25.723	166.69	0.0059990	-0.032604	-0.028318	-1.3228	17.090	28.020	908.56	-0.0069926	undefined	undefined	liquid
22.300	25.727	166.69	0.0059990	-0.032604	-0.028318	-1.3229	17.090	28.020	908.56	-0.0069926	undefined	undefined	liquid
22.300	25.731	166.69	0.0059990	-0.032604	-0.028317	-1.3229	17.090	28.020	908.56	-0.0069926	undefined	undefined	liquid
22.300	25.736	166.69	0.0059990	-0.032605	-0.028317	-1.3229	17.090	28.020	908.56	-0.0069926	undefined	undefined	liquid
22.300	25.740	166.69	0.0059990	-0.032605	-0.028316	-1.3229	17.090	28.020	908.56	-0.0069926	undefined	undefined	liquid
22.300	25.744	166.69	0.0059990	-0.032605	-0.028316	-1.3229	17.090	28.020	908.56	-0.0069926	undefined	undefined	liquid
22.300	25.748	166.69	0.0059990	-0.032605	-0.028315	-1.3229	17.090	28.020	908.56	-0.0069926	undefined	undefined	liquid
22.300	25.752	166.69	0.0059990	-0.032606	-0.028315	-1.3229	17.090	28.020	908.56	-0.0069927	undefined	undefined	liquid
22.300	25.757	166.70	0.0059990	-0.032606	-0.028314	-1.3229	17.090	28.020	908.56	-0.0069927	undefined	undefined	liquid
22.300	25.761	166.70	0.0059990	-0.032606	-0.028314	-1.3229	17.090	28.020	908.57	-0.0069927	undefined	undefined	liquid
22.300	25.765	166.70	0.0059990	-0.032606	-0.028313	-1.3229	17.090	28.020	908.57	-0.0069927	undefined	undefined	liquid
22.300	25.769	166.70	0.0059990	-0.032606	-0.028313	-1.3230	17.090	28.020	908.57	-0.0069927	undefined	undefined	liquid
22.300	25.773	166.70	0.0059990	-0.032607	-0.028313	-1.3230	17.090	28.020	908.57	-0.0069927	undefined	undefined	liquid
22.300	25.778	166.70	0.0059990	-0.032607	-0.028312	-1.3230	17.090	28.020	908.57	-0.0069927	undefined	undefined	liquid
22.300	25.782	166.70	0.0059990	-0.032607	-0.028312	-1.3230	17.090	28.020	908.57	-0.0069927	undefined	undefined	liquid
22.300	25.786	166.70	0.0059990	-0.032607	-0.028311	-1.3230	17.090	28.020	908.57	-0.0069928	undefined	undefined	liquid
22.300	25.790	166.70	0.0059990	-0.032608	-0.028311	-1.3230	17.090	28.020	908.57	-0.0069928	undefined	undefined	liquid
22.300	25.794	166.70	0.0059990	-0.032608	-0.028310	-1.3230	17.090	28.020	908.57	-0.0069928	undefined	undefined	liquid
22.300	25.799	166.70	0.0059990	-0.032608	-0.028310	-1.3230	17.090	28.020	908.57	-0.0069928	undefined	undefined	liquid
22.300	25.803	166.70	0.0059990	-0.032608	-0.028309	-1.3230	17.090	28.020	908.57	-0.0069928	undefined	undefined	liquid
22.300	25.807	166.70	0.0059990	-0.032609	-0.028309	-1.3231	17.090	28.020	908.57	-0.0069928	undefined	undefined	liquid
22.300	25.811	166.70	0.0059990	-0.032609	-0.028308	-1.3231	17.090	28.020	908.57	-0.0069928	undefined	undefined	liquid
22.300	25.815	166.70	0.0059989	-0.032609	-0.028308	-1.3231	17.090	28.020	908.57	-0.0069929	undefined	undefined	liquid
22.300	25.820	166.70	0.0059989	-0.032609	-0.028308	-1.3231	17.090	28.020	908.57	-0.0069929	undefined	undefined	liquid
22.300	25.824	166.70	0.0059989	-0.032610	-0.028307	-1.3231	17.090	28.020	908.57	-0.0069929	undefined	undefined	liquid
22.300	25.828	166.70	0.0059989	-0.032610	-0.028307	-1.3231	17.090	28.020	908.57	-0.0069929	undefined	undefined	liquid
22.300	25.832	166.70	0.0059989	-0.032610	-0.028306	-1.3231	17.090	28.020	908.57	-0.0069929	undefined	undefined	liquid
22.300	25.836	166.70	0.0059989	-0.032610	-0.028306	-1.3231	17.090	28.020	908.57	-0.0069929	undefined	undefined	liquid
22.300	25.841	166.70	0.0059989	-0.032611	-0.028305	-1.3231	17.090	28.020	908.57	-0.0069929	undefined	undefined	liquid
22.300	25.845	166.70	0.0059989	-0.032611	-0.028305	-1.3232	17.090	28.020	908.58	-0.0069929	undefined	undefined	liquid
22.300	25.849	166.70	0.0059989	-0.032611	-0.028304	-1.3232	17.090	28.020	908.58	-0.0069930	undefined	undefined	liquid
22.300	25.853	166.70	0.0059989	-0.032611	-0.028304	-1.3232	17.090	28.020	908.58	-0.0069930	undefined	undefined	liquid
22.300	25.857	166.70	0.0059989	-0.032612	-0.028303	-1.3232	17.090	28.020	908.58	-0.0069930	undefined	undefined	liquid
22.300	25.862	166.70	0.0059989	-0.032612	-0.028303	-1.3232	17.090	28.020	908.58	-0.0069930	undefined	undefined	liquid
22.300	25.866	166.70	0.0059989	-0.032612	-0.028302	-1.3232	17.090	28.020	908.58	-0.0069930	undefined	undefined	liquid
22.300	25.870	166.70	0.0059989	-0.032612	-0.028302	-1.3232	17.090	28.020	908.58	-0.0069930	undefined	undefined	liquid
22.300	25.874	166.70	0.0059989	-0.032612	-0.028302	-1.3232	17.090	28.020	908.58	-0.0069930	undefined	undefined	liquid
22.300	25.878	166.70	0.0059989	-0.032613	-0.028301	-1.3232	17.090	28.019	908.58	-0.0069930	undefined	undefined	liquid
22.300	25.883	166.70	0.0059989	-0.032613	-0.028301	-1.3233	17.090	28.019	908.58	-0.0069931	undefined	undefined	liquid
22.300	25.887	166.70	0.0059989	-0.032613	-0.028300	-1.3233	17.090	28.019	908.58	-0.0069931	undefined	undefined	liquid
22.300	25.891	166.70	0.0059989	-0.032613	-0.028300	-1.3233	17.090	28.019	908.58	-0.0069931	undefined	undefined	liquid
22.300	25.895	166.70	0.0059989	-0.032614	-0.028299	-1.3233	17.090	28.019	908.58	-0.0069931	undefined	undefined	liquid
22.300	25.899	166.70	0.0059989	-0.032614	-0.028299	-1.3233	17.090	28.019	908.58	-0.0069931	undefined	undefined	liquid
22.300	25.904	166.70	0.0059989	-0.032614	-0.028298	-1.3233	17.090	28.019	908.58	-0.0069931	undefined	undefined	liquid
22.300	25.908	166.70	0.0059989	-0.032614	-0.028298	-1.3233	17.090	28.019	908.58	-0.0069931	undefined	undefined	liquid
22.300	25.912	166.70	0.0059989	-0.032615	-0.028297	-1.3233	17.090	28.019	908.58	-0.0069931	undefined	undefined	liquid
22.300	25.916	166.70	0.0059989	-0.032615	-0.028297	-1.3233	17.090	28.019	908.58	-0.0069932	undefined	undefined	liquid
22.300	25.920	166.70	0.0059989	-0.032615	-0.028297	-1.3234	17.090	28.019	908.58	-0.0069932	undefined	undefined	liquid
22.300	25.925	166.70	0.0059989	-0.032615	-0.028296	-1.3234	17.090	28.019	908.59	-0.0069932	undefined	undefined	liquid
22.300	25.929	166.70	0.0059989	-0.032616	-0.028296	-1.3234	17.090	28.019	908.59	-0.0069932	undefined	undefined	liquid
22.300	25.933	166.70	0.0059989	-0.032616	-0.028295	-1.3234	17.090	28.019	908.59	-0.0069932	undefined	undefined	liquid
22.300	25.937	166.70	0.0059989	-0.032616	-0.028295	-1.3234	17.090	28.019	908.59	-0.0069932	undefined	undefined	liquid
22.300	25.941	166.70	0.0059989	-0.032616	-0.028294	-1.3234	17.090	28.019	908.59	-0.0069932	undefined	undefined	liquid
22.300	25.946	166.70	0.0059989	-0.032617	-0.028294	-1.3234	17.090	28.019	908.59	-0.0069933	undefined	undefined	liquid
22.300	25.950	166.70	0.0059989	-0.032617	-0.028293	-1.3234	17.090	28.019	908.59	-0.0069933	undefined	undefined	liquid
22.300	25.954	166.70	0.0059989	-0.032617	-0.028293	-1.3234	17.091	28.019	908.59	-0.0069933	undefined	undefined	liquid
22.300	25.958	166.70	0.0059989	-0.032617	-0.028292	-1.3234	17.091	28.019	908.59	-0.0069933	undefined	undefined	liquid
22.300	25.962	166.70	0.0059989	-0.032618	-0.028292	-1.3235	17.091	28.019	908.59	-0.0069933	undefined	undefined	liquid
22.300	25.967	166.70	0.0059989	-0.032618	-0.028292	-1.3235	17.091	28.019	908.59	-0.0069933	undefined	undefined	liquid
22.300	25.971	166.70	0.0059989	-0.032618	-0.028291	-1.3235	17.091	28.019	908.59	-0.0069933	undefined	undefined	liquid
22.300	25.975	166.70	0.0059989	-0.032618	-0.028291	-1.3235	17.091	28.019	908.59	-0.0069933	undefined	undefined	liquid
22.300	25.979	166.70	0.0059989	-0.032619	-0.028290	-1.3235	17.091	28.019	908.59	-0.0069934	undefined	undefined	liquid
22.300	25.983	166.70	0.0059989	-0.032619	-0.028290	-1.3235	17.091	28.019	908.59	-0.0069934	undefined	undefined	liquid
22.300	25.988	166.70	0.0059989	-0.032619	-0.028289	-1.3235	17.091	28.019	908.59	-0.0069934	undefined	undefined	liquid
22.300	25.992	166.70	0.0059989	-0.032619	-0.028289	-1.3235	17.091	28.019	908.59	-0.0069934	undefined	undefined	liquid
22.300	25.996	166.70	0.0059989	-0.032619	-0.028288	-1.3235	17.091	28.019	908.59	-0.0069934	undefined	undefined	liquid
22.300	26.000	166.70	0.0059989	-0.032620	-0.028288	-1.3236	17.091	28.019	908.59	-0.0069934	undefined	undefined	liquid
22.300	26.004	166.70	0.0059989	-0.032620	-0.028287	-1.3236	17.091	28.019	908.60	-0.0069934	undefined	undefined	liquid
22.300	26.009	166.70	0.0059989	-0.032620	-0.028287	-1.3236	17.091	28.019	908.60	-0.0069934	undefined	undefined	liquid
22.300	26.013	166.70	0.0059989	-0.032620	-0.028286	-1.3236	17.091	28.019	908.60	-0.0069935	undefined	undefined	liquid
22.300	26.017	166.70	0.0059989	-0.032621	-0.028286	-1.3236	17.091	28.019	908.60	-0.0069935	undefined	undefined	liquid
22.300	26.021	166.70	0.0059988	-0.032621	-0.028286	-1.3236	17.091	28.019	908.60	-0.0069935	undefined	undefined	liquid
22.300	26.025	166.70	0.0059988	-0.032621	-0.028285	-1.3236	17.091	28.019	908.60	-0.0069935	undefined	undefined	liquid
22.300	26.030	166.70	0.0059988	-0.032621	-0.028285	-1.3236	17.091	28.019	908.60	-0.0069935	undefined	undefined	liquid
22.300	26.034	166.70	0.0059988	-0.032622	-0.028284	-1.3236	17.091	28.019	908.60	-0.0069935	undefined	undefined	liquid
22.300	26.038	166.70	0.0059988	-0.032622	-0.028284	-1.3237	17.091	28.019	908.60	-0.0069935	undefined	undefined	liquid
22.300	26.042	166.70	0.0059988	-0.032622	-0.028283	-1.3237	17.091	28.019	908.60	-0.0069936	undefined	undefined	liquid
22.300	26.046	166.70	0.0059988	-0.032622	-0.028283	-1.3237	17.091	28.019	908.60	-0.0069936	undefined	undefined	liquid
22.300	26.051	166.70	0.0059988	-0.032623	-0.028282	-1.3237	17.091	28.019	908.60	-0.0069936	undefined	undefined	liquid
22.300	26.055	166.70	0.0059988	-0.032623	-0.028282	-1.3237	17.091	28.019	908.60	-0.0069936	undefined	undefined	liquid
22.300	26.059	166.70	0.0059988	-0.032623	-0.028281	-1.3237	17.091	28.018	908.60	-0.0069936	undefined	undefined	liquid
22.300	26.063	166.70	0.0059988	-0.032623	-0.028281	-1.3237	17.091	28.018	908.60	-0.0069936	undefined	undefined	liquid
22.300	26.067	166.70	0.0059988	-0.032624	-0.028281	-1.3237	17.091	28.018	908.60	-0.0069936	undefined	undefined	liquid
22.300	26.072	166.70	0.0059988	-0.032624	-0.028280	-1.3237	17.091	28.018	908.60	-0.0069936	undefined	undefined	liquid
22.300	26.076	166.70	0.0059988	-0.032624	-0.028280	-1.3238	17.091	28.018	908.60	-0.0069937	undefined	undefined	liquid
22.300	26.080	166.70	0.0059988	-0.032624	-0.028279	-1.3238	17.091	28.018	908.60	-0.0069937	undefined	undefined	liquid
22.300	26.084	166.70	0.0059988	-0.032625	-0.028279	-1.3238	17.091	28.018	908.61	-0.0069937	undefined	undefined	liquid
22.300	26.088	166.70	0.0059988	-0.032625	-0.028278	-1.3238	17.091	28.018	908.61	-0.0069937	undefined	undefined	liquid
22.300	26.093	166.70	0.0059988	-0.032625	-0.028278	-1.3238	17.091	28.018	908.61	-0.0069937	undefined	undefined	liquid
22.300	26.097	166.70	0.0059988	-0.032625	-0.028277	-1.3238	17.091	28.018	908.61	-0.0069937	undefined	undefined	liquid
22.300	26.101	166.70	0.0059988	-0.032626	-0.028277	-1.3238	17.091	28.018	908.61	-0.0069937	undefined	undefined	liquid
22.300	26.105	166.70	0.0059988	-0.032626	-0.028276	-1.3238	17.091	28.018	908.61	-0.0069937	undefined	undefined	liquid
22.300	26.109	166.70	0.0059988	-0.032626	-0.028276	-1.3238	17.091	28.018	908.61	-0.0069938	undefined	undefined	liquid
22.300	26.114	166.70	0.0059988	-0.032626	-0.028276	-1.3239	17.091	28.018	908.61	-0.0069938	undefined	undefined	liquid
22.300	26.118	166.70	0.0059988	-0.032626	-0.028275	-1.3239	17.091	28.018	908.61	-0.0069938	undefined	undefined	liquid
22.300	26.122	166.70	0.0059988	-0.032627	-0.028275	-1.3239	17.091	28.018	908.61	-0.0069938	undefined	undefined	liquid
22.300	26.126	166.70	0.0059988	-0.032627	-0.028274	-1.3239	17.091	28.018	908.61	-0.0069938	undefined	undefined	liquid
22.300	26.130	166.70	0.0059988	-0.032627	-0.028274	-1.3239	17.091	28.018	908.61	-0.0069938	undefined	undefined	liquid
22.300	26.135	166.70	0.0059988	-0.032627	-0.028273	-1.3239	17.091	28.018	908.61	-0.0069938	undefined	undefined	liquid
22.300	26.139	166.70	0.0059988	-0.032628	-0.028273	-1.3239	17.091	28.018	908.61	-0.0069939	undefined	undefined	liquid
22.300	26.143	166.70	0.0059988	-0.032628	-0.028272	-1.3239	17.091	28.018	908.61	-0.0069939	undefined	undefined	liquid
22.300	26.147	166.70	0.0059988	-0.032628	-0.028272	-1.3239	17.091	28.018	908.61	-0.0069939	undefined	undefined	liquid
22.300	26.151	166.70	0.0059988	-0.032628	-0.028271	-1.3239	17.091	28.018	908.61	-0.0069939	undefined	undefined	liquid
22.300	26.156	166.70	0.0059988	-0.032629	-0.028271	-1.3240	17.091	28.018	908.61	-0.0069939	undefined	undefined	liquid
22.300	26.160	166.70	0.0059988	-0.032629	-0.028270	-1.3240	17.091	28.018	908.61	-0.0069939	undefined	undefined	liquid
22.300	26.164	166.70	0.0059988	-0.032629	-0.028270	-1.3240	17.091	28.018	908.61	-0.0069939	undefined	undefined	liquid
22.300	26.168	166.70	0.0059988	-0.032629	-0.028270	-1.3240	17.091	28.018	908.62	-0.0069939	undefined	undefined	liquid
22.300	26.172	166.70	0.0059988	-0.032630	-0.028269	-1.3240	17.091	28.018	908.62	-0.0069940	undefined	undefined	liquid
22.300	26.177	166.70	0.0059988	-0.032630	-0.028269	-1.3240	17.091	28.018	908.62	-0.0069940	undefined	undefined	liquid
22.300	26.181	166.70	0.0059988	-0.032630	-0.028268	-1.3240	17.091	28.018	908.62	-0.0069940	undefined	undefined	liquid
22.300	26.185	166.70	0.0059988	-0.032630	-0.028268	-1.3240	17.091	28.018	908.62	-0.0069940	undefined	undefined	liquid
22.300	26.189	166.70	0.0059988	-0.032631	-0.028267	-1.3240	17.091	28.018	908.62	-0.0069940	undefined	undefined	liquid
22.300	26.193	166.70	0.0059988	-0.032631	-0.028267	-1.3241	17.091	28.018	908.62	-0.0069940	undefined	undefined	liquid
22.300	26.198	166.70	0.0059988	-0.032631	-0.028266	-1.3241	17.091	28.018	908.62	-0.0069940	undefined	undefined	liquid
22.300	26.202	166.70	0.0059988	-0.032631	-0.028266	-1.3241	17.091	28.018	908.62	-0.0069940	undefined	undefined	liquid
22.300	26.206	166.70	0.0059988	-0.032632	-0.028265	-1.3241	17.091	28.018	908.62	-0.0069941	undefined	undefined	liquid
22.300	26.210	166.70	0.0059988	-0.032632	-0.028265	-1.3241	17.091	28.018	908.62	-0.0069941	undefined	undefined	liquid
22.300	26.214	166.70	0.0059988	-0.032632	-0.028265	-1.3241	17.091	28.018	908.62	-0.0069941	undefined	undefined	liquid
22.300	26.219	166.70	0.0059988	-0.032632	-0.028264	-1.3241	17.091	28.018	908.62	-0.0069941	undefined	undefined	liquid
22.300	26.223	166.70	0.0059987	-0.032633	-0.028264	-1.3241	17.091	28.018	908.62	-0.0069941	undefined	undefined	liquid
22.300	26.227	166.70	0.0059987	-0.032633	-0.028263	-1.3241	17.091	28.018	908.62	-0.0069941	undefined	undefined	liquid
22.300	26.231	166.70	0.0059987	-0.032633	-0.028263	-1.3242	17.091	28.018	908.62	-0.0069941	undefined	undefined	liquid
22.300	26.235	166.70	0.0059987	-0.032633	-0.028262	-1.3242	17.091	28.018	908.62	-0.0069942	undefined	undefined	liquid
22.300	26.240	166.70	0.0059987	-0.032633	-0.028262	-1.3242	17.091	28.017	908.62	-0.0069942	undefined	undefined	liquid
22.300	26.244	166.70	0.0059987	-0.032634	-0.028261	-1.3242	17.091	28.017	908.62	-0.0069942	undefined	undefined	liquid
22.300	26.248	166.70	0.0059987	-0.032634	-0.028261	-1.3242	17.091	28.017	908.63	-0.0069942	undefined	undefined	liquid
22.300	26.252	166.70	0.0059987	-0.032634	-0.028260	-1.3242	17.091	28.017	908.63	-0.0069942	undefined	undefined	liquid
22.300	26.256	166.70	0.0059987	-0.032634	-0.028260	-1.3242	17.091	28.017	908.63	-0.0069942	undefined	undefined	liquid
22.300	26.261	166.70	0.0059987	-0.032635	-0.028260	-1.3242	17.091	28.017	908.63	-0.0069942	undefined	undefined	liquid
22.300	26.265	166.70	0.0059987	-0.032635	-0.028259	-1.3242	17.091	28.017	908.63	-0.0069942	undefined	undefined	liquid
22.300	26.269	166.70	0.0059987	-0.032635	-0.028259	-1.3243	17.091	28.017	908.63	-0.0069943	undefined	undefined	liquid
22.300	26.273	166.70	0.0059987	-0.032635	-0.028258	-1.3243	17.091	28.017	908.63	-0.0069943	undefined	undefined	liquid
22.300	26.277	166.70	0.0059987	-0.032636	-0.028258	-1.3243	17.091	28.017	908.63	-0.0069943	undefined	undefined	liquid
22.300	26.282	166.70	0.0059987	-0.032636	-0.028257	-1.3243	17.091	28.017	908.63	-0.0069943	undefined	undefined	liquid
22.300	26.286	166.70	0.0059987	-0.032636	-0.028257	-1.3243	17.091	28.017	908.63	-0.0069943	undefined	undefined	liquid
22.300	26.290	166.70	0.0059987	-0.032636	-0.028256	-1.3243	17.091	28.017	908.63	-0.0069943	undefined	undefined	liquid
22.300	26.294	166.70	0.0059987	-0.032637	-0.028256	-1.3243	17.091	28.017	908.63	-0.0069943	undefined	undefined	liquid
22.300	26.298	166.70	0.0059987	-0.032637	-0.028255	-1.3243	17.091	28.017	908.63	-0.0069943	undefined	undefined	liquid
22.300	26.303	166.70	0.0059987	-0.032637	-0.028255	-1.3243	17.091	28.017	908.63	-0.0069944	undefined	undefined	liquid
22.300	26.307	166.70	0.0059987	-0.032637	-0.028254	-1.3244	17.091	28.017	908.63	-0.0069944	undefined	undefined	liquid
22.300	26.311	166.70	0.0059987	-0.032638	-0.028254	-1.3244	17.091	28.017	908.63	-0.0069944	undefined	undefined	liquid
22.300	26.315	166.70	0.0059987	-0.032638	-0.028254	-1.3244	17.091	28.017	908.63	-0.0069944	undefined	undefined	liquid
22.300	26.319	166.70	0.0059987	-0.032638	-0.028253	-1.3244	17.091	28.017	908.63	-0.0069944	undefined	undefined	liquid
22.300	26.324	166.70	0.0059987	-0.032638	-0.028253	-1.3244	17.091	28.017	908.63	-0.0069944	undefined	undefined	liquid
22.300	26.328	166.70	0.0059987	-0.032639	-0.028252	-1.3244	17.091	28.017	908.64	-0.0069944	undefined	undefined	liquid
22.300	26.332	166.70	0.0059987	-0.032639	-0.028252	-1.3244	17.091	28.017	908.64	-0.0069945	undefined	undefined	liquid
22.300	26.336	166.70	0.0059987	-0.032639	-0.028251	-1.3244	17.091	28.017	908.64	-0.0069945	undefined	undefined	liquid
22.300	26.340	166.70	0.0059987	-0.032639	-0.028251	-1.3244	17.091	28.017	908.64	-0.0069945	undefined	undefined	liquid
22.300	26.345	166.70	0.0059987	-0.032639	-0.028250	-1.3244	17.091	28.017	908.64	-0.0069945	undefined	undefined	liquid
22.300	26.349	166.70	0.0059987	-0.032640	-0.028250	-1.3245	17.091	28.017	908.64	-0.0069945	undefined	undefined	liquid
22.300	26.353	166.70	0.0059987	-0.032640	-0.028249	-1.3245	17.091	28.017	908.64	-0.0069945	undefined	undefined	liquid
22.300	26.357	166.70	0.0059987	-0.032640	-0.028249	-1.3245	17.091	28.017	908.64	-0.0069945	undefined	undefined	liquid
22.300	26.361	166.70	0.0059987	-0.032640	-0.028249	-1.3245	17.091	28.017	908.64	-0.0069945	undefined	undefined	liquid
22.300	26.366	166.70	0.0059987	-0.032641	-0.028248	-1.3245	17.091	28.017	908.64	-0.0069946	undefined	undefined	liquid
22.300	26.370	166.70	0.0059987	-0.032641	-0.028248	-1.3245	17.091	28.017	908.64	-0.0069946	undefined	undefined	liquid
22.300	26.374	166.70	0.0059987	-0.032641	-0.028247	-1.3245	17.091	28.017	908.64	-0.0069946	undefined	undefined	liquid
22.300	26.378	166.70	0.0059987	-0.032641	-0.028247	-1.3245	17.091	28.017	908.64	-0.0069946	undefined	undefined	liquid
22.300	26.382	166.70	0.0059987	-0.032642	-0.028246	-1.3245	17.091	28.017	908.64	-0.0069946	undefined	undefined	liquid
22.300	26.387	166.70	0.0059987	-0.032642	-0.028246	-1.3246	17.091	28.017	908.64	-0.0069946	undefined	undefined	liquid
22.300	26.391	166.70	0.0059987	-0.032642	-0.028245	-1.3246	17.091	28.017	908.64	-0.0069946	undefined	undefined	liquid
22.300	26.395	166.70	0.0059987	-0.032642	-0.028245	-1.3246	17.091	28.017	908.64	-0.0069946	undefined	undefined	liquid
22.300	26.399	166.70	0.0059987	-0.032643	-0.028244	-1.3246	17.091	28.017	908.64	-0.0069947	undefined	undefined	liquid
22.300	26.403	166.70	0.0059987	-0.032643	-0.028244	-1.3246	17.091	28.017	908.64	-0.0069947	undefined	undefined	liquid
22.300	26.408	166.70	0.0059987	-0.032643	-0.028244	-1.3246	17.091	28.017	908.65	-0.0069947	undefined	undefined	liquid
22.300	26.412	166.70	0.0059987	-0.032643	-0.028243	-1.3246	17.091	28.017	908.65	-0.0069947	undefined	undefined	liquid
22.300	26.416	166.70	0.0059987	-0.032644	-0.028243	-1.3246	17.091	28.016	908.65	-0.0069947	undefined	undefined	liquid
22.300	26.420	166.70	0.0059987	-0.032644	-0.028242	-1.3246	17.091	28.016	908.65	-0.0069947	undefined	undefined	liquid
22.300	26.424	166.70	0.0059986	-0.032644	-0.028242	-1.3247	17.091	28.016	908.65	-0.0069947	undefined	undefined	liquid
22.300	26.429	166.70	0.0059986	-0.032644	-0.028241	-1.3247	17.091	28.016	908.65	-0.0069948	undefined	undefined	liquid
22.300	26.433	166.70	0.0059986	-0.032645	-0.028241	-1.3247	17.091	28.016	908.65	-0.0069948	undefined	undefined	liquid
22.300	26.437	166.70	0.0059986	-0.032645	-0.028240	-1.3247	17.091	28.016	908.65	-0.0069948	undefined	undefined	liquid
22.300	26.441	166.70	0.0059986	-0.032645	-0.028240	-1.3247	17.091	28.016	908.65	-0.0069948	undefined	undefined	liquid
22.300	26.445	166.70	0.0059986	-0.032645	-0.028239	-1.3247	17.091	28.016	908.65	-0.0069948	undefined	undefined	liquid
22.300	26.450	166.70	0.0059986	-0.032646	-0.028239	-1.3247	17.091	28.016	908.65	-0.0069948	undefined	undefined	liquid
22.300	26.454	166.70	0.0059986	-0.032646	-0.028238	-1.3247	17.091	28.016	908.65	-0.0069948	undefined	undefined	liquid
22.300	26.458	166.70	0.0059986	-0.032646	-0.028238	-1.3247	17.091	28.016	908.65	-0.0069948	undefined	undefined	liquid
22.300	26.462	166.70	0.0059986	-0.032646	-0.028238	-1.3248	17.091	28.016	908.65	-0.0069949	undefined	undefined	liquid
22.300	26.466	166.70	0.0059986	-0.032646	-0.028237	-1.3248	17.091	28.016	908.65	-0.0069949	undefined	undefined	liquid
22.300	26.471	166.70	0.0059986	-0.032647	-0.028237	-1.3248	17.091	28.016	908.65	-0.0069949	undefined	undefined	liquid
22.300	26.475	166.70	0.0059986	-0.032647	-0.028236	-1.3248	17.091	28.016	908.65	-0.0069949	undefined	undefined	liquid
22.300	26.479	166.70	0.0059986	-0.032647	-0.028236	-1.3248	17.091	28.016	908.65	-0.0069949	undefined	undefined	liquid
22.300	26.483	166.70	0.0059986	-0.032647	-0.028235	-1.3248	17.091	28.016	908.65	-0.0069949	undefined	undefined	liquid
22.300	26.487	166.71	0.0059986	-0.032648	-0.028235	-1.3248	17.091	28.016	908.66	-0.0069949	undefined	undefined	liquid
22.300	26.492	166.71	0.0059986	-0.032648	-0.028234	-1.3248	17.091	28.016	908.66	-0.0069949	undefined	undefined	liquid
22.300	26.496	166.71	0.0059986	-0.032648	-0.028234	-1.3248	17.091	28.016	908.66	-0.0069950	undefined	undefined	liquid
22.300	26.500	166.71	0.0059986	-0.032648	-0.028233	-1.3249	17.091	28.016	908.66	-0.0069950	undefined	undefined	liquid
22.300	26.504	166.71	0.0059986	-0.032649	-0.028233	-1.3249	17.091	28.016	908.66	-0.0069950	undefined	undefined	liquid
22.300	26.508	166.71	0.0059986	-0.032649	-0.028233	-1.3249	17.091	28.016	908.66	-0.0069950	undefined	undefined	liquid
22.300	26.513	166.71	0.0059986	-0.032649	-0.028232	-1.3249	17.091	28.016	908.66	-0.0069950	undefined	undefined	liquid
22.300	26.517	166.71	0.0059986	-0.032649	-0.028232	-1.3249	17.091	28.016	908.66	-0.0069950	undefined	undefined	liquid
22.300	26.521	166.71	0.0059986	-0.032650	-0.028231	-1.3249	17.091	28.016	908.66	-0.0069950	undefined	undefined	liquid
22.300	26.525	166.71	0.0059986	-0.032650	-0.028231	-1.3249	17.091	28.016	908.66	-0.0069951	undefined	undefined	liquid
22.300	26.529	166.71	0.0059986	-0.032650	-0.028230	-1.3249	17.091	28.016	908.66	-0.0069951	undefined	undefined	liquid
22.300	26.534	166.71	0.0059986	-0.032650	-0.028230	-1.3249	17.091	28.016	908.66	-0.0069951	undefined	undefined	liquid
22.300	26.538	166.71	0.0059986	-0.032651	-0.028229	-1.3249	17.091	28.016	908.66	-0.0069951	undefined	undefined	liquid
22.300	26.542	166.71	0.0059986	-0.032651	-0.028229	-1.3250	17.091	28.016	908.66	-0.0069951	undefined	undefined	liquid
22.300	26.546	166.71	0.0059986	-0.032651	-0.028228	-1.3250	17.091	28.016	908.66	-0.0069951	undefined	undefined	liquid
22.300	26.550	166.71	0.0059986	-0.032651	-0.028228	-1.3250	17.091	28.016	908.66	-0.0069951	undefined	undefined	liquid
22.300	26.555	166.71	0.0059986	-0.032652	-0.028228	-1.3250	17.091	28.016	908.66	-0.0069951	undefined	undefined	liquid
22.300	26.559	166.71	0.0059986	-0.032652	-0.028227	-1.3250	17.091	28.016	908.66	-0.0069952	undefined	undefined	liquid
22.300	26.563	166.71	0.0059986	-0.032652	-0.028227	-1.3250	17.092	28.016	908.66	-0.0069952	undefined	undefined	liquid
22.300	26.567	166.71	0.0059986	-0.032652	-0.028226	-1.3250	17.092	28.016	908.66	-0.0069952	undefined	undefined	liquid
22.300	26.571	166.71	0.0059986	-0.032653	-0.028226	-1.3250	17.092	28.016	908.67	-0.0069952	undefined	undefined	liquid
22.300	26.576	166.71	0.0059986	-0.032653	-0.028225	-1.3250	17.092	28.016	908.67	-0.0069952	undefined	undefined	liquid
22.300	26.580	166.71	0.0059986	-0.032653	-0.028225	-1.3251	17.092	28.016	908.67	-0.0069952	undefined	undefined	liquid
22.300	26.584	166.71	0.0059986	-0.032653	-0.028224	-1.3251	17.092	28.016	908.67	-0.0069952	undefined	undefined	liquid
22.300	26.588	166.71	0.0059986	-0.032653	-0.028224	-1.3251	17.092	28.016	908.67	-0.0069952	undefined	undefined	liquid
22.300	26.592	166.71	0.0059986	-0.032654	-0.028223	-1.3251	17.092	28.016	908.67	-0.0069953	undefined	undefined	liquid
22.300	26.597	166.71	0.0059986	-0.032654	-0.028223	-1.3251	17.092	28.015	908.67	-0.0069953	undefined	undefined	liquid
22.300	26.601	166.71	0.0059986	-0.032654	-0.028222	-1.3251	17.092	28.015	908.67	-0.0069953	undefined	undefined	liquid
22.300	26.605	166.71	0.0059986	-0.032654	-0.028222	-1.3251	17.092	28.015	908.67	-0.0069953	undefined	undefined	liquid
22.300	26.609	166.71	0.0059986	-0.032655	-0.028222	-1.3251	17.092	28.015	908.67	-0.0069953	undefined	undefined	liquid
22.300	26.613	166.71	0.0059986	-0.032655	-0.028221	-1.3251	17.092	28.015	908.67	-0.0069953	undefined	undefined	liquid
22.300	26.618	166.71	0.0059986	-0.032655	-0.028221	-1.3252	17.092	28.015	908.67	-0.0069953	undefined	undefined	liquid
22.300	26.622	166.71	0.0059986	-0.032655	-0.028220	-1.3252	17.092	28.015	908.67	-0.0069954	undefined	undefined	liquid
22.300	26.626	166.71	0.0059986	-0.032656	-0.028220	-1.3252	17.092	28.015	908.67	-0.0069954	undefined	undefined	liquid
22.300	26.630	166.71	0.0059985	-0.032656	-0.028219	-1.3252	17.092	28.015	908.67	-0.0069954	undefined	undefined	liquid
22.300	26.634	166.71	0.0059985	-0.032656	-0.028219	-1.3252	17.092	28.015	908.67	-0.0069954	undefined	undefined	liquid
22.300	26.639	166.71	0.0059985	-0.032656	-0.028218	-1.3252	17.092	28.015	908.67	-0.0069954	undefined	undefined	liquid
22.300	26.643	166.71	0.0059985	-0.032657	-0.028218	-1.3252	17.092	28.015	908.67	-0.0069954	undefined	undefined	liquid
22.300	26.647	166.71	0.0059985	-0.032657	-0.028217	-1.3252	17.092	28.015	908.67	-0.0069954	undefined	undefined	liquid
22.300	26.651	166.71	0.0059985	-0.032657	-0.028217	-1.3252	17.092	28.015	908.68	-0.0069954	undefined	undefined	liquid
22.300	26.655	166.71	0.0059985	-0.032657	-0.028217	-1.3253	17.092	28.015	908.68	-0.0069955	undefined	undefined	liquid
22.300	26.660	166.71	0.0059985	-0.032658	-0.028216	-1.3253	17.092	28.015	908.68	-0.0069955	undefined	undefined	liquid
22.300	26.664	166.71	0.0059985	-0.032658	-0.028216	-1.3253	17.092	28.015	908.68	-0.0069955	undefined	undefined	liquid
22.300	26.668	166.71	0.0059985	-0.032658	-0.028215	-1.3253	17.092	28.015	908.68	-0.0069955	undefined	undefined	liquid
22.300	26.672	166.71	0.0059985	-0.032658	-0.028215	-1.3253	17.092	28.015	908.68	-0.0069955	undefined	undefined	liquid
22.300	26.676	166.71	0.0059985	-0.032659	-0.028214	-1.3253	17.092	28.015	908.68	-0.0069955	undefined	undefined	liquid
22.300	26.681	166.71	0.0059985	-0.032659	-0.028214	-1.3253	17.092	28.015	908.68	-0.0069955	undefined	undefined	liquid
22.300	26.685	166.71	0.0059985	-0.032659	-0.028213	-1.3253	17.092	28.015	908.68	-0.0069955	undefined	undefined	liquid
22.300	26.689	166.71	0.0059985	-0.032659	-0.028213	-1.3253	17.092	28.015	908.68	-0.0069956	undefined	undefined	liquid
22.300	26.693	166.71	0.0059985	-0.032659	-0.028212	-1.3254	17.092	28.015	908.68	-0.0069956	undefined	undefined	liquid
22.300	26.697	166.71	0.0059985	-0.032660	-0.028212	-1.3254	17.092	28.015	908.68	-0.0069956	undefined	undefined	liquid
22.300	26.702	166.71	0.0059985	-0.032660	-0.028211	-1.3254	17.092	28.015	908.68	-0.0069956	undefined	undefined	liquid
22.300	26.706	166.71	0.0059985	-0.032660	-0.028211	-1.3254	17.092	28.015	908.68	-0.0069956	undefined	undefined	liquid
22.300	26.710	166.71	0.0059985	-0.032660	-0.028211	-1.3254	17.092	28.015	908.68	-0.0069956	undefined	undefined	liquid
22.300	26.714	166.71	0.0059985	-0.032661	-0.028210	-1.3254	17.092	28.015	908.68	-0.0069956	undefined	undefined	liquid
22.300	26.718	166.71	0.0059985	-0.032661	-0.028210	-1.3254	17.092	28.015	908.68	-0.0069957	undefined	undefined	liquid
22.300	26.723	166.71	0.0059985	-0.032661	-0.028209	-1.3254	17.092	28.015	908.68	-0.0069957	undefined	undefined	liquid
22.300	26.727	166.71	0.0059985	-0.032661	-0.028209	-1.3254	17.092	28.015	908.68	-0.0069957	undefined	undefined	liquid
22.300	26.731	166.71	0.0059985	-0.032662	-0.028208	-1.3254	17.092	28.015	908.69	-0.0069957	undefined	undefined	liquid
22.300	26.735	166.71	0.0059985	-0.032662	-0.028208	-1.3255	17.092	28.015	908.69	-0.0069957	undefined	undefined	liquid
22.300	26.739	166.71	0.0059985	-0.032662	-0.028207	-1.3255	17.092	28.015	908.69	-0.0069957	undefined	undefined	liquid
22.300	26.744	166.71	0.0059985	-0.032662	-0.028207	-1.3255	17.092	28.015	908.69	-0.0069957	undefined	undefined	liquid
22.300	26.748	166.71	0.0059985	-0.032663	-0.028206	-1.3255	17.092	28.015	908.69	-0.0069957	undefined	undefined	liquid
22.300	26.752	166.71	0.0059985	-0.032663	-0.028206	-1.3255	17.092	28.015	908.69	-0.0069958	undefined	undefined	liquid
22.300	26.756	166.71	0.0059985	-0.032663	-0.028206	-1.3255	17.092	28.015	908.69	-0.0069958	undefined	undefined	liquid
22.300	26.760	166.71	0.0059985	-0.032663	-0.028205	-1.3255	17.092	28.015	908.69	-0.0069958	undefined	undefined	liquid
22.300	26.765	166.71	0.0059985	-0.032664	-0.028205	-1.3255	17.092	28.015	908.69	-0.0069958	undefined	undefined	liquid
22.300	26.769	166.71	0.0059985	-0.032664	-0.028204	-1.3255	17.092	28.015	908.69	-0.0069958	undefined	undefined	liquid
22.300	26.773	166.71	0.0059985	-0.032664	-0.028204	-1.3256	17.092	28.015	908.69	-0.0069958	undefined	undefined	liquid
22.300	26.777	166.71	0.0059985	-0.032664	-0.028203	-1.3256	17.092	28.014	908.69	-0.0069958	undefined	undefined	liquid
22.300	26.781	166.71	0.0059985	-0.032665	-0.028203	-1.3256	17.092	28.014	908.69	-0.0069958	undefined	undefined	liquid
22.300	26.786	166.71	0.0059985	-0.032665	-0.028202	-1.3256	17.092	28.014	908.69	-0.0069959	undefined	undefined	liquid
22.300	26.790	166.71	0.0059985	-0.032665	-0.028202	-1.3256	17.092	28.014	908.69	-0.0069959	undefined	undefined	liquid
22.300	26.794	166.71	0.0059985	-0.032665	-0.028201	-1.3256	17.092	28.014	908.69	-0.0069959	undefined	undefined	liquid
22.300	26.798	166.71	0.0059985	-0.032666	-0.028201	-1.3256	17.092	28.014	908.69	-0.0069959	undefined	undefined	liquid
22.300	26.802	166.71	0.0059985	-0.032666	-0.028201	-1.3256	17.092	28.014	908.69	-0.0069959	undefined	undefined	liquid
22.300	26.807	166.71	0.0059985	-0.032666	-0.028200	-1.3256	17.092	28.014	908.69	-0.0069959	undefined	undefined	liquid
22.300	26.811	166.71	0.0059985	-0.032666	-0.028200	-1.3257	17.092	28.014	908.70	-0.0069959	undefined	undefined	liquid
22.300	26.815	166.71	0.0059985	-0.032666	-0.028199	-1.3257	17.092	28.014	908.70	-0.0069960	undefined	undefined	liquid
22.300	26.819	166.71	0.0059985	-0.032667	-0.028199	-1.3257	17.092	28.014	908.70	-0.0069960	undefined	undefined	liquid
22.300	26.823	166.71	0.0059985	-0.032667	-0.028198	-1.3257	17.092	28.014	908.70	-0.0069960	undefined	undefined	liquid
22.300	26.828	166.71	0.0059985	-0.032667	-0.028198	-1.3257	17.092	28.014	908.70	-0.0069960	undefined	undefined	liquid
22.300	26.832	166.71	0.0059984	-0.032667	-0.028197	-1.3257	17.092	28.014	908.70	-0.0069960	undefined	undefined	liquid
22.300	26.836	166.71	0.0059984	-0.032668	-0.028197	-1.3257	17.092	28.014	908.70	-0.0069960	undefined	undefined	liquid
22.300	26.840	166.71	0.0059984	-0.032668	-0.028196	-1.3257	17.092	28.014	908.70	-0.0069960	undefined	undefined	liquid
22.300	26.844	166.71	0.0059984	-0.032668	-0.028196	-1.3257	17.092	28.014	908.70	-0.0069960	undefined	undefined	liquid
22.300	26.849	166.71	0.0059984	-0.032668	-0.028195	-1.3258	17.092	28.014	908.70	-0.0069961	undefined	undefined	liquid
22.300	26.853	166.71	0.0059984	-0.032669	-0.028195	-1.3258	17.092	28.014	908.70	-0.0069961	undefined	undefined	liquid
22.300	26.857	166.71	0.0059984	-0.032669	-0.028195	-1.3258	17.092	28.014	908.70	-0.0069961	undefined	undefined	liquid
22.300	26.861	166.71	0.0059984	-0.032669	-0.028194	-1.3258	17.092	28.014	908.70	-0.0069961	undefined	undefined	liquid
22.300	26.865	166.71	0.0059984	-0.032669	-0.028194	-1.3258	17.092	28.014	908.70	-0.0069961	undefined	undefined	liquid
22.300	26.870	166.71	0.0059984	-0.032670	-0.028193	-1.3258	17.092	28.014	908.70	-0.0069961	undefined	undefined	liquid
22.300	26.874	166.71	0.0059984	-0.032670	-0.028193	-1.3258	17.092	28.014	908.70	-0.0069961	undefined	undefined	liquid
22.300	26.878	166.71	0.0059984	-0.032670	-0.028192	-1.3258	17.092	28.014	908.70	-0.0069961	undefined	undefined	liquid
22.300	26.882	166.71	0.0059984	-0.032670	-0.028192	-1.3258	17.092	28.014	908.70	-0.0069962	undefined	undefined	liquid
22.300	26.886	166.71	0.0059984	-0.032671	-0.028191	-1.3259	17.092	28.014	908.70	-0.0069962	undefined	undefined	liquid
22.300	26.891	166.71	0.0059984	-0.032671	-0.028191	-1.3259	17.092	28.014	908.71	-0.0069962	undefined	undefined	liquid
22.300	26.895	166.71	0.0059984	-0.032671	-0.028190	-1.3259	17.092	28.014	908.71	-0.0069962	undefined	undefined	liquid
22.300	26.899	166.71	0.0059984	-0.032671	-0.028190	-1.3259	17.092	28.014	908.71	-0.0069962	undefined	undefined	liquid
22.300	26.903	166.71	0.0059984	-0.032672	-0.028190	-1.3259	17.092	28.014	908.71	-0.0069962	undefined	undefined	liquid
22.300	26.907	166.71	0.0059984	-0.032672	-0.028189	-1.3259	17.092	28.014	908.71	-0.0069962	undefined	undefined	liquid
22.300	26.912	166.71	0.0059984	-0.032672	-0.028189	-1.3259	17.092	28.014	908.71	-0.0069963	undefined	undefined	liquid
22.300	26.916	166.71	0.0059984	-0.032672	-0.028188	-1.3259	17.092	28.014	908.71	-0.0069963	undefined	undefined	liquid
22.300	26.920	166.71	0.0059984	-0.032672	-0.028188	-1.3259	17.092	28.014	908.71	-0.0069963	undefined	undefined	liquid
