Temperature (K)	Pressure (psia)	Density (kg/m3)	Volume (m3/kg)	Internal Energy (kJ/mol)	Enthalpy (kJ/mol)	Entropy (J/mol*K)	Cv (J/mol*K)	Cp (J/mol*K)	Sound Spd. (m/s)	Joule-Thomson (F/psia)	Viscosity (uPa*s)	Therm. Cond. (W/m*K)	Phase
22.210	24.400	166.91	0.0059913	-0.035035	-0.030975	-1.4323	16.975	27.811	912.03	-0.0070756	undefined	undefined	liquid
22.210	24.404	166.91	0.0059913	-0.035035	-0.030974	-1.4323	16.975	27.811	912.03	-0.0070756	undefined	undefined	liquid
22.210	24.408	166.91	0.0059913	-0.035035	-0.030974	-1.4323	16.975	27.810	912.03	-0.0070757	undefined	undefined	liquid
22.210	24.413	166.91	0.0059913	-0.035036	-0.030973	-1.4323	16.975	27.810	912.03	-0.0070757	undefined	undefined	liquid
22.210	24.417	166.91	0.0059913	-0.035036	-0.030973	-1.4324	16.975	27.810	912.04	-0.0070757	undefined	undefined	liquid
22.210	24.421	166.91	0.0059913	-0.035036	-0.030972	-1.4324	16.975	27.810	912.04	-0.0070757	undefined	undefined	liquid
22.210	24.425	166.91	0.0059913	-0.035036	-0.030972	-1.4324	16.975	27.810	912.04	-0.0070757	undefined	undefined	liquid
22.210	24.429	166.91	0.0059913	-0.035037	-0.030972	-1.4324	16.975	27.810	912.04	-0.0070757	undefined	undefined	liquid
22.210	24.434	166.91	0.0059913	-0.035037	-0.030971	-1.4324	16.975	27.810	912.04	-0.0070757	undefined	undefined	liquid
22.210	24.438	166.91	0.0059913	-0.035037	-0.030971	-1.4324	16.975	27.810	912.04	-0.0070757	undefined	undefined	liquid
22.210	24.442	166.91	0.0059913	-0.035037	-0.030970	-1.4324	16.975	27.810	912.04	-0.0070758	undefined	undefined	liquid
22.210	24.446	166.91	0.0059913	-0.035038	-0.030970	-1.4324	16.975	27.810	912.04	-0.0070758	undefined	undefined	liquid
22.210	24.450	166.91	0.0059913	-0.035038	-0.030969	-1.4324	16.975	27.810	912.04	-0.0070758	undefined	undefined	liquid
22.210	24.455	166.91	0.0059913	-0.035038	-0.030969	-1.4325	16.975	27.810	912.04	-0.0070758	undefined	undefined	liquid
22.210	24.459	166.91	0.0059913	-0.035038	-0.030968	-1.4325	16.976	27.810	912.04	-0.0070758	undefined	undefined	liquid
22.210	24.463	166.91	0.0059913	-0.035038	-0.030968	-1.4325	16.976	27.810	912.04	-0.0070758	undefined	undefined	liquid
22.210	24.467	166.91	0.0059913	-0.035039	-0.030967	-1.4325	16.976	27.810	912.04	-0.0070758	undefined	undefined	liquid
22.210	24.471	166.91	0.0059912	-0.035039	-0.030967	-1.4325	16.976	27.810	912.04	-0.0070759	undefined	undefined	liquid
22.210	24.476	166.91	0.0059912	-0.035039	-0.030966	-1.4325	16.976	27.810	912.04	-0.0070759	undefined	undefined	liquid
22.210	24.480	166.91	0.0059912	-0.035039	-0.030966	-1.4325	16.976	27.810	912.04	-0.0070759	undefined	undefined	liquid
22.210	24.484	166.91	0.0059912	-0.035040	-0.030966	-1.4325	16.976	27.810	912.04	-0.0070759	undefined	undefined	liquid
22.210	24.488	166.91	0.0059912	-0.035040	-0.030965	-1.4325	16.976	27.810	912.04	-0.0070759	undefined	undefined	liquid
22.210	24.492	166.91	0.0059912	-0.035040	-0.030965	-1.4326	16.976	27.810	912.04	-0.0070759	undefined	undefined	liquid
22.210	24.497	166.91	0.0059912	-0.035040	-0.030964	-1.4326	16.976	27.810	912.05	-0.0070759	undefined	undefined	liquid
22.210	24.501	166.91	0.0059912	-0.035041	-0.030964	-1.4326	16.976	27.810	912.05	-0.0070759	undefined	undefined	liquid
22.210	24.505	166.91	0.0059912	-0.035041	-0.030963	-1.4326	16.976	27.810	912.05	-0.0070760	undefined	undefined	liquid
22.210	24.509	166.91	0.0059912	-0.035041	-0.030963	-1.4326	16.976	27.810	912.05	-0.0070760	undefined	undefined	liquid
22.210	24.513	166.91	0.0059912	-0.035041	-0.030962	-1.4326	16.976	27.810	912.05	-0.0070760	undefined	undefined	liquid
22.210	24.518	166.91	0.0059912	-0.035042	-0.030962	-1.4326	16.976	27.810	912.05	-0.0070760	undefined	undefined	liquid
22.210	24.522	166.91	0.0059912	-0.035042	-0.030961	-1.4326	16.976	27.810	912.05	-0.0070760	undefined	undefined	liquid
22.210	24.526	166.91	0.0059912	-0.035042	-0.030961	-1.4326	16.976	27.810	912.05	-0.0070760	undefined	undefined	liquid
22.210	24.530	166.91	0.0059912	-0.035042	-0.030961	-1.4327	16.976	27.810	912.05	-0.0070760	undefined	undefined	liquid
22.210	24.534	166.91	0.0059912	-0.035043	-0.030960	-1.4327	16.976	27.810	912.05	-0.0070761	undefined	undefined	liquid
22.210	24.539	166.91	0.0059912	-0.035043	-0.030960	-1.4327	16.976	27.810	912.05	-0.0070761	undefined	undefined	liquid
22.210	24.543	166.91	0.0059912	-0.035043	-0.030959	-1.4327	16.976	27.810	912.05	-0.0070761	undefined	undefined	liquid
22.210	24.547	166.91	0.0059912	-0.035043	-0.030959	-1.4327	16.976	27.810	912.05	-0.0070761	undefined	undefined	liquid
22.210	24.551	166.91	0.0059912	-0.035043	-0.030958	-1.4327	16.976	27.810	912.05	-0.0070761	undefined	undefined	liquid
22.210	24.555	166.91	0.0059912	-0.035044	-0.030958	-1.4327	16.976	27.810	912.05	-0.0070761	undefined	undefined	liquid
22.210	24.560	166.91	0.0059912	-0.035044	-0.030957	-1.4327	16.976	27.810	912.05	-0.0070761	undefined	undefined	liquid
22.210	24.564	166.91	0.0059912	-0.035044	-0.030957	-1.4327	16.976	27.810	912.05	-0.0070761	undefined	undefined	liquid
22.210	24.568	166.91	0.0059912	-0.035044	-0.030956	-1.4327	16.976	27.810	912.05	-0.0070762	undefined	undefined	liquid
22.210	24.572	166.91	0.0059912	-0.035045	-0.030956	-1.4328	16.976	27.810	912.05	-0.0070762	undefined	undefined	liquid
22.210	24.576	166.91	0.0059912	-0.035045	-0.030955	-1.4328	16.976	27.810	912.06	-0.0070762	undefined	undefined	liquid
22.210	24.581	166.91	0.0059912	-0.035045	-0.030955	-1.4328	16.976	27.810	912.06	-0.0070762	undefined	undefined	liquid
22.210	24.585	166.91	0.0059912	-0.035045	-0.030955	-1.4328	16.976	27.809	912.06	-0.0070762	undefined	undefined	liquid
22.210	24.589	166.91	0.0059912	-0.035046	-0.030954	-1.4328	16.976	27.809	912.06	-0.0070762	undefined	undefined	liquid
22.210	24.593	166.91	0.0059912	-0.035046	-0.030954	-1.4328	16.976	27.809	912.06	-0.0070762	undefined	undefined	liquid
22.210	24.597	166.91	0.0059912	-0.035046	-0.030953	-1.4328	16.976	27.809	912.06	-0.0070763	undefined	undefined	liquid
22.210	24.602	166.91	0.0059912	-0.035046	-0.030953	-1.4328	16.976	27.809	912.06	-0.0070763	undefined	undefined	liquid
22.210	24.606	166.91	0.0059912	-0.035047	-0.030952	-1.4328	16.976	27.809	912.06	-0.0070763	undefined	undefined	liquid
22.210	24.610	166.91	0.0059912	-0.035047	-0.030952	-1.4329	16.976	27.809	912.06	-0.0070763	undefined	undefined	liquid
22.210	24.614	166.91	0.0059912	-0.035047	-0.030951	-1.4329	16.976	27.809	912.06	-0.0070763	undefined	undefined	liquid
22.210	24.618	166.91	0.0059912	-0.035047	-0.030951	-1.4329	16.976	27.809	912.06	-0.0070763	undefined	undefined	liquid
22.210	24.623	166.91	0.0059912	-0.035048	-0.030950	-1.4329	16.976	27.809	912.06	-0.0070763	undefined	undefined	liquid
22.210	24.627	166.91	0.0059912	-0.035048	-0.030950	-1.4329	16.976	27.809	912.06	-0.0070763	undefined	undefined	liquid
22.210	24.631	166.91	0.0059912	-0.035048	-0.030950	-1.4329	16.976	27.809	912.06	-0.0070764	undefined	undefined	liquid
22.210	24.635	166.91	0.0059912	-0.035048	-0.030949	-1.4329	16.976	27.809	912.06	-0.0070764	undefined	undefined	liquid
22.210	24.639	166.91	0.0059912	-0.035048	-0.030949	-1.4329	16.976	27.809	912.06	-0.0070764	undefined	undefined	liquid
22.210	24.644	166.91	0.0059912	-0.035049	-0.030948	-1.4329	16.976	27.809	912.06	-0.0070764	undefined	undefined	liquid
22.210	24.648	166.91	0.0059912	-0.035049	-0.030948	-1.4330	16.976	27.809	912.06	-0.0070764	undefined	undefined	liquid
22.210	24.652	166.91	0.0059912	-0.035049	-0.030947	-1.4330	16.976	27.809	912.06	-0.0070764	undefined	undefined	liquid
22.210	24.656	166.91	0.0059912	-0.035049	-0.030947	-1.4330	16.976	27.809	912.07	-0.0070764	undefined	undefined	liquid
22.210	24.660	166.91	0.0059912	-0.035050	-0.030946	-1.4330	16.976	27.809	912.07	-0.0070764	undefined	undefined	liquid
22.210	24.665	166.91	0.0059912	-0.035050	-0.030946	-1.4330	16.976	27.809	912.07	-0.0070765	undefined	undefined	liquid
22.210	24.669	166.91	0.0059912	-0.035050	-0.030945	-1.4330	16.976	27.809	912.07	-0.0070765	undefined	undefined	liquid
22.210	24.673	166.91	0.0059911	-0.035050	-0.030945	-1.4330	16.976	27.809	912.07	-0.0070765	undefined	undefined	liquid
22.210	24.677	166.91	0.0059911	-0.035051	-0.030944	-1.4330	16.976	27.809	912.07	-0.0070765	undefined	undefined	liquid
22.210	24.681	166.91	0.0059911	-0.035051	-0.030944	-1.4330	16.976	27.809	912.07	-0.0070765	undefined	undefined	liquid
22.210	24.686	166.91	0.0059911	-0.035051	-0.030944	-1.4331	16.976	27.809	912.07	-0.0070765	undefined	undefined	liquid
22.210	24.690	166.91	0.0059911	-0.035051	-0.030943	-1.4331	16.976	27.809	912.07	-0.0070765	undefined	undefined	liquid
22.210	24.694	166.91	0.0059911	-0.035052	-0.030943	-1.4331	16.976	27.809	912.07	-0.0070766	undefined	undefined	liquid
22.210	24.698	166.91	0.0059911	-0.035052	-0.030942	-1.4331	16.976	27.809	912.07	-0.0070766	undefined	undefined	liquid
22.210	24.702	166.91	0.0059911	-0.035052	-0.030942	-1.4331	16.976	27.809	912.07	-0.0070766	undefined	undefined	liquid
22.210	24.707	166.91	0.0059911	-0.035052	-0.030941	-1.4331	16.976	27.809	912.07	-0.0070766	undefined	undefined	liquid
22.210	24.711	166.91	0.0059911	-0.035053	-0.030941	-1.4331	16.976	27.809	912.07	-0.0070766	undefined	undefined	liquid
22.210	24.715	166.91	0.0059911	-0.035053	-0.030940	-1.4331	16.976	27.809	912.07	-0.0070766	undefined	undefined	liquid
22.210	24.719	166.91	0.0059911	-0.035053	-0.030940	-1.4331	16.976	27.809	912.07	-0.0070766	undefined	undefined	liquid
22.210	24.723	166.91	0.0059911	-0.035053	-0.030939	-1.4331	16.976	27.809	912.07	-0.0070766	undefined	undefined	liquid
22.210	24.728	166.91	0.0059911	-0.035053	-0.030939	-1.4332	16.976	27.809	912.07	-0.0070767	undefined	undefined	liquid
22.210	24.732	166.91	0.0059911	-0.035054	-0.030938	-1.4332	16.976	27.809	912.07	-0.0070767	undefined	undefined	liquid
22.210	24.736	166.91	0.0059911	-0.035054	-0.030938	-1.4332	16.976	27.809	912.08	-0.0070767	undefined	undefined	liquid
22.210	24.740	166.91	0.0059911	-0.035054	-0.030938	-1.4332	16.976	27.809	912.08	-0.0070767	undefined	undefined	liquid
22.210	24.744	166.91	0.0059911	-0.035054	-0.030937	-1.4332	16.976	27.809	912.08	-0.0070767	undefined	undefined	liquid
22.210	24.749	166.91	0.0059911	-0.035055	-0.030937	-1.4332	16.976	27.809	912.08	-0.0070767	undefined	undefined	liquid
22.210	24.753	166.91	0.0059911	-0.035055	-0.030936	-1.4332	16.976	27.809	912.08	-0.0070767	undefined	undefined	liquid
22.210	24.757	166.91	0.0059911	-0.035055	-0.030936	-1.4332	16.976	27.809	912.08	-0.0070768	undefined	undefined	liquid
22.210	24.761	166.91	0.0059911	-0.035055	-0.030935	-1.4332	16.976	27.809	912.08	-0.0070768	undefined	undefined	liquid
22.210	24.765	166.91	0.0059911	-0.035056	-0.030935	-1.4333	16.976	27.808	912.08	-0.0070768	undefined	undefined	liquid
22.210	24.770	166.91	0.0059911	-0.035056	-0.030934	-1.4333	16.976	27.808	912.08	-0.0070768	undefined	undefined	liquid
22.210	24.774	166.91	0.0059911	-0.035056	-0.030934	-1.4333	16.976	27.808	912.08	-0.0070768	undefined	undefined	liquid
22.210	24.778	166.91	0.0059911	-0.035056	-0.030933	-1.4333	16.976	27.808	912.08	-0.0070768	undefined	undefined	liquid
22.210	24.782	166.91	0.0059911	-0.035057	-0.030933	-1.4333	16.976	27.808	912.08	-0.0070768	undefined	undefined	liquid
22.210	24.786	166.91	0.0059911	-0.035057	-0.030933	-1.4333	16.976	27.808	912.08	-0.0070768	undefined	undefined	liquid
22.210	24.791	166.91	0.0059911	-0.035057	-0.030932	-1.4333	16.976	27.808	912.08	-0.0070769	undefined	undefined	liquid
22.210	24.795	166.91	0.0059911	-0.035057	-0.030932	-1.4333	16.976	27.808	912.08	-0.0070769	undefined	undefined	liquid
22.210	24.799	166.91	0.0059911	-0.035058	-0.030931	-1.4333	16.976	27.808	912.08	-0.0070769	undefined	undefined	liquid
22.210	24.803	166.91	0.0059911	-0.035058	-0.030931	-1.4334	16.976	27.808	912.08	-0.0070769	undefined	undefined	liquid
22.210	24.807	166.91	0.0059911	-0.035058	-0.030930	-1.4334	16.976	27.808	912.08	-0.0070769	undefined	undefined	liquid
22.210	24.812	166.91	0.0059911	-0.035058	-0.030930	-1.4334	16.976	27.808	912.08	-0.0070769	undefined	undefined	liquid
22.210	24.816	166.91	0.0059911	-0.035058	-0.030929	-1.4334	16.976	27.808	912.09	-0.0070769	undefined	undefined	liquid
22.210	24.820	166.91	0.0059911	-0.035059	-0.030929	-1.4334	16.976	27.808	912.09	-0.0070770	undefined	undefined	liquid
22.210	24.824	166.91	0.0059911	-0.035059	-0.030928	-1.4334	16.976	27.808	912.09	-0.0070770	undefined	undefined	liquid
22.210	24.828	166.91	0.0059911	-0.035059	-0.030928	-1.4334	16.976	27.808	912.09	-0.0070770	undefined	undefined	liquid
22.210	24.833	166.92	0.0059911	-0.035059	-0.030927	-1.4334	16.976	27.808	912.09	-0.0070770	undefined	undefined	liquid
22.210	24.837	166.92	0.0059911	-0.035060	-0.030927	-1.4334	16.976	27.808	912.09	-0.0070770	undefined	undefined	liquid
22.210	24.841	166.92	0.0059911	-0.035060	-0.030927	-1.4335	16.976	27.808	912.09	-0.0070770	undefined	undefined	liquid
22.210	24.845	166.92	0.0059911	-0.035060	-0.030926	-1.4335	16.976	27.808	912.09	-0.0070770	undefined	undefined	liquid
22.210	24.849	166.92	0.0059911	-0.035060	-0.030926	-1.4335	16.976	27.808	912.09	-0.0070770	undefined	undefined	liquid
22.210	24.854	166.92	0.0059911	-0.035061	-0.030925	-1.4335	16.976	27.808	912.09	-0.0070771	undefined	undefined	liquid
22.210	24.858	166.92	0.0059911	-0.035061	-0.030925	-1.4335	16.976	27.808	912.09	-0.0070771	undefined	undefined	liquid
22.210	24.862	166.92	0.0059911	-0.035061	-0.030924	-1.4335	16.976	27.808	912.09	-0.0070771	undefined	undefined	liquid
22.210	24.866	166.92	0.0059911	-0.035061	-0.030924	-1.4335	16.976	27.808	912.09	-0.0070771	undefined	undefined	liquid
22.210	24.870	166.92	0.0059911	-0.035062	-0.030923	-1.4335	16.976	27.808	912.09	-0.0070771	undefined	undefined	liquid
22.210	24.875	166.92	0.0059911	-0.035062	-0.030923	-1.4335	16.976	27.808	912.09	-0.0070771	undefined	undefined	liquid
22.210	24.879	166.92	0.0059910	-0.035062	-0.030922	-1.4335	16.976	27.808	912.09	-0.0070771	undefined	undefined	liquid
22.210	24.883	166.92	0.0059910	-0.035062	-0.030922	-1.4336	16.976	27.808	912.09	-0.0070772	undefined	undefined	liquid
22.210	24.887	166.92	0.0059910	-0.035063	-0.030921	-1.4336	16.976	27.808	912.09	-0.0070772	undefined	undefined	liquid
22.210	24.891	166.92	0.0059910	-0.035063	-0.030921	-1.4336	16.976	27.808	912.09	-0.0070772	undefined	undefined	liquid
22.210	24.896	166.92	0.0059910	-0.035063	-0.030921	-1.4336	16.976	27.808	912.10	-0.0070772	undefined	undefined	liquid
22.210	24.900	166.92	0.0059910	-0.035063	-0.030920	-1.4336	16.976	27.808	912.10	-0.0070772	undefined	undefined	liquid
22.210	24.904	166.92	0.0059910	-0.035063	-0.030920	-1.4336	16.976	27.808	912.10	-0.0070772	undefined	undefined	liquid
22.210	24.908	166.92	0.0059910	-0.035064	-0.030919	-1.4336	16.976	27.808	912.10	-0.0070772	undefined	undefined	liquid
22.210	24.912	166.92	0.0059910	-0.035064	-0.030919	-1.4336	16.976	27.808	912.10	-0.0070772	undefined	undefined	liquid
22.210	24.917	166.92	0.0059910	-0.035064	-0.030918	-1.4336	16.976	27.808	912.10	-0.0070773	undefined	undefined	liquid
22.210	24.921	166.92	0.0059910	-0.035064	-0.030918	-1.4337	16.976	27.808	912.10	-0.0070773	undefined	undefined	liquid
22.210	24.925	166.92	0.0059910	-0.035065	-0.030917	-1.4337	16.976	27.808	912.10	-0.0070773	undefined	undefined	liquid
22.210	24.929	166.92	0.0059910	-0.035065	-0.030917	-1.4337	16.976	27.808	912.10	-0.0070773	undefined	undefined	liquid
22.210	24.933	166.92	0.0059910	-0.035065	-0.030916	-1.4337	16.976	27.808	912.10	-0.0070773	undefined	undefined	liquid
22.210	24.938	166.92	0.0059910	-0.035065	-0.030916	-1.4337	16.976	27.808	912.10	-0.0070773	undefined	undefined	liquid
22.210	24.942	166.92	0.0059910	-0.035066	-0.030916	-1.4337	16.976	27.807	912.10	-0.0070773	undefined	undefined	liquid
22.210	24.946	166.92	0.0059910	-0.035066	-0.030915	-1.4337	16.976	27.807	912.10	-0.0070774	undefined	undefined	liquid
22.210	24.950	166.92	0.0059910	-0.035066	-0.030915	-1.4337	16.976	27.807	912.10	-0.0070774	undefined	undefined	liquid
22.210	24.954	166.92	0.0059910	-0.035066	-0.030914	-1.4337	16.976	27.807	912.10	-0.0070774	undefined	undefined	liquid
22.210	24.959	166.92	0.0059910	-0.035067	-0.030914	-1.4338	16.976	27.807	912.10	-0.0070774	undefined	undefined	liquid
22.210	24.963	166.92	0.0059910	-0.035067	-0.030913	-1.4338	16.976	27.807	912.10	-0.0070774	undefined	undefined	liquid
22.210	24.967	166.92	0.0059910	-0.035067	-0.030913	-1.4338	16.976	27.807	912.10	-0.0070774	undefined	undefined	liquid
22.210	24.971	166.92	0.0059910	-0.035067	-0.030912	-1.4338	16.976	27.807	912.10	-0.0070774	undefined	undefined	liquid
22.210	24.975	166.92	0.0059910	-0.035068	-0.030912	-1.4338	16.976	27.807	912.11	-0.0070774	undefined	undefined	liquid
22.210	24.980	166.92	0.0059910	-0.035068	-0.030911	-1.4338	16.976	27.807	912.11	-0.0070775	undefined	undefined	liquid
22.210	24.984	166.92	0.0059910	-0.035068	-0.030911	-1.4338	16.976	27.807	912.11	-0.0070775	undefined	undefined	liquid
22.210	24.988	166.92	0.0059910	-0.035068	-0.030910	-1.4338	16.976	27.807	912.11	-0.0070775	undefined	undefined	liquid
22.210	24.992	166.92	0.0059910	-0.035068	-0.030910	-1.4338	16.976	27.807	912.11	-0.0070775	undefined	undefined	liquid
22.210	24.996	166.92	0.0059910	-0.035069	-0.030910	-1.4338	16.976	27.807	912.11	-0.0070775	undefined	undefined	liquid
22.210	25.001	166.92	0.0059910	-0.035069	-0.030909	-1.4339	16.976	27.807	912.11	-0.0070775	undefined	undefined	liquid
22.210	25.005	166.92	0.0059910	-0.035069	-0.030909	-1.4339	16.976	27.807	912.11	-0.0070775	undefined	undefined	liquid
22.210	25.009	166.92	0.0059910	-0.035069	-0.030908	-1.4339	16.976	27.807	912.11	-0.0070775	undefined	undefined	liquid
22.210	25.013	166.92	0.0059910	-0.035070	-0.030908	-1.4339	16.976	27.807	912.11	-0.0070776	undefined	undefined	liquid
22.210	25.017	166.92	0.0059910	-0.035070	-0.030907	-1.4339	16.976	27.807	912.11	-0.0070776	undefined	undefined	liquid
22.210	25.022	166.92	0.0059910	-0.035070	-0.030907	-1.4339	16.976	27.807	912.11	-0.0070776	undefined	undefined	liquid
22.210	25.026	166.92	0.0059910	-0.035070	-0.030906	-1.4339	16.976	27.807	912.11	-0.0070776	undefined	undefined	liquid
22.210	25.030	166.92	0.0059910	-0.035071	-0.030906	-1.4339	16.976	27.807	912.11	-0.0070776	undefined	undefined	liquid
22.210	25.034	166.92	0.0059910	-0.035071	-0.030905	-1.4339	16.976	27.807	912.11	-0.0070776	undefined	undefined	liquid
22.210	25.038	166.92	0.0059910	-0.035071	-0.030905	-1.4340	16.976	27.807	912.11	-0.0070776	undefined	undefined	liquid
22.210	25.043	166.92	0.0059910	-0.035071	-0.030905	-1.4340	16.976	27.807	912.11	-0.0070777	undefined	undefined	liquid
22.210	25.047	166.92	0.0059910	-0.035072	-0.030904	-1.4340	16.976	27.807	912.11	-0.0070777	undefined	undefined	liquid
22.210	25.051	166.92	0.0059910	-0.035072	-0.030904	-1.4340	16.976	27.807	912.11	-0.0070777	undefined	undefined	liquid
22.210	25.055	166.92	0.0059910	-0.035072	-0.030903	-1.4340	16.977	27.807	912.12	-0.0070777	undefined	undefined	liquid
22.210	25.059	166.92	0.0059910	-0.035072	-0.030903	-1.4340	16.977	27.807	912.12	-0.0070777	undefined	undefined	liquid
22.210	25.064	166.92	0.0059910	-0.035073	-0.030902	-1.4340	16.977	27.807	912.12	-0.0070777	undefined	undefined	liquid
22.210	25.068	166.92	0.0059910	-0.035073	-0.030902	-1.4340	16.977	27.807	912.12	-0.0070777	undefined	undefined	liquid
22.210	25.072	166.92	0.0059910	-0.035073	-0.030901	-1.4340	16.977	27.807	912.12	-0.0070777	undefined	undefined	liquid
22.210	25.076	166.92	0.0059910	-0.035073	-0.030901	-1.4341	16.977	27.807	912.12	-0.0070778	undefined	undefined	liquid
22.210	25.080	166.92	0.0059910	-0.035073	-0.030900	-1.4341	16.977	27.807	912.12	-0.0070778	undefined	undefined	liquid
22.210	25.085	166.92	0.0059909	-0.035074	-0.030900	-1.4341	16.977	27.807	912.12	-0.0070778	undefined	undefined	liquid
22.210	25.089	166.92	0.0059909	-0.035074	-0.030899	-1.4341	16.977	27.807	912.12	-0.0070778	undefined	undefined	liquid
22.210	25.093	166.92	0.0059909	-0.035074	-0.030899	-1.4341	16.977	27.807	912.12	-0.0070778	undefined	undefined	liquid
22.210	25.097	166.92	0.0059909	-0.035074	-0.030899	-1.4341	16.977	27.807	912.12	-0.0070778	undefined	undefined	liquid
22.210	25.101	166.92	0.0059909	-0.035075	-0.030898	-1.4341	16.977	27.807	912.12	-0.0070778	undefined	undefined	liquid
22.210	25.106	166.92	0.0059909	-0.035075	-0.030898	-1.4341	16.977	27.807	912.12	-0.0070779	undefined	undefined	liquid
22.210	25.110	166.92	0.0059909	-0.035075	-0.030897	-1.4341	16.977	27.807	912.12	-0.0070779	undefined	undefined	liquid
22.210	25.114	166.92	0.0059909	-0.035075	-0.030897	-1.4342	16.977	27.807	912.12	-0.0070779	undefined	undefined	liquid
22.210	25.118	166.92	0.0059909	-0.035076	-0.030896	-1.4342	16.977	27.807	912.12	-0.0070779	undefined	undefined	liquid
22.210	25.122	166.92	0.0059909	-0.035076	-0.030896	-1.4342	16.977	27.806	912.12	-0.0070779	undefined	undefined	liquid
22.210	25.127	166.92	0.0059909	-0.035076	-0.030895	-1.4342	16.977	27.806	912.12	-0.0070779	undefined	undefined	liquid
22.210	25.131	166.92	0.0059909	-0.035076	-0.030895	-1.4342	16.977	27.806	912.12	-0.0070779	undefined	undefined	liquid
22.210	25.135	166.92	0.0059909	-0.035077	-0.030894	-1.4342	16.977	27.806	912.13	-0.0070779	undefined	undefined	liquid
22.210	25.139	166.92	0.0059909	-0.035077	-0.030894	-1.4342	16.977	27.806	912.13	-0.0070780	undefined	undefined	liquid
22.210	25.143	166.92	0.0059909	-0.035077	-0.030893	-1.4342	16.977	27.806	912.13	-0.0070780	undefined	undefined	liquid
22.210	25.148	166.92	0.0059909	-0.035077	-0.030893	-1.4342	16.977	27.806	912.13	-0.0070780	undefined	undefined	liquid
22.210	25.152	166.92	0.0059909	-0.035078	-0.030893	-1.4342	16.977	27.806	912.13	-0.0070780	undefined	undefined	liquid
22.210	25.156	166.92	0.0059909	-0.035078	-0.030892	-1.4343	16.977	27.806	912.13	-0.0070780	undefined	undefined	liquid
22.210	25.160	166.92	0.0059909	-0.035078	-0.030892	-1.4343	16.977	27.806	912.13	-0.0070780	undefined	undefined	liquid
22.210	25.164	166.92	0.0059909	-0.035078	-0.030891	-1.4343	16.977	27.806	912.13	-0.0070780	undefined	undefined	liquid
22.210	25.169	166.92	0.0059909	-0.035078	-0.030891	-1.4343	16.977	27.806	912.13	-0.0070781	undefined	undefined	liquid
22.210	25.173	166.92	0.0059909	-0.035079	-0.030890	-1.4343	16.977	27.806	912.13	-0.0070781	undefined	undefined	liquid
22.210	25.177	166.92	0.0059909	-0.035079	-0.030890	-1.4343	16.977	27.806	912.13	-0.0070781	undefined	undefined	liquid
22.210	25.181	166.92	0.0059909	-0.035079	-0.030889	-1.4343	16.977	27.806	912.13	-0.0070781	undefined	undefined	liquid
22.210	25.185	166.92	0.0059909	-0.035079	-0.030889	-1.4343	16.977	27.806	912.13	-0.0070781	undefined	undefined	liquid
22.210	25.190	166.92	0.0059909	-0.035080	-0.030888	-1.4343	16.977	27.806	912.13	-0.0070781	undefined	undefined	liquid
22.210	25.194	166.92	0.0059909	-0.035080	-0.030888	-1.4344	16.977	27.806	912.13	-0.0070781	undefined	undefined	liquid
22.210	25.198	166.92	0.0059909	-0.035080	-0.030888	-1.4344	16.977	27.806	912.13	-0.0070781	undefined	undefined	liquid
22.210	25.202	166.92	0.0059909	-0.035080	-0.030887	-1.4344	16.977	27.806	912.13	-0.0070782	undefined	undefined	liquid
22.210	25.206	166.92	0.0059909	-0.035081	-0.030887	-1.4344	16.977	27.806	912.13	-0.0070782	undefined	undefined	liquid
22.210	25.211	166.92	0.0059909	-0.035081	-0.030886	-1.4344	16.977	27.806	912.14	-0.0070782	undefined	undefined	liquid
22.210	25.215	166.92	0.0059909	-0.035081	-0.030886	-1.4344	16.977	27.806	912.14	-0.0070782	undefined	undefined	liquid
22.210	25.219	166.92	0.0059909	-0.035081	-0.030885	-1.4344	16.977	27.806	912.14	-0.0070782	undefined	undefined	liquid
22.210	25.223	166.92	0.0059909	-0.035082	-0.030885	-1.4344	16.977	27.806	912.14	-0.0070782	undefined	undefined	liquid
22.210	25.227	166.92	0.0059909	-0.035082	-0.030884	-1.4344	16.977	27.806	912.14	-0.0070782	undefined	undefined	liquid
22.210	25.232	166.92	0.0059909	-0.035082	-0.030884	-1.4345	16.977	27.806	912.14	-0.0070783	undefined	undefined	liquid
22.210	25.236	166.92	0.0059909	-0.035082	-0.030883	-1.4345	16.977	27.806	912.14	-0.0070783	undefined	undefined	liquid
22.210	25.240	166.92	0.0059909	-0.035083	-0.030883	-1.4345	16.977	27.806	912.14	-0.0070783	undefined	undefined	liquid
22.210	25.244	166.92	0.0059909	-0.035083	-0.030882	-1.4345	16.977	27.806	912.14	-0.0070783	undefined	undefined	liquid
22.210	25.248	166.92	0.0059909	-0.035083	-0.030882	-1.4345	16.977	27.806	912.14	-0.0070783	undefined	undefined	liquid
22.210	25.253	166.92	0.0059909	-0.035083	-0.030882	-1.4345	16.977	27.806	912.14	-0.0070783	undefined	undefined	liquid
22.210	25.257	166.92	0.0059909	-0.035083	-0.030881	-1.4345	16.977	27.806	912.14	-0.0070783	undefined	undefined	liquid
22.210	25.261	166.92	0.0059909	-0.035084	-0.030881	-1.4345	16.977	27.806	912.14	-0.0070783	undefined	undefined	liquid
22.210	25.265	166.92	0.0059909	-0.035084	-0.030880	-1.4345	16.977	27.806	912.14	-0.0070784	undefined	undefined	liquid
22.210	25.269	166.92	0.0059909	-0.035084	-0.030880	-1.4346	16.977	27.806	912.14	-0.0070784	undefined	undefined	liquid
22.210	25.274	166.92	0.0059909	-0.035084	-0.030879	-1.4346	16.977	27.806	912.14	-0.0070784	undefined	undefined	liquid
22.210	25.278	166.92	0.0059909	-0.035085	-0.030879	-1.4346	16.977	27.806	912.14	-0.0070784	undefined	undefined	liquid
22.210	25.282	166.92	0.0059909	-0.035085	-0.030878	-1.4346	16.977	27.806	912.14	-0.0070784	undefined	undefined	liquid
22.210	25.286	166.92	0.0059909	-0.035085	-0.030878	-1.4346	16.977	27.806	912.14	-0.0070784	undefined	undefined	liquid
22.210	25.290	166.92	0.0059908	-0.035085	-0.030877	-1.4346	16.977	27.806	912.15	-0.0070784	undefined	undefined	liquid
22.210	25.295	166.92	0.0059908	-0.035086	-0.030877	-1.4346	16.977	27.806	912.15	-0.0070784	undefined	undefined	liquid
22.210	25.299	166.92	0.0059908	-0.035086	-0.030876	-1.4346	16.977	27.805	912.15	-0.0070785	undefined	undefined	liquid
22.210	25.303	166.92	0.0059908	-0.035086	-0.030876	-1.4346	16.977	27.805	912.15	-0.0070785	undefined	undefined	liquid
22.210	25.307	166.92	0.0059908	-0.035086	-0.030876	-1.4346	16.977	27.805	912.15	-0.0070785	undefined	undefined	liquid
22.210	25.311	166.92	0.0059908	-0.035087	-0.030875	-1.4347	16.977	27.805	912.15	-0.0070785	undefined	undefined	liquid
22.210	25.316	166.92	0.0059908	-0.035087	-0.030875	-1.4347	16.977	27.805	912.15	-0.0070785	undefined	undefined	liquid
22.210	25.320	166.92	0.0059908	-0.035087	-0.030874	-1.4347	16.977	27.805	912.15	-0.0070785	undefined	undefined	liquid
22.210	25.324	166.92	0.0059908	-0.035087	-0.030874	-1.4347	16.977	27.805	912.15	-0.0070785	undefined	undefined	liquid
22.210	25.328	166.92	0.0059908	-0.035088	-0.030873	-1.4347	16.977	27.805	912.15	-0.0070786	undefined	undefined	liquid
22.210	25.332	166.92	0.0059908	-0.035088	-0.030873	-1.4347	16.977	27.805	912.15	-0.0070786	undefined	undefined	liquid
22.210	25.337	166.92	0.0059908	-0.035088	-0.030872	-1.4347	16.977	27.805	912.15	-0.0070786	undefined	undefined	liquid
22.210	25.341	166.92	0.0059908	-0.035088	-0.030872	-1.4347	16.977	27.805	912.15	-0.0070786	undefined	undefined	liquid
22.210	25.345	166.92	0.0059908	-0.035088	-0.030871	-1.4347	16.977	27.805	912.15	-0.0070786	undefined	undefined	liquid
22.210	25.349	166.92	0.0059908	-0.035089	-0.030871	-1.4348	16.977	27.805	912.15	-0.0070786	undefined	undefined	liquid
22.210	25.353	166.92	0.0059908	-0.035089	-0.030871	-1.4348	16.977	27.805	912.15	-0.0070786	undefined	undefined	liquid
22.210	25.358	166.92	0.0059908	-0.035089	-0.030870	-1.4348	16.977	27.805	912.15	-0.0070786	undefined	undefined	liquid
22.210	25.362	166.92	0.0059908	-0.035089	-0.030870	-1.4348	16.977	27.805	912.15	-0.0070787	undefined	undefined	liquid
22.210	25.366	166.92	0.0059908	-0.035090	-0.030869	-1.4348	16.977	27.805	912.15	-0.0070787	undefined	undefined	liquid
22.210	25.370	166.92	0.0059908	-0.035090	-0.030869	-1.4348	16.977	27.805	912.16	-0.0070787	undefined	undefined	liquid
22.210	25.374	166.92	0.0059908	-0.035090	-0.030868	-1.4348	16.977	27.805	912.16	-0.0070787	undefined	undefined	liquid
22.210	25.379	166.92	0.0059908	-0.035090	-0.030868	-1.4348	16.977	27.805	912.16	-0.0070787	undefined	undefined	liquid
22.210	25.383	166.92	0.0059908	-0.035091	-0.030867	-1.4348	16.977	27.805	912.16	-0.0070787	undefined	undefined	liquid
22.210	25.387	166.92	0.0059908	-0.035091	-0.030867	-1.4349	16.977	27.805	912.16	-0.0070787	undefined	undefined	liquid
22.210	25.391	166.92	0.0059908	-0.035091	-0.030866	-1.4349	16.977	27.805	912.16	-0.0070788	undefined	undefined	liquid
22.210	25.395	166.92	0.0059908	-0.035091	-0.030866	-1.4349	16.977	27.805	912.16	-0.0070788	undefined	undefined	liquid
22.210	25.400	166.92	0.0059908	-0.035092	-0.030865	-1.4349	16.977	27.805	912.16	-0.0070788	undefined	undefined	liquid
22.210	25.404	166.92	0.0059908	-0.035092	-0.030865	-1.4349	16.977	27.805	912.16	-0.0070788	undefined	undefined	liquid
22.210	25.408	166.92	0.0059908	-0.035092	-0.030865	-1.4349	16.977	27.805	912.16	-0.0070788	undefined	undefined	liquid
22.210	25.412	166.92	0.0059908	-0.035092	-0.030864	-1.4349	16.977	27.805	912.16	-0.0070788	undefined	undefined	liquid
22.210	25.416	166.92	0.0059908	-0.035093	-0.030864	-1.4349	16.977	27.805	912.16	-0.0070788	undefined	undefined	liquid
22.210	25.421	166.92	0.0059908	-0.035093	-0.030863	-1.4349	16.977	27.805	912.16	-0.0070788	undefined	undefined	liquid
22.210	25.425	166.92	0.0059908	-0.035093	-0.030863	-1.4350	16.977	27.805	912.16	-0.0070789	undefined	undefined	liquid
22.210	25.429	166.92	0.0059908	-0.035093	-0.030862	-1.4350	16.977	27.805	912.16	-0.0070789	undefined	undefined	liquid
22.210	25.433	166.92	0.0059908	-0.035093	-0.030862	-1.4350	16.977	27.805	912.16	-0.0070789	undefined	undefined	liquid
22.210	25.437	166.92	0.0059908	-0.035094	-0.030861	-1.4350	16.977	27.805	912.16	-0.0070789	undefined	undefined	liquid
22.210	25.442	166.92	0.0059908	-0.035094	-0.030861	-1.4350	16.977	27.805	912.16	-0.0070789	undefined	undefined	liquid
22.210	25.446	166.92	0.0059908	-0.035094	-0.030860	-1.4350	16.977	27.805	912.16	-0.0070789	undefined	undefined	liquid
22.210	25.450	166.92	0.0059908	-0.035094	-0.030860	-1.4350	16.977	27.805	912.17	-0.0070789	undefined	undefined	liquid
22.210	25.454	166.92	0.0059908	-0.035095	-0.030859	-1.4350	16.977	27.805	912.17	-0.0070790	undefined	undefined	liquid
22.210	25.458	166.92	0.0059908	-0.035095	-0.030859	-1.4350	16.977	27.805	912.17	-0.0070790	undefined	undefined	liquid
22.210	25.463	166.92	0.0059908	-0.035095	-0.030859	-1.4350	16.977	27.805	912.17	-0.0070790	undefined	undefined	liquid
22.210	25.467	166.92	0.0059908	-0.035095	-0.030858	-1.4351	16.977	27.805	912.17	-0.0070790	undefined	undefined	liquid
22.210	25.471	166.92	0.0059908	-0.035096	-0.030858	-1.4351	16.977	27.805	912.17	-0.0070790	undefined	undefined	liquid
22.210	25.475	166.92	0.0059908	-0.035096	-0.030857	-1.4351	16.977	27.805	912.17	-0.0070790	undefined	undefined	liquid
22.210	25.479	166.92	0.0059908	-0.035096	-0.030857	-1.4351	16.977	27.804	912.17	-0.0070790	undefined	undefined	liquid
22.210	25.484	166.92	0.0059908	-0.035096	-0.030856	-1.4351	16.977	27.804	912.17	-0.0070790	undefined	undefined	liquid
22.210	25.488	166.92	0.0059908	-0.035097	-0.030856	-1.4351	16.977	27.804	912.17	-0.0070791	undefined	undefined	liquid
22.210	25.492	166.92	0.0059908	-0.035097	-0.030855	-1.4351	16.977	27.804	912.17	-0.0070791	undefined	undefined	liquid
22.210	25.496	166.92	0.0059907	-0.035097	-0.030855	-1.4351	16.977	27.804	912.17	-0.0070791	undefined	undefined	liquid
22.210	25.500	166.92	0.0059907	-0.035097	-0.030854	-1.4351	16.977	27.804	912.17	-0.0070791	undefined	undefined	liquid
22.210	25.505	166.92	0.0059907	-0.035098	-0.030854	-1.4352	16.977	27.804	912.17	-0.0070791	undefined	undefined	liquid
22.210	25.509	166.92	0.0059907	-0.035098	-0.030854	-1.4352	16.977	27.804	912.17	-0.0070791	undefined	undefined	liquid
22.210	25.513	166.92	0.0059907	-0.035098	-0.030853	-1.4352	16.977	27.804	912.17	-0.0070791	undefined	undefined	liquid
22.210	25.517	166.92	0.0059907	-0.035098	-0.030853	-1.4352	16.977	27.804	912.17	-0.0070792	undefined	undefined	liquid
22.210	25.521	166.92	0.0059907	-0.035098	-0.030852	-1.4352	16.977	27.804	912.17	-0.0070792	undefined	undefined	liquid
22.210	25.526	166.92	0.0059907	-0.035099	-0.030852	-1.4352	16.977	27.804	912.17	-0.0070792	undefined	undefined	liquid
22.210	25.530	166.92	0.0059907	-0.035099	-0.030851	-1.4352	16.977	27.804	912.18	-0.0070792	undefined	undefined	liquid
22.210	25.534	166.92	0.0059907	-0.035099	-0.030851	-1.4352	16.977	27.804	912.18	-0.0070792	undefined	undefined	liquid
22.210	25.538	166.92	0.0059907	-0.035099	-0.030850	-1.4352	16.977	27.804	912.18	-0.0070792	undefined	undefined	liquid
22.210	25.542	166.92	0.0059907	-0.035100	-0.030850	-1.4353	16.977	27.804	912.18	-0.0070792	undefined	undefined	liquid
22.210	25.547	166.92	0.0059907	-0.035100	-0.030849	-1.4353	16.977	27.804	912.18	-0.0070792	undefined	undefined	liquid
22.210	25.551	166.92	0.0059907	-0.035100	-0.030849	-1.4353	16.977	27.804	912.18	-0.0070793	undefined	undefined	liquid
22.210	25.555	166.92	0.0059907	-0.035100	-0.030848	-1.4353	16.977	27.804	912.18	-0.0070793	undefined	undefined	liquid
22.210	25.559	166.92	0.0059907	-0.035101	-0.030848	-1.4353	16.977	27.804	912.18	-0.0070793	undefined	undefined	liquid
22.210	25.563	166.92	0.0059907	-0.035101	-0.030848	-1.4353	16.977	27.804	912.18	-0.0070793	undefined	undefined	liquid
22.210	25.568	166.93	0.0059907	-0.035101	-0.030847	-1.4353	16.977	27.804	912.18	-0.0070793	undefined	undefined	liquid
22.210	25.572	166.93	0.0059907	-0.035101	-0.030847	-1.4353	16.977	27.804	912.18	-0.0070793	undefined	undefined	liquid
22.210	25.576	166.93	0.0059907	-0.035102	-0.030846	-1.4353	16.977	27.804	912.18	-0.0070793	undefined	undefined	liquid
22.210	25.580	166.93	0.0059907	-0.035102	-0.030846	-1.4353	16.977	27.804	912.18	-0.0070794	undefined	undefined	liquid
22.210	25.584	166.93	0.0059907	-0.035102	-0.030845	-1.4354	16.977	27.804	912.18	-0.0070794	undefined	undefined	liquid
22.210	25.589	166.93	0.0059907	-0.035102	-0.030845	-1.4354	16.977	27.804	912.18	-0.0070794	undefined	undefined	liquid
22.210	25.593	166.93	0.0059907	-0.035103	-0.030844	-1.4354	16.977	27.804	912.18	-0.0070794	undefined	undefined	liquid
22.210	25.597	166.93	0.0059907	-0.035103	-0.030844	-1.4354	16.977	27.804	912.18	-0.0070794	undefined	undefined	liquid
22.210	25.601	166.93	0.0059907	-0.035103	-0.030843	-1.4354	16.977	27.804	912.18	-0.0070794	undefined	undefined	liquid
22.210	25.605	166.93	0.0059907	-0.035103	-0.030843	-1.4354	16.977	27.804	912.18	-0.0070794	undefined	undefined	liquid
22.210	25.610	166.93	0.0059907	-0.035103	-0.030843	-1.4354	16.977	27.804	912.19	-0.0070794	undefined	undefined	liquid
22.210	25.614	166.93	0.0059907	-0.035104	-0.030842	-1.4354	16.977	27.804	912.19	-0.0070795	undefined	undefined	liquid
22.210	25.618	166.93	0.0059907	-0.035104	-0.030842	-1.4354	16.977	27.804	912.19	-0.0070795	undefined	undefined	liquid
22.210	25.622	166.93	0.0059907	-0.035104	-0.030841	-1.4355	16.977	27.804	912.19	-0.0070795	undefined	undefined	liquid
22.210	25.626	166.93	0.0059907	-0.035104	-0.030841	-1.4355	16.977	27.804	912.19	-0.0070795	undefined	undefined	liquid
22.210	25.631	166.93	0.0059907	-0.035105	-0.030840	-1.4355	16.977	27.804	912.19	-0.0070795	undefined	undefined	liquid
22.210	25.635	166.93	0.0059907	-0.035105	-0.030840	-1.4355	16.977	27.804	912.19	-0.0070795	undefined	undefined	liquid
22.210	25.639	166.93	0.0059907	-0.035105	-0.030839	-1.4355	16.977	27.804	912.19	-0.0070795	undefined	undefined	liquid
22.210	25.643	166.93	0.0059907	-0.035105	-0.030839	-1.4355	16.977	27.804	912.19	-0.0070795	undefined	undefined	liquid
22.210	25.647	166.93	0.0059907	-0.035106	-0.030838	-1.4355	16.977	27.804	912.19	-0.0070796	undefined	undefined	liquid
22.210	25.652	166.93	0.0059907	-0.035106	-0.030838	-1.4355	16.977	27.804	912.19	-0.0070796	undefined	undefined	liquid
22.210	25.656	166.93	0.0059907	-0.035106	-0.030837	-1.4355	16.978	27.803	912.19	-0.0070796	undefined	undefined	liquid
22.210	25.660	166.93	0.0059907	-0.035106	-0.030837	-1.4356	16.978	27.803	912.19	-0.0070796	undefined	undefined	liquid
22.210	25.664	166.93	0.0059907	-0.035107	-0.030837	-1.4356	16.978	27.803	912.19	-0.0070796	undefined	undefined	liquid
22.210	25.668	166.93	0.0059907	-0.035107	-0.030836	-1.4356	16.978	27.803	912.19	-0.0070796	undefined	undefined	liquid
22.210	25.673	166.93	0.0059907	-0.035107	-0.030836	-1.4356	16.978	27.803	912.19	-0.0070796	undefined	undefined	liquid
22.210	25.677	166.93	0.0059907	-0.035107	-0.030835	-1.4356	16.978	27.803	912.19	-0.0070797	undefined	undefined	liquid
22.210	25.681	166.93	0.0059907	-0.035108	-0.030835	-1.4356	16.978	27.803	912.19	-0.0070797	undefined	undefined	liquid
22.210	25.685	166.93	0.0059907	-0.035108	-0.030834	-1.4356	16.978	27.803	912.19	-0.0070797	undefined	undefined	liquid
22.210	25.689	166.93	0.0059907	-0.035108	-0.030834	-1.4356	16.978	27.803	912.20	-0.0070797	undefined	undefined	liquid
22.210	25.694	166.93	0.0059907	-0.035108	-0.030833	-1.4356	16.978	27.803	912.20	-0.0070797	undefined	undefined	liquid
22.210	25.698	166.93	0.0059907	-0.035108	-0.030833	-1.4357	16.978	27.803	912.20	-0.0070797	undefined	undefined	liquid
22.210	25.702	166.93	0.0059906	-0.035109	-0.030832	-1.4357	16.978	27.803	912.20	-0.0070797	undefined	undefined	liquid
22.210	25.706	166.93	0.0059906	-0.035109	-0.030832	-1.4357	16.978	27.803	912.20	-0.0070797	undefined	undefined	liquid
22.210	25.710	166.93	0.0059906	-0.035109	-0.030831	-1.4357	16.978	27.803	912.20	-0.0070798	undefined	undefined	liquid
22.210	25.715	166.93	0.0059906	-0.035109	-0.030831	-1.4357	16.978	27.803	912.20	-0.0070798	undefined	undefined	liquid
22.210	25.719	166.93	0.0059906	-0.035110	-0.030831	-1.4357	16.978	27.803	912.20	-0.0070798	undefined	undefined	liquid
22.210	25.723	166.93	0.0059906	-0.035110	-0.030830	-1.4357	16.978	27.803	912.20	-0.0070798	undefined	undefined	liquid
22.210	25.727	166.93	0.0059906	-0.035110	-0.030830	-1.4357	16.978	27.803	912.20	-0.0070798	undefined	undefined	liquid
22.210	25.731	166.93	0.0059906	-0.035110	-0.030829	-1.4357	16.978	27.803	912.20	-0.0070798	undefined	undefined	liquid
22.210	25.736	166.93	0.0059906	-0.035111	-0.030829	-1.4357	16.978	27.803	912.20	-0.0070798	undefined	undefined	liquid
22.210	25.740	166.93	0.0059906	-0.035111	-0.030828	-1.4358	16.978	27.803	912.20	-0.0070799	undefined	undefined	liquid
22.210	25.744	166.93	0.0059906	-0.035111	-0.030828	-1.4358	16.978	27.803	912.20	-0.0070799	undefined	undefined	liquid
22.210	25.748	166.93	0.0059906	-0.035111	-0.030827	-1.4358	16.978	27.803	912.20	-0.0070799	undefined	undefined	liquid
22.210	25.752	166.93	0.0059906	-0.035112	-0.030827	-1.4358	16.978	27.803	912.20	-0.0070799	undefined	undefined	liquid
22.210	25.757	166.93	0.0059906	-0.035112	-0.030826	-1.4358	16.978	27.803	912.20	-0.0070799	undefined	undefined	liquid
22.210	25.761	166.93	0.0059906	-0.035112	-0.030826	-1.4358	16.978	27.803	912.20	-0.0070799	undefined	undefined	liquid
22.210	25.765	166.93	0.0059906	-0.035112	-0.030826	-1.4358	16.978	27.803	912.20	-0.0070799	undefined	undefined	liquid
22.210	25.769	166.93	0.0059906	-0.035113	-0.030825	-1.4358	16.978	27.803	912.21	-0.0070799	undefined	undefined	liquid
22.210	25.773	166.93	0.0059906	-0.035113	-0.030825	-1.4358	16.978	27.803	912.21	-0.0070800	undefined	undefined	liquid
22.210	25.778	166.93	0.0059906	-0.035113	-0.030824	-1.4359	16.978	27.803	912.21	-0.0070800	undefined	undefined	liquid
22.210	25.782	166.93	0.0059906	-0.035113	-0.030824	-1.4359	16.978	27.803	912.21	-0.0070800	undefined	undefined	liquid
22.210	25.786	166.93	0.0059906	-0.035113	-0.030823	-1.4359	16.978	27.803	912.21	-0.0070800	undefined	undefined	liquid
22.210	25.790	166.93	0.0059906	-0.035114	-0.030823	-1.4359	16.978	27.803	912.21	-0.0070800	undefined	undefined	liquid
22.210	25.794	166.93	0.0059906	-0.035114	-0.030822	-1.4359	16.978	27.803	912.21	-0.0070800	undefined	undefined	liquid
22.210	25.799	166.93	0.0059906	-0.035114	-0.030822	-1.4359	16.978	27.803	912.21	-0.0070800	undefined	undefined	liquid
22.210	25.803	166.93	0.0059906	-0.035114	-0.030821	-1.4359	16.978	27.803	912.21	-0.0070801	undefined	undefined	liquid
22.210	25.807	166.93	0.0059906	-0.035115	-0.030821	-1.4359	16.978	27.803	912.21	-0.0070801	undefined	undefined	liquid
22.210	25.811	166.93	0.0059906	-0.035115	-0.030820	-1.4359	16.978	27.803	912.21	-0.0070801	undefined	undefined	liquid
22.210	25.815	166.93	0.0059906	-0.035115	-0.030820	-1.4360	16.978	27.803	912.21	-0.0070801	undefined	undefined	liquid
22.210	25.820	166.93	0.0059906	-0.035115	-0.030820	-1.4360	16.978	27.803	912.21	-0.0070801	undefined	undefined	liquid
22.210	25.824	166.93	0.0059906	-0.035116	-0.030819	-1.4360	16.978	27.803	912.21	-0.0070801	undefined	undefined	liquid
22.210	25.828	166.93	0.0059906	-0.035116	-0.030819	-1.4360	16.978	27.803	912.21	-0.0070801	undefined	undefined	liquid
22.210	25.832	166.93	0.0059906	-0.035116	-0.030818	-1.4360	16.978	27.803	912.21	-0.0070801	undefined	undefined	liquid
22.210	25.836	166.93	0.0059906	-0.035116	-0.030818	-1.4360	16.978	27.802	912.21	-0.0070802	undefined	undefined	liquid
22.210	25.841	166.93	0.0059906	-0.035117	-0.030817	-1.4360	16.978	27.802	912.21	-0.0070802	undefined	undefined	liquid
22.210	25.845	166.93	0.0059906	-0.035117	-0.030817	-1.4360	16.978	27.802	912.22	-0.0070802	undefined	undefined	liquid
22.210	25.849	166.93	0.0059906	-0.035117	-0.030816	-1.4360	16.978	27.802	912.22	-0.0070802	undefined	undefined	liquid
22.210	25.853	166.93	0.0059906	-0.035117	-0.030816	-1.4361	16.978	27.802	912.22	-0.0070802	undefined	undefined	liquid
22.210	25.857	166.93	0.0059906	-0.035118	-0.030815	-1.4361	16.978	27.802	912.22	-0.0070802	undefined	undefined	liquid
22.210	25.862	166.93	0.0059906	-0.035118	-0.030815	-1.4361	16.978	27.802	912.22	-0.0070802	undefined	undefined	liquid
22.210	25.866	166.93	0.0059906	-0.035118	-0.030814	-1.4361	16.978	27.802	912.22	-0.0070803	undefined	undefined	liquid
22.210	25.870	166.93	0.0059906	-0.035118	-0.030814	-1.4361	16.978	27.802	912.22	-0.0070803	undefined	undefined	liquid
22.210	25.874	166.93	0.0059906	-0.035118	-0.030814	-1.4361	16.978	27.802	912.22	-0.0070803	undefined	undefined	liquid
22.210	25.878	166.93	0.0059906	-0.035119	-0.030813	-1.4361	16.978	27.802	912.22	-0.0070803	undefined	undefined	liquid
22.210	25.883	166.93	0.0059906	-0.035119	-0.030813	-1.4361	16.978	27.802	912.22	-0.0070803	undefined	undefined	liquid
22.210	25.887	166.93	0.0059906	-0.035119	-0.030812	-1.4361	16.978	27.802	912.22	-0.0070803	undefined	undefined	liquid
22.210	25.891	166.93	0.0059906	-0.035119	-0.030812	-1.4361	16.978	27.802	912.22	-0.0070803	undefined	undefined	liquid
22.210	25.895	166.93	0.0059906	-0.035120	-0.030811	-1.4362	16.978	27.802	912.22	-0.0070803	undefined	undefined	liquid
22.210	25.899	166.93	0.0059906	-0.035120	-0.030811	-1.4362	16.978	27.802	912.22	-0.0070804	undefined	undefined	liquid
22.210	25.904	166.93	0.0059906	-0.035120	-0.030810	-1.4362	16.978	27.802	912.22	-0.0070804	undefined	undefined	liquid
22.210	25.908	166.93	0.0059905	-0.035120	-0.030810	-1.4362	16.978	27.802	912.22	-0.0070804	undefined	undefined	liquid
22.210	25.912	166.93	0.0059905	-0.035121	-0.030809	-1.4362	16.978	27.802	912.22	-0.0070804	undefined	undefined	liquid
22.210	25.916	166.93	0.0059905	-0.035121	-0.030809	-1.4362	16.978	27.802	912.22	-0.0070804	undefined	undefined	liquid
22.210	25.920	166.93	0.0059905	-0.035121	-0.030809	-1.4362	16.978	27.802	912.22	-0.0070804	undefined	undefined	liquid
22.210	25.925	166.93	0.0059905	-0.035121	-0.030808	-1.4362	16.978	27.802	912.23	-0.0070804	undefined	undefined	liquid
22.210	25.929	166.93	0.0059905	-0.035122	-0.030808	-1.4362	16.978	27.802	912.23	-0.0070804	undefined	undefined	liquid
22.210	25.933	166.93	0.0059905	-0.035122	-0.030807	-1.4363	16.978	27.802	912.23	-0.0070805	undefined	undefined	liquid
22.210	25.937	166.93	0.0059905	-0.035122	-0.030807	-1.4363	16.978	27.802	912.23	-0.0070805	undefined	undefined	liquid
22.210	25.941	166.93	0.0059905	-0.035122	-0.030806	-1.4363	16.978	27.802	912.23	-0.0070805	undefined	undefined	liquid
22.210	25.946	166.93	0.0059905	-0.035123	-0.030806	-1.4363	16.978	27.802	912.23	-0.0070805	undefined	undefined	liquid
22.210	25.950	166.93	0.0059905	-0.035123	-0.030805	-1.4363	16.978	27.802	912.23	-0.0070805	undefined	undefined	liquid
22.210	25.954	166.93	0.0059905	-0.035123	-0.030805	-1.4363	16.978	27.802	912.23	-0.0070805	undefined	undefined	liquid
22.210	25.958	166.93	0.0059905	-0.035123	-0.030804	-1.4363	16.978	27.802	912.23	-0.0070805	undefined	undefined	liquid
22.210	25.962	166.93	0.0059905	-0.035123	-0.030804	-1.4363	16.978	27.802	912.23	-0.0070806	undefined	undefined	liquid
22.210	25.967	166.93	0.0059905	-0.035124	-0.030803	-1.4363	16.978	27.802	912.23	-0.0070806	undefined	undefined	liquid
22.210	25.971	166.93	0.0059905	-0.035124	-0.030803	-1.4364	16.978	27.802	912.23	-0.0070806	undefined	undefined	liquid
22.210	25.975	166.93	0.0059905	-0.035124	-0.030803	-1.4364	16.978	27.802	912.23	-0.0070806	undefined	undefined	liquid
22.210	25.979	166.93	0.0059905	-0.035124	-0.030802	-1.4364	16.978	27.802	912.23	-0.0070806	undefined	undefined	liquid
22.210	25.983	166.93	0.0059905	-0.035125	-0.030802	-1.4364	16.978	27.802	912.23	-0.0070806	undefined	undefined	liquid
22.210	25.988	166.93	0.0059905	-0.035125	-0.030801	-1.4364	16.978	27.802	912.23	-0.0070806	undefined	undefined	liquid
22.210	25.992	166.93	0.0059905	-0.035125	-0.030801	-1.4364	16.978	27.802	912.23	-0.0070806	undefined	undefined	liquid
22.210	25.996	166.93	0.0059905	-0.035125	-0.030800	-1.4364	16.978	27.802	912.23	-0.0070807	undefined	undefined	liquid
22.210	26.000	166.93	0.0059905	-0.035126	-0.030800	-1.4364	16.978	27.802	912.23	-0.0070807	undefined	undefined	liquid
22.210	26.004	166.93	0.0059905	-0.035126	-0.030799	-1.4364	16.978	27.802	912.24	-0.0070807	undefined	undefined	liquid
22.210	26.009	166.93	0.0059905	-0.035126	-0.030799	-1.4364	16.978	27.802	912.24	-0.0070807	undefined	undefined	liquid
22.210	26.013	166.93	0.0059905	-0.035126	-0.030798	-1.4365	16.978	27.801	912.24	-0.0070807	undefined	undefined	liquid
22.210	26.017	166.93	0.0059905	-0.035127	-0.030798	-1.4365	16.978	27.801	912.24	-0.0070807	undefined	undefined	liquid
22.210	26.021	166.93	0.0059905	-0.035127	-0.030797	-1.4365	16.978	27.801	912.24	-0.0070807	undefined	undefined	liquid
22.210	26.025	166.93	0.0059905	-0.035127	-0.030797	-1.4365	16.978	27.801	912.24	-0.0070808	undefined	undefined	liquid
22.210	26.030	166.93	0.0059905	-0.035127	-0.030797	-1.4365	16.978	27.801	912.24	-0.0070808	undefined	undefined	liquid
22.210	26.034	166.93	0.0059905	-0.035128	-0.030796	-1.4365	16.978	27.801	912.24	-0.0070808	undefined	undefined	liquid
22.210	26.038	166.93	0.0059905	-0.035128	-0.030796	-1.4365	16.978	27.801	912.24	-0.0070808	undefined	undefined	liquid
22.210	26.042	166.93	0.0059905	-0.035128	-0.030795	-1.4365	16.978	27.801	912.24	-0.0070808	undefined	undefined	liquid
22.210	26.046	166.93	0.0059905	-0.035128	-0.030795	-1.4365	16.978	27.801	912.24	-0.0070808	undefined	undefined	liquid
22.210	26.051	166.93	0.0059905	-0.035128	-0.030794	-1.4366	16.978	27.801	912.24	-0.0070808	undefined	undefined	liquid
22.210	26.055	166.93	0.0059905	-0.035129	-0.030794	-1.4366	16.978	27.801	912.24	-0.0070808	undefined	undefined	liquid
22.210	26.059	166.93	0.0059905	-0.035129	-0.030793	-1.4366	16.978	27.801	912.24	-0.0070809	undefined	undefined	liquid
22.210	26.063	166.93	0.0059905	-0.035129	-0.030793	-1.4366	16.978	27.801	912.24	-0.0070809	undefined	undefined	liquid
22.210	26.067	166.93	0.0059905	-0.035129	-0.030792	-1.4366	16.978	27.801	912.24	-0.0070809	undefined	undefined	liquid
22.210	26.072	166.93	0.0059905	-0.035130	-0.030792	-1.4366	16.978	27.801	912.24	-0.0070809	undefined	undefined	liquid
22.210	26.076	166.93	0.0059905	-0.035130	-0.030792	-1.4366	16.978	27.801	912.24	-0.0070809	undefined	undefined	liquid
22.210	26.080	166.93	0.0059905	-0.035130	-0.030791	-1.4366	16.978	27.801	912.24	-0.0070809	undefined	undefined	liquid
22.210	26.084	166.93	0.0059905	-0.035130	-0.030791	-1.4366	16.978	27.801	912.25	-0.0070809	undefined	undefined	liquid
22.210	26.088	166.93	0.0059905	-0.035131	-0.030790	-1.4367	16.978	27.801	912.25	-0.0070810	undefined	undefined	liquid
22.210	26.093	166.93	0.0059905	-0.035131	-0.030790	-1.4367	16.978	27.801	912.25	-0.0070810	undefined	undefined	liquid
22.210	26.097	166.93	0.0059905	-0.035131	-0.030789	-1.4367	16.978	27.801	912.25	-0.0070810	undefined	undefined	liquid
22.210	26.101	166.93	0.0059905	-0.035131	-0.030789	-1.4367	16.978	27.801	912.25	-0.0070810	undefined	undefined	liquid
22.210	26.105	166.93	0.0059905	-0.035132	-0.030788	-1.4367	16.978	27.801	912.25	-0.0070810	undefined	undefined	liquid
22.210	26.109	166.93	0.0059905	-0.035132	-0.030788	-1.4367	16.978	27.801	912.25	-0.0070810	undefined	undefined	liquid
22.210	26.114	166.93	0.0059904	-0.035132	-0.030787	-1.4367	16.978	27.801	912.25	-0.0070810	undefined	undefined	liquid
22.210	26.118	166.93	0.0059904	-0.035132	-0.030787	-1.4367	16.978	27.801	912.25	-0.0070810	undefined	undefined	liquid
22.210	26.122	166.93	0.0059904	-0.035133	-0.030786	-1.4367	16.978	27.801	912.25	-0.0070811	undefined	undefined	liquid
22.210	26.126	166.93	0.0059904	-0.035133	-0.030786	-1.4368	16.978	27.801	912.25	-0.0070811	undefined	undefined	liquid
22.210	26.130	166.93	0.0059904	-0.035133	-0.030786	-1.4368	16.978	27.801	912.25	-0.0070811	undefined	undefined	liquid
22.210	26.135	166.93	0.0059904	-0.035133	-0.030785	-1.4368	16.978	27.801	912.25	-0.0070811	undefined	undefined	liquid
22.210	26.139	166.93	0.0059904	-0.035133	-0.030785	-1.4368	16.978	27.801	912.25	-0.0070811	undefined	undefined	liquid
22.210	26.143	166.93	0.0059904	-0.035134	-0.030784	-1.4368	16.978	27.801	912.25	-0.0070811	undefined	undefined	liquid
22.210	26.147	166.93	0.0059904	-0.035134	-0.030784	-1.4368	16.978	27.801	912.25	-0.0070811	undefined	undefined	liquid
22.210	26.151	166.93	0.0059904	-0.035134	-0.030783	-1.4368	16.978	27.801	912.25	-0.0070812	undefined	undefined	liquid
22.210	26.156	166.93	0.0059904	-0.035134	-0.030783	-1.4368	16.978	27.801	912.25	-0.0070812	undefined	undefined	liquid
22.210	26.160	166.93	0.0059904	-0.035135	-0.030782	-1.4368	16.978	27.801	912.26	-0.0070812	undefined	undefined	liquid
22.210	26.164	166.93	0.0059904	-0.035135	-0.030782	-1.4368	16.978	27.801	912.26	-0.0070812	undefined	undefined	liquid
22.210	26.168	166.93	0.0059904	-0.035135	-0.030781	-1.4369	16.978	27.801	912.26	-0.0070812	undefined	undefined	liquid
22.210	26.172	166.93	0.0059904	-0.035135	-0.030781	-1.4369	16.978	27.801	912.26	-0.0070812	undefined	undefined	liquid
22.210	26.177	166.93	0.0059904	-0.035136	-0.030780	-1.4369	16.978	27.801	912.26	-0.0070812	undefined	undefined	liquid
22.210	26.181	166.93	0.0059904	-0.035136	-0.030780	-1.4369	16.978	27.801	912.26	-0.0070812	undefined	undefined	liquid
22.210	26.185	166.93	0.0059904	-0.035136	-0.030780	-1.4369	16.978	27.801	912.26	-0.0070813	undefined	undefined	liquid
22.210	26.189	166.93	0.0059904	-0.035136	-0.030779	-1.4369	16.978	27.801	912.26	-0.0070813	undefined	undefined	liquid
22.210	26.193	166.93	0.0059904	-0.035137	-0.030779	-1.4369	16.978	27.800	912.26	-0.0070813	undefined	undefined	liquid
22.210	26.198	166.93	0.0059904	-0.035137	-0.030778	-1.4369	16.978	27.800	912.26	-0.0070813	undefined	undefined	liquid
22.210	26.202	166.93	0.0059904	-0.035137	-0.030778	-1.4369	16.978	27.800	912.26	-0.0070813	undefined	undefined	liquid
22.210	26.206	166.93	0.0059904	-0.035137	-0.030777	-1.4370	16.978	27.800	912.26	-0.0070813	undefined	undefined	liquid
22.210	26.210	166.93	0.0059904	-0.035138	-0.030777	-1.4370	16.978	27.800	912.26	-0.0070813	undefined	undefined	liquid
22.210	26.214	166.93	0.0059904	-0.035138	-0.030776	-1.4370	16.978	27.800	912.26	-0.0070814	undefined	undefined	liquid
22.210	26.219	166.93	0.0059904	-0.035138	-0.030776	-1.4370	16.978	27.800	912.26	-0.0070814	undefined	undefined	liquid
22.210	26.223	166.93	0.0059904	-0.035138	-0.030775	-1.4370	16.978	27.800	912.26	-0.0070814	undefined	undefined	liquid
22.210	26.227	166.93	0.0059904	-0.035138	-0.030775	-1.4370	16.978	27.800	912.26	-0.0070814	undefined	undefined	liquid
22.210	26.231	166.93	0.0059904	-0.035139	-0.030775	-1.4370	16.978	27.800	912.26	-0.0070814	undefined	undefined	liquid
22.210	26.235	166.93	0.0059904	-0.035139	-0.030774	-1.4370	16.978	27.800	912.26	-0.0070814	undefined	undefined	liquid
22.210	26.240	166.93	0.0059904	-0.035139	-0.030774	-1.4370	16.978	27.800	912.27	-0.0070814	undefined	undefined	liquid
22.210	26.244	166.93	0.0059904	-0.035139	-0.030773	-1.4371	16.978	27.800	912.27	-0.0070814	undefined	undefined	liquid
22.210	26.248	166.93	0.0059904	-0.035140	-0.030773	-1.4371	16.978	27.800	912.27	-0.0070815	undefined	undefined	liquid
22.210	26.252	166.93	0.0059904	-0.035140	-0.030772	-1.4371	16.978	27.800	912.27	-0.0070815	undefined	undefined	liquid
22.210	26.256	166.93	0.0059904	-0.035140	-0.030772	-1.4371	16.978	27.800	912.27	-0.0070815	undefined	undefined	liquid
22.210	26.261	166.93	0.0059904	-0.035140	-0.030771	-1.4371	16.979	27.800	912.27	-0.0070815	undefined	undefined	liquid
22.210	26.265	166.93	0.0059904	-0.035141	-0.030771	-1.4371	16.979	27.800	912.27	-0.0070815	undefined	undefined	liquid
22.210	26.269	166.93	0.0059904	-0.035141	-0.030770	-1.4371	16.979	27.800	912.27	-0.0070815	undefined	undefined	liquid
22.210	26.273	166.93	0.0059904	-0.035141	-0.030770	-1.4371	16.979	27.800	912.27	-0.0070815	undefined	undefined	liquid
22.210	26.277	166.93	0.0059904	-0.035141	-0.030769	-1.4371	16.979	27.800	912.27	-0.0070815	undefined	undefined	liquid
22.210	26.282	166.93	0.0059904	-0.035142	-0.030769	-1.4371	16.979	27.800	912.27	-0.0070816	undefined	undefined	liquid
22.210	26.286	166.93	0.0059904	-0.035142	-0.030769	-1.4372	16.979	27.800	912.27	-0.0070816	undefined	undefined	liquid
22.210	26.290	166.93	0.0059904	-0.035142	-0.030768	-1.4372	16.979	27.800	912.27	-0.0070816	undefined	undefined	liquid
22.210	26.294	166.93	0.0059904	-0.035142	-0.030768	-1.4372	16.979	27.800	912.27	-0.0070816	undefined	undefined	liquid
22.210	26.298	166.93	0.0059904	-0.035143	-0.030767	-1.4372	16.979	27.800	912.27	-0.0070816	undefined	undefined	liquid
22.210	26.303	166.93	0.0059904	-0.035143	-0.030767	-1.4372	16.979	27.800	912.27	-0.0070816	undefined	undefined	liquid
22.210	26.307	166.94	0.0059904	-0.035143	-0.030766	-1.4372	16.979	27.800	912.27	-0.0070816	undefined	undefined	liquid
22.210	26.311	166.94	0.0059904	-0.035143	-0.030766	-1.4372	16.979	27.800	912.27	-0.0070817	undefined	undefined	liquid
22.210	26.315	166.94	0.0059904	-0.035143	-0.030765	-1.4372	16.979	27.800	912.27	-0.0070817	undefined	undefined	liquid
22.210	26.319	166.94	0.0059903	-0.035144	-0.030765	-1.4372	16.979	27.800	912.28	-0.0070817	undefined	undefined	liquid
22.210	26.324	166.94	0.0059903	-0.035144	-0.030764	-1.4373	16.979	27.800	912.28	-0.0070817	undefined	undefined	liquid
22.210	26.328	166.94	0.0059903	-0.035144	-0.030764	-1.4373	16.979	27.800	912.28	-0.0070817	undefined	undefined	liquid
22.210	26.332	166.94	0.0059903	-0.035144	-0.030764	-1.4373	16.979	27.800	912.28	-0.0070817	undefined	undefined	liquid
22.210	26.336	166.94	0.0059903	-0.035145	-0.030763	-1.4373	16.979	27.800	912.28	-0.0070817	undefined	undefined	liquid
22.210	26.340	166.94	0.0059903	-0.035145	-0.030763	-1.4373	16.979	27.800	912.28	-0.0070817	undefined	undefined	liquid
22.210	26.345	166.94	0.0059903	-0.035145	-0.030762	-1.4373	16.979	27.800	912.28	-0.0070818	undefined	undefined	liquid
22.210	26.349	166.94	0.0059903	-0.035145	-0.030762	-1.4373	16.979	27.800	912.28	-0.0070818	undefined	undefined	liquid
22.210	26.353	166.94	0.0059903	-0.035146	-0.030761	-1.4373	16.979	27.800	912.28	-0.0070818	undefined	undefined	liquid
22.210	26.357	166.94	0.0059903	-0.035146	-0.030761	-1.4373	16.979	27.800	912.28	-0.0070818	undefined	undefined	liquid
22.210	26.361	166.94	0.0059903	-0.035146	-0.030760	-1.4374	16.979	27.800	912.28	-0.0070818	undefined	undefined	liquid
22.210	26.366	166.94	0.0059903	-0.035146	-0.030760	-1.4374	16.979	27.800	912.28	-0.0070818	undefined	undefined	liquid
22.210	26.370	166.94	0.0059903	-0.035147	-0.030759	-1.4374	16.979	27.799	912.28	-0.0070818	undefined	undefined	liquid
22.210	26.374	166.94	0.0059903	-0.035147	-0.030759	-1.4374	16.979	27.799	912.28	-0.0070819	undefined	undefined	liquid
22.210	26.378	166.94	0.0059903	-0.035147	-0.030758	-1.4374	16.979	27.799	912.28	-0.0070819	undefined	undefined	liquid
22.210	26.382	166.94	0.0059903	-0.035147	-0.030758	-1.4374	16.979	27.799	912.28	-0.0070819	undefined	undefined	liquid
22.210	26.387	166.94	0.0059903	-0.035148	-0.030758	-1.4374	16.979	27.799	912.28	-0.0070819	undefined	undefined	liquid
22.210	26.391	166.94	0.0059903	-0.035148	-0.030757	-1.4374	16.979	27.799	912.28	-0.0070819	undefined	undefined	liquid
22.210	26.395	166.94	0.0059903	-0.035148	-0.030757	-1.4374	16.979	27.799	912.28	-0.0070819	undefined	undefined	liquid
22.210	26.399	166.94	0.0059903	-0.035148	-0.030756	-1.4375	16.979	27.799	912.29	-0.0070819	undefined	undefined	liquid
22.210	26.403	166.94	0.0059903	-0.035148	-0.030756	-1.4375	16.979	27.799	912.29	-0.0070819	undefined	undefined	liquid
22.210	26.408	166.94	0.0059903	-0.035149	-0.030755	-1.4375	16.979	27.799	912.29	-0.0070820	undefined	undefined	liquid
22.210	26.412	166.94	0.0059903	-0.035149	-0.030755	-1.4375	16.979	27.799	912.29	-0.0070820	undefined	undefined	liquid
22.210	26.416	166.94	0.0059903	-0.035149	-0.030754	-1.4375	16.979	27.799	912.29	-0.0070820	undefined	undefined	liquid
22.210	26.420	166.94	0.0059903	-0.035149	-0.030754	-1.4375	16.979	27.799	912.29	-0.0070820	undefined	undefined	liquid
22.210	26.424	166.94	0.0059903	-0.035150	-0.030753	-1.4375	16.979	27.799	912.29	-0.0070820	undefined	undefined	liquid
22.210	26.429	166.94	0.0059903	-0.035150	-0.030753	-1.4375	16.979	27.799	912.29	-0.0070820	undefined	undefined	liquid
22.210	26.433	166.94	0.0059903	-0.035150	-0.030752	-1.4375	16.979	27.799	912.29	-0.0070820	undefined	undefined	liquid
22.210	26.437	166.94	0.0059903	-0.035150	-0.030752	-1.4375	16.979	27.799	912.29	-0.0070821	undefined	undefined	liquid
22.210	26.441	166.94	0.0059903	-0.035151	-0.030752	-1.4376	16.979	27.799	912.29	-0.0070821	undefined	undefined	liquid
22.210	26.445	166.94	0.0059903	-0.035151	-0.030751	-1.4376	16.979	27.799	912.29	-0.0070821	undefined	undefined	liquid
22.210	26.450	166.94	0.0059903	-0.035151	-0.030751	-1.4376	16.979	27.799	912.29	-0.0070821	undefined	undefined	liquid
22.210	26.454	166.94	0.0059903	-0.035151	-0.030750	-1.4376	16.979	27.799	912.29	-0.0070821	undefined	undefined	liquid
22.210	26.458	166.94	0.0059903	-0.035152	-0.030750	-1.4376	16.979	27.799	912.29	-0.0070821	undefined	undefined	liquid
22.210	26.462	166.94	0.0059903	-0.035152	-0.030749	-1.4376	16.979	27.799	912.29	-0.0070821	undefined	undefined	liquid
22.210	26.466	166.94	0.0059903	-0.035152	-0.030749	-1.4376	16.979	27.799	912.29	-0.0070821	undefined	undefined	liquid
22.210	26.471	166.94	0.0059903	-0.035152	-0.030748	-1.4376	16.979	27.799	912.29	-0.0070822	undefined	undefined	liquid
22.210	26.475	166.94	0.0059903	-0.035153	-0.030748	-1.4376	16.979	27.799	912.30	-0.0070822	undefined	undefined	liquid
22.210	26.479	166.94	0.0059903	-0.035153	-0.030747	-1.4377	16.979	27.799	912.30	-0.0070822	undefined	undefined	liquid
22.210	26.483	166.94	0.0059903	-0.035153	-0.030747	-1.4377	16.979	27.799	912.30	-0.0070822	undefined	undefined	liquid
22.210	26.487	166.94	0.0059903	-0.035153	-0.030747	-1.4377	16.979	27.799	912.30	-0.0070822	undefined	undefined	liquid
22.210	26.492	166.94	0.0059903	-0.035153	-0.030746	-1.4377	16.979	27.799	912.30	-0.0070822	undefined	undefined	liquid
22.210	26.496	166.94	0.0059903	-0.035154	-0.030746	-1.4377	16.979	27.799	912.30	-0.0070822	undefined	undefined	liquid
22.210	26.500	166.94	0.0059903	-0.035154	-0.030745	-1.4377	16.979	27.799	912.30	-0.0070823	undefined	undefined	liquid
22.210	26.504	166.94	0.0059903	-0.035154	-0.030745	-1.4377	16.979	27.799	912.30	-0.0070823	undefined	undefined	liquid
22.210	26.508	166.94	0.0059903	-0.035154	-0.030744	-1.4377	16.979	27.799	912.30	-0.0070823	undefined	undefined	liquid
22.210	26.513	166.94	0.0059903	-0.035155	-0.030744	-1.4377	16.979	27.799	912.30	-0.0070823	undefined	undefined	liquid
22.210	26.517	166.94	0.0059903	-0.035155	-0.030743	-1.4378	16.979	27.799	912.30	-0.0070823	undefined	undefined	liquid
22.210	26.521	166.94	0.0059902	-0.035155	-0.030743	-1.4378	16.979	27.799	912.30	-0.0070823	undefined	undefined	liquid
22.210	26.525	166.94	0.0059902	-0.035155	-0.030742	-1.4378	16.979	27.799	912.30	-0.0070823	undefined	undefined	liquid
22.210	26.529	166.94	0.0059902	-0.035156	-0.030742	-1.4378	16.979	27.799	912.30	-0.0070823	undefined	undefined	liquid
22.210	26.534	166.94	0.0059902	-0.035156	-0.030741	-1.4378	16.979	27.799	912.30	-0.0070824	undefined	undefined	liquid
22.210	26.538	166.94	0.0059902	-0.035156	-0.030741	-1.4378	16.979	27.799	912.30	-0.0070824	undefined	undefined	liquid
22.210	26.542	166.94	0.0059902	-0.035156	-0.030741	-1.4378	16.979	27.799	912.30	-0.0070824	undefined	undefined	liquid
22.210	26.546	166.94	0.0059902	-0.035157	-0.030740	-1.4378	16.979	27.799	912.30	-0.0070824	undefined	undefined	liquid
22.210	26.550	166.94	0.0059902	-0.035157	-0.030740	-1.4378	16.979	27.798	912.30	-0.0070824	undefined	undefined	liquid
22.210	26.555	166.94	0.0059902	-0.035157	-0.030739	-1.4379	16.979	27.798	912.31	-0.0070824	undefined	undefined	liquid
22.210	26.559	166.94	0.0059902	-0.035157	-0.030739	-1.4379	16.979	27.798	912.31	-0.0070824	undefined	undefined	liquid
22.210	26.563	166.94	0.0059902	-0.035158	-0.030738	-1.4379	16.979	27.798	912.31	-0.0070825	undefined	undefined	liquid
22.210	26.567	166.94	0.0059902	-0.035158	-0.030738	-1.4379	16.979	27.798	912.31	-0.0070825	undefined	undefined	liquid
22.210	26.571	166.94	0.0059902	-0.035158	-0.030737	-1.4379	16.979	27.798	912.31	-0.0070825	undefined	undefined	liquid
22.210	26.576	166.94	0.0059902	-0.035158	-0.030737	-1.4379	16.979	27.798	912.31	-0.0070825	undefined	undefined	liquid
22.210	26.580	166.94	0.0059902	-0.035158	-0.030736	-1.4379	16.979	27.798	912.31	-0.0070825	undefined	undefined	liquid
22.210	26.584	166.94	0.0059902	-0.035159	-0.030736	-1.4379	16.979	27.798	912.31	-0.0070825	undefined	undefined	liquid
22.210	26.588	166.94	0.0059902	-0.035159	-0.030735	-1.4379	16.979	27.798	912.31	-0.0070825	undefined	undefined	liquid
22.210	26.592	166.94	0.0059902	-0.035159	-0.030735	-1.4379	16.979	27.798	912.31	-0.0070825	undefined	undefined	liquid
22.210	26.597	166.94	0.0059902	-0.035159	-0.030735	-1.4380	16.979	27.798	912.31	-0.0070826	undefined	undefined	liquid
22.210	26.601	166.94	0.0059902	-0.035160	-0.030734	-1.4380	16.979	27.798	912.31	-0.0070826	undefined	undefined	liquid
22.210	26.605	166.94	0.0059902	-0.035160	-0.030734	-1.4380	16.979	27.798	912.31	-0.0070826	undefined	undefined	liquid
22.210	26.609	166.94	0.0059902	-0.035160	-0.030733	-1.4380	16.979	27.798	912.31	-0.0070826	undefined	undefined	liquid
22.210	26.613	166.94	0.0059902	-0.035160	-0.030733	-1.4380	16.979	27.798	912.31	-0.0070826	undefined	undefined	liquid
22.210	26.618	166.94	0.0059902	-0.035161	-0.030732	-1.4380	16.979	27.798	912.31	-0.0070826	undefined	undefined	liquid
22.210	26.622	166.94	0.0059902	-0.035161	-0.030732	-1.4380	16.979	27.798	912.31	-0.0070826	undefined	undefined	liquid
22.210	26.626	166.94	0.0059902	-0.035161	-0.030731	-1.4380	16.979	27.798	912.31	-0.0070826	undefined	undefined	liquid
22.210	26.630	166.94	0.0059902	-0.035161	-0.030731	-1.4380	16.979	27.798	912.31	-0.0070827	undefined	undefined	liquid
22.210	26.634	166.94	0.0059902	-0.035162	-0.030730	-1.4381	16.979	27.798	912.32	-0.0070827	undefined	undefined	liquid
22.210	26.639	166.94	0.0059902	-0.035162	-0.030730	-1.4381	16.979	27.798	912.32	-0.0070827	undefined	undefined	liquid
22.210	26.643	166.94	0.0059902	-0.035162	-0.030730	-1.4381	16.979	27.798	912.32	-0.0070827	undefined	undefined	liquid
22.210	26.647	166.94	0.0059902	-0.035162	-0.030729	-1.4381	16.979	27.798	912.32	-0.0070827	undefined	undefined	liquid
22.210	26.651	166.94	0.0059902	-0.035163	-0.030729	-1.4381	16.979	27.798	912.32	-0.0070827	undefined	undefined	liquid
22.210	26.655	166.94	0.0059902	-0.035163	-0.030728	-1.4381	16.979	27.798	912.32	-0.0070827	undefined	undefined	liquid
22.210	26.660	166.94	0.0059902	-0.035163	-0.030728	-1.4381	16.979	27.798	912.32	-0.0070828	undefined	undefined	liquid
22.210	26.664	166.94	0.0059902	-0.035163	-0.030727	-1.4381	16.979	27.798	912.32	-0.0070828	undefined	undefined	liquid
22.210	26.668	166.94	0.0059902	-0.035163	-0.030727	-1.4381	16.979	27.798	912.32	-0.0070828	undefined	undefined	liquid
22.210	26.672	166.94	0.0059902	-0.035164	-0.030726	-1.4382	16.979	27.798	912.32	-0.0070828	undefined	undefined	liquid
22.210	26.676	166.94	0.0059902	-0.035164	-0.030726	-1.4382	16.979	27.798	912.32	-0.0070828	undefined	undefined	liquid
22.210	26.681	166.94	0.0059902	-0.035164	-0.030725	-1.4382	16.979	27.798	912.32	-0.0070828	undefined	undefined	liquid
22.210	26.685	166.94	0.0059902	-0.035164	-0.030725	-1.4382	16.979	27.798	912.32	-0.0070828	undefined	undefined	liquid
22.210	26.689	166.94	0.0059902	-0.035165	-0.030724	-1.4382	16.979	27.798	912.32	-0.0070828	undefined	undefined	liquid
22.210	26.693	166.94	0.0059902	-0.035165	-0.030724	-1.4382	16.979	27.798	912.32	-0.0070829	undefined	undefined	liquid
22.210	26.697	166.94	0.0059902	-0.035165	-0.030724	-1.4382	16.979	27.798	912.32	-0.0070829	undefined	undefined	liquid
22.210	26.702	166.94	0.0059902	-0.035165	-0.030723	-1.4382	16.979	27.798	912.32	-0.0070829	undefined	undefined	liquid
22.210	26.706	166.94	0.0059902	-0.035166	-0.030723	-1.4382	16.979	27.798	912.32	-0.0070829	undefined	undefined	liquid
22.210	26.710	166.94	0.0059902	-0.035166	-0.030722	-1.4382	16.979	27.798	912.33	-0.0070829	undefined	undefined	liquid
22.210	26.714	166.94	0.0059902	-0.035166	-0.030722	-1.4383	16.979	27.798	912.33	-0.0070829	undefined	undefined	liquid
22.210	26.718	166.94	0.0059902	-0.035166	-0.030721	-1.4383	16.979	27.798	912.33	-0.0070829	undefined	undefined	liquid
22.210	26.723	166.94	0.0059902	-0.035167	-0.030721	-1.4383	16.979	27.798	912.33	-0.0070830	undefined	undefined	liquid
22.210	26.727	166.94	0.0059901	-0.035167	-0.030720	-1.4383	16.979	27.797	912.33	-0.0070830	undefined	undefined	liquid
22.210	26.731	166.94	0.0059901	-0.035167	-0.030720	-1.4383	16.979	27.797	912.33	-0.0070830	undefined	undefined	liquid
22.210	26.735	166.94	0.0059901	-0.035167	-0.030719	-1.4383	16.979	27.797	912.33	-0.0070830	undefined	undefined	liquid
22.210	26.739	166.94	0.0059901	-0.035167	-0.030719	-1.4383	16.979	27.797	912.33	-0.0070830	undefined	undefined	liquid
22.210	26.744	166.94	0.0059901	-0.035168	-0.030718	-1.4383	16.979	27.797	912.33	-0.0070830	undefined	undefined	liquid
22.210	26.748	166.94	0.0059901	-0.035168	-0.030718	-1.4383	16.979	27.797	912.33	-0.0070830	undefined	undefined	liquid
22.210	26.752	166.94	0.0059901	-0.035168	-0.030718	-1.4384	16.979	27.797	912.33	-0.0070830	undefined	undefined	liquid
22.210	26.756	166.94	0.0059901	-0.035168	-0.030717	-1.4384	16.979	27.797	912.33	-0.0070831	undefined	undefined	liquid
22.210	26.760	166.94	0.0059901	-0.035169	-0.030717	-1.4384	16.979	27.797	912.33	-0.0070831	undefined	undefined	liquid
22.210	26.765	166.94	0.0059901	-0.035169	-0.030716	-1.4384	16.979	27.797	912.33	-0.0070831	undefined	undefined	liquid
22.210	26.769	166.94	0.0059901	-0.035169	-0.030716	-1.4384	16.979	27.797	912.33	-0.0070831	undefined	undefined	liquid
22.210	26.773	166.94	0.0059901	-0.035169	-0.030715	-1.4384	16.979	27.797	912.33	-0.0070831	undefined	undefined	liquid
22.210	26.777	166.94	0.0059901	-0.035170	-0.030715	-1.4384	16.979	27.797	912.33	-0.0070831	undefined	undefined	liquid
22.210	26.781	166.94	0.0059901	-0.035170	-0.030714	-1.4384	16.979	27.797	912.33	-0.0070831	undefined	undefined	liquid
22.210	26.786	166.94	0.0059901	-0.035170	-0.030714	-1.4384	16.979	27.797	912.33	-0.0070832	undefined	undefined	liquid
22.210	26.790	166.94	0.0059901	-0.035170	-0.030713	-1.4385	16.979	27.797	912.34	-0.0070832	undefined	undefined	liquid
22.210	26.794	166.94	0.0059901	-0.035171	-0.030713	-1.4385	16.979	27.797	912.34	-0.0070832	undefined	undefined	liquid
22.210	26.798	166.94	0.0059901	-0.035171	-0.030713	-1.4385	16.979	27.797	912.34	-0.0070832	undefined	undefined	liquid
22.210	26.802	166.94	0.0059901	-0.035171	-0.030712	-1.4385	16.979	27.797	912.34	-0.0070832	undefined	undefined	liquid
22.210	26.807	166.94	0.0059901	-0.035171	-0.030712	-1.4385	16.979	27.797	912.34	-0.0070832	undefined	undefined	liquid
22.210	26.811	166.94	0.0059901	-0.035172	-0.030711	-1.4385	16.979	27.797	912.34	-0.0070832	undefined	undefined	liquid
22.210	26.815	166.94	0.0059901	-0.035172	-0.030711	-1.4385	16.979	27.797	912.34	-0.0070832	undefined	undefined	liquid
22.210	26.819	166.94	0.0059901	-0.035172	-0.030710	-1.4385	16.979	27.797	912.34	-0.0070833	undefined	undefined	liquid
22.210	26.823	166.94	0.0059901	-0.035172	-0.030710	-1.4385	16.979	27.797	912.34	-0.0070833	undefined	undefined	liquid
22.210	26.828	166.94	0.0059901	-0.035172	-0.030709	-1.4386	16.979	27.797	912.34	-0.0070833	undefined	undefined	liquid
22.210	26.832	166.94	0.0059901	-0.035173	-0.030709	-1.4386	16.979	27.797	912.34	-0.0070833	undefined	undefined	liquid
22.210	26.836	166.94	0.0059901	-0.035173	-0.030708	-1.4386	16.979	27.797	912.34	-0.0070833	undefined	undefined	liquid
22.210	26.840	166.94	0.0059901	-0.035173	-0.030708	-1.4386	16.979	27.797	912.34	-0.0070833	undefined	undefined	liquid
22.210	26.844	166.94	0.0059901	-0.035173	-0.030707	-1.4386	16.979	27.797	912.34	-0.0070833	undefined	undefined	liquid
22.210	26.849	166.94	0.0059901	-0.035174	-0.030707	-1.4386	16.979	27.797	912.34	-0.0070834	undefined	undefined	liquid
22.210	26.853	166.94	0.0059901	-0.035174	-0.030707	-1.4386	16.979	27.797	912.34	-0.0070834	undefined	undefined	liquid
22.210	26.857	166.94	0.0059901	-0.035174	-0.030706	-1.4386	16.979	27.797	912.34	-0.0070834	undefined	undefined	liquid
22.210	26.861	166.94	0.0059901	-0.035174	-0.030706	-1.4386	16.979	27.797	912.34	-0.0070834	undefined	undefined	liquid
22.210	26.865	166.94	0.0059901	-0.035175	-0.030705	-1.4386	16.980	27.797	912.34	-0.0070834	undefined	undefined	liquid
22.210	26.870	166.94	0.0059901	-0.035175	-0.030705	-1.4387	16.980	27.797	912.35	-0.0070834	undefined	undefined	liquid
22.210	26.874	166.94	0.0059901	-0.035175	-0.030704	-1.4387	16.980	27.797	912.35	-0.0070834	undefined	undefined	liquid
22.210	26.878	166.94	0.0059901	-0.035175	-0.030704	-1.4387	16.980	27.797	912.35	-0.0070834	undefined	undefined	liquid
22.210	26.882	166.94	0.0059901	-0.035176	-0.030703	-1.4387	16.980	27.797	912.35	-0.0070835	undefined	undefined	liquid
22.210	26.886	166.94	0.0059901	-0.035176	-0.030703	-1.4387	16.980	27.797	912.35	-0.0070835	undefined	undefined	liquid
22.210	26.891	166.94	0.0059901	-0.035176	-0.030702	-1.4387	16.980	27.797	912.35	-0.0070835	undefined	undefined	liquid
22.210	26.895	166.94	0.0059901	-0.035176	-0.030702	-1.4387	16.980	27.797	912.35	-0.0070835	undefined	undefined	liquid
22.210	26.899	166.94	0.0059901	-0.035177	-0.030701	-1.4387	16.980	27.797	912.35	-0.0070835	undefined	undefined	liquid
22.210	26.903	166.94	0.0059901	-0.035177	-0.030701	-1.4387	16.980	27.797	912.35	-0.0070835	undefined	undefined	liquid
22.210	26.907	166.94	0.0059901	-0.035177	-0.030701	-1.4388	16.980	27.796	912.35	-0.0070835	undefined	undefined	liquid
22.210	26.912	166.94	0.0059901	-0.035177	-0.030700	-1.4388	16.980	27.796	912.35	-0.0070836	undefined	undefined	liquid
22.210	26.916	166.94	0.0059901	-0.035177	-0.030700	-1.4388	16.980	27.796	912.35	-0.0070836	undefined	undefined	liquid
22.210	26.920	166.94	0.0059901	-0.035178	-0.030699	-1.4388	16.980	27.796	912.35	-0.0070836	undefined	undefined	liquid
