Temperature (K)	Pressure (psia)	Density (kg/m3)	Volume (m3/kg)	Internal Energy (kJ/mol)	Enthalpy (kJ/mol)	Entropy (J/mol*K)	Cv (J/mol*K)	Cp (J/mol*K)	Sound Spd. (m/s)	Joule-Thomson (F/psia)	Viscosity (uPa*s)	Therm. Cond. (W/m*K)	Phase
22.250	24.400	166.81	0.0059950	-0.033923	-0.029860	-1.3822	17.026	27.907	910.40	-0.0070366	undefined	undefined	liquid
22.250	24.404	166.81	0.0059950	-0.033923	-0.029860	-1.3822	17.026	27.907	910.41	-0.0070367	undefined	undefined	liquid
22.250	24.408	166.81	0.0059950	-0.033924	-0.029859	-1.3822	17.026	27.907	910.41	-0.0070367	undefined	undefined	liquid
22.250	24.413	166.81	0.0059950	-0.033924	-0.029859	-1.3822	17.026	27.907	910.41	-0.0070367	undefined	undefined	liquid
22.250	24.417	166.81	0.0059950	-0.033924	-0.029859	-1.3822	17.026	27.907	910.41	-0.0070367	undefined	undefined	liquid
22.250	24.421	166.81	0.0059950	-0.033924	-0.029858	-1.3822	17.026	27.907	910.41	-0.0070367	undefined	undefined	liquid
22.250	24.425	166.81	0.0059950	-0.033924	-0.029858	-1.3823	17.026	27.907	910.41	-0.0070367	undefined	undefined	liquid
22.250	24.429	166.81	0.0059950	-0.033925	-0.029857	-1.3823	17.026	27.907	910.41	-0.0070367	undefined	undefined	liquid
22.250	24.434	166.81	0.0059950	-0.033925	-0.029857	-1.3823	17.026	27.907	910.41	-0.0070368	undefined	undefined	liquid
22.250	24.438	166.81	0.0059950	-0.033925	-0.029856	-1.3823	17.026	27.907	910.41	-0.0070368	undefined	undefined	liquid
22.250	24.442	166.81	0.0059950	-0.033925	-0.029856	-1.3823	17.026	27.907	910.41	-0.0070368	undefined	undefined	liquid
22.250	24.446	166.81	0.0059950	-0.033926	-0.029855	-1.3823	17.026	27.907	910.41	-0.0070368	undefined	undefined	liquid
22.250	24.450	166.81	0.0059950	-0.033926	-0.029855	-1.3823	17.026	27.907	910.41	-0.0070368	undefined	undefined	liquid
22.250	24.455	166.81	0.0059950	-0.033926	-0.029854	-1.3823	17.026	27.907	910.41	-0.0070368	undefined	undefined	liquid
22.250	24.459	166.81	0.0059950	-0.033926	-0.029854	-1.3823	17.026	27.907	910.41	-0.0070368	undefined	undefined	liquid
22.250	24.463	166.81	0.0059950	-0.033927	-0.029854	-1.3824	17.026	27.907	910.41	-0.0070368	undefined	undefined	liquid
22.250	24.467	166.81	0.0059950	-0.033927	-0.029853	-1.3824	17.026	27.907	910.41	-0.0070369	undefined	undefined	liquid
22.250	24.471	166.81	0.0059950	-0.033927	-0.029853	-1.3824	17.026	27.907	910.41	-0.0070369	undefined	undefined	liquid
22.250	24.476	166.81	0.0059950	-0.033927	-0.029852	-1.3824	17.026	27.907	910.41	-0.0070369	undefined	undefined	liquid
22.250	24.480	166.81	0.0059950	-0.033928	-0.029852	-1.3824	17.026	27.907	910.41	-0.0070369	undefined	undefined	liquid
22.250	24.484	166.81	0.0059950	-0.033928	-0.029851	-1.3824	17.026	27.907	910.42	-0.0070369	undefined	undefined	liquid
22.250	24.488	166.81	0.0059949	-0.033928	-0.029851	-1.3824	17.026	27.907	910.42	-0.0070369	undefined	undefined	liquid
22.250	24.492	166.81	0.0059949	-0.033928	-0.029850	-1.3824	17.026	27.907	910.42	-0.0070369	undefined	undefined	liquid
22.250	24.497	166.81	0.0059949	-0.033929	-0.029850	-1.3824	17.026	27.907	910.42	-0.0070370	undefined	undefined	liquid
22.250	24.501	166.81	0.0059949	-0.033929	-0.029849	-1.3824	17.026	27.907	910.42	-0.0070370	undefined	undefined	liquid
22.250	24.505	166.81	0.0059949	-0.033929	-0.029849	-1.3825	17.026	27.907	910.42	-0.0070370	undefined	undefined	liquid
22.250	24.509	166.81	0.0059949	-0.033929	-0.029848	-1.3825	17.026	27.907	910.42	-0.0070370	undefined	undefined	liquid
22.250	24.513	166.81	0.0059949	-0.033930	-0.029848	-1.3825	17.026	27.907	910.42	-0.0070370	undefined	undefined	liquid
22.250	24.518	166.81	0.0059949	-0.033930	-0.029848	-1.3825	17.026	27.907	910.42	-0.0070370	undefined	undefined	liquid
22.250	24.522	166.81	0.0059949	-0.033930	-0.029847	-1.3825	17.026	27.907	910.42	-0.0070370	undefined	undefined	liquid
22.250	24.526	166.81	0.0059949	-0.033930	-0.029847	-1.3825	17.026	27.907	910.42	-0.0070370	undefined	undefined	liquid
22.250	24.530	166.81	0.0059949	-0.033930	-0.029846	-1.3825	17.026	27.907	910.42	-0.0070371	undefined	undefined	liquid
22.250	24.534	166.81	0.0059949	-0.033931	-0.029846	-1.3825	17.026	27.907	910.42	-0.0070371	undefined	undefined	liquid
22.250	24.539	166.81	0.0059949	-0.033931	-0.029845	-1.3825	17.026	27.907	910.42	-0.0070371	undefined	undefined	liquid
22.250	24.543	166.81	0.0059949	-0.033931	-0.029845	-1.3826	17.026	27.907	910.42	-0.0070371	undefined	undefined	liquid
22.250	24.547	166.81	0.0059949	-0.033931	-0.029844	-1.3826	17.026	27.906	910.42	-0.0070371	undefined	undefined	liquid
22.250	24.551	166.81	0.0059949	-0.033932	-0.029844	-1.3826	17.026	27.906	910.42	-0.0070371	undefined	undefined	liquid
22.250	24.555	166.81	0.0059949	-0.033932	-0.029843	-1.3826	17.026	27.906	910.42	-0.0070371	undefined	undefined	liquid
22.250	24.560	166.81	0.0059949	-0.033932	-0.029843	-1.3826	17.026	27.906	910.42	-0.0070371	undefined	undefined	liquid
22.250	24.564	166.81	0.0059949	-0.033932	-0.029843	-1.3826	17.026	27.906	910.43	-0.0070372	undefined	undefined	liquid
22.250	24.568	166.81	0.0059949	-0.033933	-0.029842	-1.3826	17.026	27.906	910.43	-0.0070372	undefined	undefined	liquid
22.250	24.572	166.81	0.0059949	-0.033933	-0.029842	-1.3826	17.026	27.906	910.43	-0.0070372	undefined	undefined	liquid
22.250	24.576	166.81	0.0059949	-0.033933	-0.029841	-1.3826	17.026	27.906	910.43	-0.0070372	undefined	undefined	liquid
22.250	24.581	166.81	0.0059949	-0.033933	-0.029841	-1.3827	17.026	27.906	910.43	-0.0070372	undefined	undefined	liquid
22.250	24.585	166.81	0.0059949	-0.033934	-0.029840	-1.3827	17.026	27.906	910.43	-0.0070372	undefined	undefined	liquid
22.250	24.589	166.81	0.0059949	-0.033934	-0.029840	-1.3827	17.026	27.906	910.43	-0.0070372	undefined	undefined	liquid
22.250	24.593	166.81	0.0059949	-0.033934	-0.029839	-1.3827	17.026	27.906	910.43	-0.0070373	undefined	undefined	liquid
22.250	24.597	166.81	0.0059949	-0.033934	-0.029839	-1.3827	17.026	27.906	910.43	-0.0070373	undefined	undefined	liquid
22.250	24.602	166.81	0.0059949	-0.033935	-0.029838	-1.3827	17.026	27.906	910.43	-0.0070373	undefined	undefined	liquid
22.250	24.606	166.81	0.0059949	-0.033935	-0.029838	-1.3827	17.026	27.906	910.43	-0.0070373	undefined	undefined	liquid
22.250	24.610	166.81	0.0059949	-0.033935	-0.029837	-1.3827	17.026	27.906	910.43	-0.0070373	undefined	undefined	liquid
22.250	24.614	166.81	0.0059949	-0.033935	-0.029837	-1.3827	17.026	27.906	910.43	-0.0070373	undefined	undefined	liquid
22.250	24.618	166.81	0.0059949	-0.033936	-0.029837	-1.3828	17.026	27.906	910.43	-0.0070373	undefined	undefined	liquid
22.250	24.623	166.81	0.0059949	-0.033936	-0.029836	-1.3828	17.026	27.906	910.43	-0.0070373	undefined	undefined	liquid
22.250	24.627	166.81	0.0059949	-0.033936	-0.029836	-1.3828	17.026	27.906	910.43	-0.0070374	undefined	undefined	liquid
22.250	24.631	166.81	0.0059949	-0.033936	-0.029835	-1.3828	17.026	27.906	910.43	-0.0070374	undefined	undefined	liquid
22.250	24.635	166.81	0.0059949	-0.033936	-0.029835	-1.3828	17.026	27.906	910.43	-0.0070374	undefined	undefined	liquid
22.250	24.639	166.81	0.0059949	-0.033937	-0.029834	-1.3828	17.026	27.906	910.43	-0.0070374	undefined	undefined	liquid
22.250	24.644	166.81	0.0059949	-0.033937	-0.029834	-1.3828	17.026	27.906	910.44	-0.0070374	undefined	undefined	liquid
22.250	24.648	166.81	0.0059949	-0.033937	-0.029833	-1.3828	17.026	27.906	910.44	-0.0070374	undefined	undefined	liquid
22.250	24.652	166.81	0.0059949	-0.033937	-0.029833	-1.3828	17.026	27.906	910.44	-0.0070374	undefined	undefined	liquid
22.250	24.656	166.81	0.0059949	-0.033938	-0.029832	-1.3828	17.026	27.906	910.44	-0.0070375	undefined	undefined	liquid
22.250	24.660	166.81	0.0059949	-0.033938	-0.029832	-1.3829	17.026	27.906	910.44	-0.0070375	undefined	undefined	liquid
22.250	24.665	166.81	0.0059949	-0.033938	-0.029832	-1.3829	17.026	27.906	910.44	-0.0070375	undefined	undefined	liquid
22.250	24.669	166.81	0.0059949	-0.033938	-0.029831	-1.3829	17.026	27.906	910.44	-0.0070375	undefined	undefined	liquid
22.250	24.673	166.81	0.0059949	-0.033939	-0.029831	-1.3829	17.026	27.906	910.44	-0.0070375	undefined	undefined	liquid
22.250	24.677	166.81	0.0059949	-0.033939	-0.029830	-1.3829	17.026	27.906	910.44	-0.0070375	undefined	undefined	liquid
22.250	24.681	166.81	0.0059949	-0.033939	-0.029830	-1.3829	17.026	27.906	910.44	-0.0070375	undefined	undefined	liquid
22.250	24.686	166.81	0.0059949	-0.033939	-0.029829	-1.3829	17.026	27.906	910.44	-0.0070375	undefined	undefined	liquid
22.250	24.690	166.81	0.0059948	-0.033940	-0.029829	-1.3829	17.026	27.906	910.44	-0.0070376	undefined	undefined	liquid
22.250	24.694	166.81	0.0059948	-0.033940	-0.029828	-1.3829	17.026	27.906	910.44	-0.0070376	undefined	undefined	liquid
22.250	24.698	166.81	0.0059948	-0.033940	-0.029828	-1.3830	17.026	27.906	910.44	-0.0070376	undefined	undefined	liquid
22.250	24.702	166.81	0.0059948	-0.033940	-0.029827	-1.3830	17.026	27.906	910.44	-0.0070376	undefined	undefined	liquid
22.250	24.707	166.81	0.0059948	-0.033941	-0.029827	-1.3830	17.026	27.906	910.44	-0.0070376	undefined	undefined	liquid
22.250	24.711	166.81	0.0059948	-0.033941	-0.029826	-1.3830	17.026	27.906	910.44	-0.0070376	undefined	undefined	liquid
22.250	24.715	166.81	0.0059948	-0.033941	-0.029826	-1.3830	17.026	27.906	910.44	-0.0070376	undefined	undefined	liquid
22.250	24.719	166.81	0.0059948	-0.033941	-0.029826	-1.3830	17.026	27.906	910.44	-0.0070376	undefined	undefined	liquid
22.250	24.723	166.81	0.0059948	-0.033941	-0.029825	-1.3830	17.026	27.905	910.44	-0.0070377	undefined	undefined	liquid
22.250	24.728	166.81	0.0059948	-0.033942	-0.029825	-1.3830	17.026	27.905	910.45	-0.0070377	undefined	undefined	liquid
22.250	24.732	166.81	0.0059948	-0.033942	-0.029824	-1.3830	17.026	27.905	910.45	-0.0070377	undefined	undefined	liquid
22.250	24.736	166.81	0.0059948	-0.033942	-0.029824	-1.3831	17.026	27.905	910.45	-0.0070377	undefined	undefined	liquid
22.250	24.740	166.81	0.0059948	-0.033942	-0.029823	-1.3831	17.026	27.905	910.45	-0.0070377	undefined	undefined	liquid
22.250	24.744	166.81	0.0059948	-0.033943	-0.029823	-1.3831	17.026	27.905	910.45	-0.0070377	undefined	undefined	liquid
22.250	24.749	166.81	0.0059948	-0.033943	-0.029822	-1.3831	17.026	27.905	910.45	-0.0070377	undefined	undefined	liquid
22.250	24.753	166.81	0.0059948	-0.033943	-0.029822	-1.3831	17.026	27.905	910.45	-0.0070378	undefined	undefined	liquid
22.250	24.757	166.81	0.0059948	-0.033943	-0.029821	-1.3831	17.026	27.905	910.45	-0.0070378	undefined	undefined	liquid
22.250	24.761	166.81	0.0059948	-0.033944	-0.029821	-1.3831	17.026	27.905	910.45	-0.0070378	undefined	undefined	liquid
22.250	24.765	166.81	0.0059948	-0.033944	-0.029821	-1.3831	17.026	27.905	910.45	-0.0070378	undefined	undefined	liquid
22.250	24.770	166.81	0.0059948	-0.033944	-0.029820	-1.3831	17.026	27.905	910.45	-0.0070378	undefined	undefined	liquid
22.250	24.774	166.81	0.0059948	-0.033944	-0.029820	-1.3832	17.026	27.905	910.45	-0.0070378	undefined	undefined	liquid
22.250	24.778	166.81	0.0059948	-0.033945	-0.029819	-1.3832	17.026	27.905	910.45	-0.0070378	undefined	undefined	liquid
22.250	24.782	166.81	0.0059948	-0.033945	-0.029819	-1.3832	17.026	27.905	910.45	-0.0070378	undefined	undefined	liquid
22.250	24.786	166.81	0.0059948	-0.033945	-0.029818	-1.3832	17.026	27.905	910.45	-0.0070379	undefined	undefined	liquid
22.250	24.791	166.81	0.0059948	-0.033945	-0.029818	-1.3832	17.026	27.905	910.45	-0.0070379	undefined	undefined	liquid
22.250	24.795	166.81	0.0059948	-0.033946	-0.029817	-1.3832	17.026	27.905	910.45	-0.0070379	undefined	undefined	liquid
22.250	24.799	166.81	0.0059948	-0.033946	-0.029817	-1.3832	17.026	27.905	910.45	-0.0070379	undefined	undefined	liquid
22.250	24.803	166.81	0.0059948	-0.033946	-0.029816	-1.3832	17.026	27.905	910.45	-0.0070379	undefined	undefined	liquid
22.250	24.807	166.81	0.0059948	-0.033946	-0.029816	-1.3832	17.026	27.905	910.46	-0.0070379	undefined	undefined	liquid
22.250	24.812	166.81	0.0059948	-0.033947	-0.029815	-1.3833	17.026	27.905	910.46	-0.0070379	undefined	undefined	liquid
22.250	24.816	166.81	0.0059948	-0.033947	-0.029815	-1.3833	17.026	27.905	910.46	-0.0070380	undefined	undefined	liquid
22.250	24.820	166.81	0.0059948	-0.033947	-0.029815	-1.3833	17.026	27.905	910.46	-0.0070380	undefined	undefined	liquid
22.250	24.824	166.81	0.0059948	-0.033947	-0.029814	-1.3833	17.026	27.905	910.46	-0.0070380	undefined	undefined	liquid
22.250	24.828	166.81	0.0059948	-0.033947	-0.029814	-1.3833	17.026	27.905	910.46	-0.0070380	undefined	undefined	liquid
22.250	24.833	166.81	0.0059948	-0.033948	-0.029813	-1.3833	17.026	27.905	910.46	-0.0070380	undefined	undefined	liquid
22.250	24.837	166.81	0.0059948	-0.033948	-0.029813	-1.3833	17.026	27.905	910.46	-0.0070380	undefined	undefined	liquid
22.250	24.841	166.81	0.0059948	-0.033948	-0.029812	-1.3833	17.026	27.905	910.46	-0.0070380	undefined	undefined	liquid
22.250	24.845	166.81	0.0059948	-0.033948	-0.029812	-1.3833	17.026	27.905	910.46	-0.0070380	undefined	undefined	liquid
22.250	24.849	166.81	0.0059948	-0.033949	-0.029811	-1.3833	17.026	27.905	910.46	-0.0070381	undefined	undefined	liquid
22.250	24.854	166.81	0.0059948	-0.033949	-0.029811	-1.3834	17.026	27.905	910.46	-0.0070381	undefined	undefined	liquid
22.250	24.858	166.81	0.0059948	-0.033949	-0.029810	-1.3834	17.026	27.905	910.46	-0.0070381	undefined	undefined	liquid
22.250	24.862	166.81	0.0059948	-0.033949	-0.029810	-1.3834	17.026	27.905	910.46	-0.0070381	undefined	undefined	liquid
22.250	24.866	166.81	0.0059948	-0.033950	-0.029810	-1.3834	17.026	27.905	910.46	-0.0070381	undefined	undefined	liquid
22.250	24.870	166.81	0.0059948	-0.033950	-0.029809	-1.3834	17.026	27.905	910.46	-0.0070381	undefined	undefined	liquid
22.250	24.875	166.81	0.0059948	-0.033950	-0.029809	-1.3834	17.026	27.905	910.46	-0.0070381	undefined	undefined	liquid
22.250	24.879	166.81	0.0059948	-0.033950	-0.029808	-1.3834	17.026	27.905	910.46	-0.0070381	undefined	undefined	liquid
22.250	24.883	166.81	0.0059948	-0.033951	-0.029808	-1.3834	17.026	27.905	910.46	-0.0070382	undefined	undefined	liquid
22.250	24.887	166.81	0.0059948	-0.033951	-0.029807	-1.3834	17.026	27.905	910.47	-0.0070382	undefined	undefined	liquid
22.250	24.891	166.81	0.0059948	-0.033951	-0.029807	-1.3835	17.026	27.905	910.47	-0.0070382	undefined	undefined	liquid
22.250	24.896	166.81	0.0059947	-0.033951	-0.029806	-1.3835	17.026	27.905	910.47	-0.0070382	undefined	undefined	liquid
22.250	24.900	166.81	0.0059947	-0.033952	-0.029806	-1.3835	17.026	27.905	910.47	-0.0070382	undefined	undefined	liquid
22.250	24.904	166.81	0.0059947	-0.033952	-0.029805	-1.3835	17.026	27.904	910.47	-0.0070382	undefined	undefined	liquid
22.250	24.908	166.81	0.0059947	-0.033952	-0.029805	-1.3835	17.026	27.904	910.47	-0.0070382	undefined	undefined	liquid
22.250	24.912	166.81	0.0059947	-0.033952	-0.029804	-1.3835	17.026	27.904	910.47	-0.0070383	undefined	undefined	liquid
22.250	24.917	166.81	0.0059947	-0.033953	-0.029804	-1.3835	17.026	27.904	910.47	-0.0070383	undefined	undefined	liquid
22.250	24.921	166.81	0.0059947	-0.033953	-0.029804	-1.3835	17.026	27.904	910.47	-0.0070383	undefined	undefined	liquid
22.250	24.925	166.81	0.0059947	-0.033953	-0.029803	-1.3835	17.026	27.904	910.47	-0.0070383	undefined	undefined	liquid
22.250	24.929	166.81	0.0059947	-0.033953	-0.029803	-1.3836	17.026	27.904	910.47	-0.0070383	undefined	undefined	liquid
22.250	24.933	166.81	0.0059947	-0.033953	-0.029802	-1.3836	17.026	27.904	910.47	-0.0070383	undefined	undefined	liquid
22.250	24.938	166.81	0.0059947	-0.033954	-0.029802	-1.3836	17.026	27.904	910.47	-0.0070383	undefined	undefined	liquid
22.250	24.942	166.81	0.0059947	-0.033954	-0.029801	-1.3836	17.026	27.904	910.47	-0.0070383	undefined	undefined	liquid
22.250	24.946	166.81	0.0059947	-0.033954	-0.029801	-1.3836	17.027	27.904	910.47	-0.0070384	undefined	undefined	liquid
22.250	24.950	166.81	0.0059947	-0.033954	-0.029800	-1.3836	17.027	27.904	910.47	-0.0070384	undefined	undefined	liquid
22.250	24.954	166.81	0.0059947	-0.033955	-0.029800	-1.3836	17.027	27.904	910.47	-0.0070384	undefined	undefined	liquid
22.250	24.959	166.81	0.0059947	-0.033955	-0.029799	-1.3836	17.027	27.904	910.47	-0.0070384	undefined	undefined	liquid
22.250	24.963	166.81	0.0059947	-0.033955	-0.029799	-1.3836	17.027	27.904	910.47	-0.0070384	undefined	undefined	liquid
22.250	24.967	166.81	0.0059947	-0.033955	-0.029799	-1.3837	17.027	27.904	910.48	-0.0070384	undefined	undefined	liquid
22.250	24.971	166.81	0.0059947	-0.033956	-0.029798	-1.3837	17.027	27.904	910.48	-0.0070384	undefined	undefined	liquid
22.250	24.975	166.81	0.0059947	-0.033956	-0.029798	-1.3837	17.027	27.904	910.48	-0.0070384	undefined	undefined	liquid
22.250	24.980	166.81	0.0059947	-0.033956	-0.029797	-1.3837	17.027	27.904	910.48	-0.0070385	undefined	undefined	liquid
22.250	24.984	166.81	0.0059947	-0.033956	-0.029797	-1.3837	17.027	27.904	910.48	-0.0070385	undefined	undefined	liquid
22.250	24.988	166.81	0.0059947	-0.033957	-0.029796	-1.3837	17.027	27.904	910.48	-0.0070385	undefined	undefined	liquid
22.250	24.992	166.81	0.0059947	-0.033957	-0.029796	-1.3837	17.027	27.904	910.48	-0.0070385	undefined	undefined	liquid
22.250	24.996	166.81	0.0059947	-0.033957	-0.029795	-1.3837	17.027	27.904	910.48	-0.0070385	undefined	undefined	liquid
22.250	25.001	166.81	0.0059947	-0.033957	-0.029795	-1.3837	17.027	27.904	910.48	-0.0070385	undefined	undefined	liquid
22.250	25.005	166.81	0.0059947	-0.033958	-0.029794	-1.3837	17.027	27.904	910.48	-0.0070385	undefined	undefined	liquid
22.250	25.009	166.81	0.0059947	-0.033958	-0.029794	-1.3838	17.027	27.904	910.48	-0.0070386	undefined	undefined	liquid
22.250	25.013	166.81	0.0059947	-0.033958	-0.029793	-1.3838	17.027	27.904	910.48	-0.0070386	undefined	undefined	liquid
22.250	25.017	166.81	0.0059947	-0.033958	-0.029793	-1.3838	17.027	27.904	910.48	-0.0070386	undefined	undefined	liquid
22.250	25.022	166.81	0.0059947	-0.033959	-0.029793	-1.3838	17.027	27.904	910.48	-0.0070386	undefined	undefined	liquid
22.250	25.026	166.81	0.0059947	-0.033959	-0.029792	-1.3838	17.027	27.904	910.48	-0.0070386	undefined	undefined	liquid
22.250	25.030	166.81	0.0059947	-0.033959	-0.029792	-1.3838	17.027	27.904	910.48	-0.0070386	undefined	undefined	liquid
22.250	25.034	166.81	0.0059947	-0.033959	-0.029791	-1.3838	17.027	27.904	910.48	-0.0070386	undefined	undefined	liquid
22.250	25.038	166.81	0.0059947	-0.033959	-0.029791	-1.3838	17.027	27.904	910.48	-0.0070386	undefined	undefined	liquid
22.250	25.043	166.81	0.0059947	-0.033960	-0.029790	-1.3838	17.027	27.904	910.48	-0.0070387	undefined	undefined	liquid
22.250	25.047	166.81	0.0059947	-0.033960	-0.029790	-1.3839	17.027	27.904	910.49	-0.0070387	undefined	undefined	liquid
22.250	25.051	166.81	0.0059947	-0.033960	-0.029789	-1.3839	17.027	27.904	910.49	-0.0070387	undefined	undefined	liquid
22.250	25.055	166.81	0.0059947	-0.033960	-0.029789	-1.3839	17.027	27.904	910.49	-0.0070387	undefined	undefined	liquid
22.250	25.059	166.81	0.0059947	-0.033961	-0.029788	-1.3839	17.027	27.904	910.49	-0.0070387	undefined	undefined	liquid
22.250	25.064	166.81	0.0059947	-0.033961	-0.029788	-1.3839	17.027	27.904	910.49	-0.0070387	undefined	undefined	liquid
22.250	25.068	166.82	0.0059947	-0.033961	-0.029788	-1.3839	17.027	27.904	910.49	-0.0070387	undefined	undefined	liquid
22.250	25.072	166.82	0.0059947	-0.033961	-0.029787	-1.3839	17.027	27.904	910.49	-0.0070388	undefined	undefined	liquid
22.250	25.076	166.82	0.0059947	-0.033962	-0.029787	-1.3839	17.027	27.904	910.49	-0.0070388	undefined	undefined	liquid
22.250	25.080	166.82	0.0059947	-0.033962	-0.029786	-1.3839	17.027	27.903	910.49	-0.0070388	undefined	undefined	liquid
22.250	25.085	166.82	0.0059947	-0.033962	-0.029786	-1.3840	17.027	27.903	910.49	-0.0070388	undefined	undefined	liquid
22.250	25.089	166.82	0.0059947	-0.033962	-0.029785	-1.3840	17.027	27.903	910.49	-0.0070388	undefined	undefined	liquid
22.250	25.093	166.82	0.0059947	-0.033963	-0.029785	-1.3840	17.027	27.903	910.49	-0.0070388	undefined	undefined	liquid
22.250	25.097	166.82	0.0059946	-0.033963	-0.029784	-1.3840	17.027	27.903	910.49	-0.0070388	undefined	undefined	liquid
22.250	25.101	166.82	0.0059946	-0.033963	-0.029784	-1.3840	17.027	27.903	910.49	-0.0070388	undefined	undefined	liquid
22.250	25.106	166.82	0.0059946	-0.033963	-0.029783	-1.3840	17.027	27.903	910.49	-0.0070389	undefined	undefined	liquid
22.250	25.110	166.82	0.0059946	-0.033964	-0.029783	-1.3840	17.027	27.903	910.49	-0.0070389	undefined	undefined	liquid
22.250	25.114	166.82	0.0059946	-0.033964	-0.029783	-1.3840	17.027	27.903	910.49	-0.0070389	undefined	undefined	liquid
22.250	25.118	166.82	0.0059946	-0.033964	-0.029782	-1.3840	17.027	27.903	910.49	-0.0070389	undefined	undefined	liquid
22.250	25.122	166.82	0.0059946	-0.033964	-0.029782	-1.3841	17.027	27.903	910.49	-0.0070389	undefined	undefined	liquid
22.250	25.127	166.82	0.0059946	-0.033964	-0.029781	-1.3841	17.027	27.903	910.50	-0.0070389	undefined	undefined	liquid
22.250	25.131	166.82	0.0059946	-0.033965	-0.029781	-1.3841	17.027	27.903	910.50	-0.0070389	undefined	undefined	liquid
22.250	25.135	166.82	0.0059946	-0.033965	-0.029780	-1.3841	17.027	27.903	910.50	-0.0070389	undefined	undefined	liquid
22.250	25.139	166.82	0.0059946	-0.033965	-0.029780	-1.3841	17.027	27.903	910.50	-0.0070390	undefined	undefined	liquid
22.250	25.143	166.82	0.0059946	-0.033965	-0.029779	-1.3841	17.027	27.903	910.50	-0.0070390	undefined	undefined	liquid
22.250	25.148	166.82	0.0059946	-0.033966	-0.029779	-1.3841	17.027	27.903	910.50	-0.0070390	undefined	undefined	liquid
22.250	25.152	166.82	0.0059946	-0.033966	-0.029778	-1.3841	17.027	27.903	910.50	-0.0070390	undefined	undefined	liquid
22.250	25.156	166.82	0.0059946	-0.033966	-0.029778	-1.3841	17.027	27.903	910.50	-0.0070390	undefined	undefined	liquid
22.250	25.160	166.82	0.0059946	-0.033966	-0.029777	-1.3841	17.027	27.903	910.50	-0.0070390	undefined	undefined	liquid
22.250	25.164	166.82	0.0059946	-0.033967	-0.029777	-1.3842	17.027	27.903	910.50	-0.0070390	undefined	undefined	liquid
22.250	25.169	166.82	0.0059946	-0.033967	-0.029777	-1.3842	17.027	27.903	910.50	-0.0070391	undefined	undefined	liquid
22.250	25.173	166.82	0.0059946	-0.033967	-0.029776	-1.3842	17.027	27.903	910.50	-0.0070391	undefined	undefined	liquid
22.250	25.177	166.82	0.0059946	-0.033967	-0.029776	-1.3842	17.027	27.903	910.50	-0.0070391	undefined	undefined	liquid
22.250	25.181	166.82	0.0059946	-0.033968	-0.029775	-1.3842	17.027	27.903	910.50	-0.0070391	undefined	undefined	liquid
22.250	25.185	166.82	0.0059946	-0.033968	-0.029775	-1.3842	17.027	27.903	910.50	-0.0070391	undefined	undefined	liquid
22.250	25.190	166.82	0.0059946	-0.033968	-0.029774	-1.3842	17.027	27.903	910.50	-0.0070391	undefined	undefined	liquid
22.250	25.194	166.82	0.0059946	-0.033968	-0.029774	-1.3842	17.027	27.903	910.50	-0.0070391	undefined	undefined	liquid
22.250	25.198	166.82	0.0059946	-0.033969	-0.029773	-1.3842	17.027	27.903	910.50	-0.0070391	undefined	undefined	liquid
22.250	25.202	166.82	0.0059946	-0.033969	-0.029773	-1.3843	17.027	27.903	910.50	-0.0070392	undefined	undefined	liquid
22.250	25.206	166.82	0.0059946	-0.033969	-0.029772	-1.3843	17.027	27.903	910.50	-0.0070392	undefined	undefined	liquid
22.250	25.211	166.82	0.0059946	-0.033969	-0.029772	-1.3843	17.027	27.903	910.51	-0.0070392	undefined	undefined	liquid
22.250	25.215	166.82	0.0059946	-0.033970	-0.029772	-1.3843	17.027	27.903	910.51	-0.0070392	undefined	undefined	liquid
22.250	25.219	166.82	0.0059946	-0.033970	-0.029771	-1.3843	17.027	27.903	910.51	-0.0070392	undefined	undefined	liquid
22.250	25.223	166.82	0.0059946	-0.033970	-0.029771	-1.3843	17.027	27.903	910.51	-0.0070392	undefined	undefined	liquid
22.250	25.227	166.82	0.0059946	-0.033970	-0.029770	-1.3843	17.027	27.903	910.51	-0.0070392	undefined	undefined	liquid
22.250	25.232	166.82	0.0059946	-0.033970	-0.029770	-1.3843	17.027	27.903	910.51	-0.0070393	undefined	undefined	liquid
22.250	25.236	166.82	0.0059946	-0.033971	-0.029769	-1.3843	17.027	27.903	910.51	-0.0070393	undefined	undefined	liquid
22.250	25.240	166.82	0.0059946	-0.033971	-0.029769	-1.3844	17.027	27.903	910.51	-0.0070393	undefined	undefined	liquid
22.250	25.244	166.82	0.0059946	-0.033971	-0.029768	-1.3844	17.027	27.903	910.51	-0.0070393	undefined	undefined	liquid
22.250	25.248	166.82	0.0059946	-0.033971	-0.029768	-1.3844	17.027	27.903	910.51	-0.0070393	undefined	undefined	liquid
22.250	25.253	166.82	0.0059946	-0.033972	-0.029767	-1.3844	17.027	27.903	910.51	-0.0070393	undefined	undefined	liquid
22.250	25.257	166.82	0.0059946	-0.033972	-0.029767	-1.3844	17.027	27.903	910.51	-0.0070393	undefined	undefined	liquid
22.250	25.261	166.82	0.0059946	-0.033972	-0.029766	-1.3844	17.027	27.902	910.51	-0.0070393	undefined	undefined	liquid
22.250	25.265	166.82	0.0059946	-0.033972	-0.029766	-1.3844	17.027	27.902	910.51	-0.0070394	undefined	undefined	liquid
22.250	25.269	166.82	0.0059946	-0.033973	-0.029766	-1.3844	17.027	27.902	910.51	-0.0070394	undefined	undefined	liquid
22.250	25.274	166.82	0.0059946	-0.033973	-0.029765	-1.3844	17.027	27.902	910.51	-0.0070394	undefined	undefined	liquid
22.250	25.278	166.82	0.0059946	-0.033973	-0.029765	-1.3845	17.027	27.902	910.51	-0.0070394	undefined	undefined	liquid
22.250	25.282	166.82	0.0059946	-0.033973	-0.029764	-1.3845	17.027	27.902	910.51	-0.0070394	undefined	undefined	liquid
22.250	25.286	166.82	0.0059946	-0.033974	-0.029764	-1.3845	17.027	27.902	910.51	-0.0070394	undefined	undefined	liquid
22.250	25.290	166.82	0.0059946	-0.033974	-0.029763	-1.3845	17.027	27.902	910.52	-0.0070394	undefined	undefined	liquid
22.250	25.295	166.82	0.0059946	-0.033974	-0.029763	-1.3845	17.027	27.902	910.52	-0.0070394	undefined	undefined	liquid
22.250	25.299	166.82	0.0059946	-0.033974	-0.029762	-1.3845	17.027	27.902	910.52	-0.0070395	undefined	undefined	liquid
22.250	25.303	166.82	0.0059945	-0.033975	-0.029762	-1.3845	17.027	27.902	910.52	-0.0070395	undefined	undefined	liquid
22.250	25.307	166.82	0.0059945	-0.033975	-0.029761	-1.3845	17.027	27.902	910.52	-0.0070395	undefined	undefined	liquid
22.250	25.311	166.82	0.0059945	-0.033975	-0.029761	-1.3845	17.027	27.902	910.52	-0.0070395	undefined	undefined	liquid
22.250	25.316	166.82	0.0059945	-0.033975	-0.029761	-1.3846	17.027	27.902	910.52	-0.0070395	undefined	undefined	liquid
22.250	25.320	166.82	0.0059945	-0.033976	-0.029760	-1.3846	17.027	27.902	910.52	-0.0070395	undefined	undefined	liquid
22.250	25.324	166.82	0.0059945	-0.033976	-0.029760	-1.3846	17.027	27.902	910.52	-0.0070395	undefined	undefined	liquid
22.250	25.328	166.82	0.0059945	-0.033976	-0.029759	-1.3846	17.027	27.902	910.52	-0.0070396	undefined	undefined	liquid
22.250	25.332	166.82	0.0059945	-0.033976	-0.029759	-1.3846	17.027	27.902	910.52	-0.0070396	undefined	undefined	liquid
22.250	25.337	166.82	0.0059945	-0.033976	-0.029758	-1.3846	17.027	27.902	910.52	-0.0070396	undefined	undefined	liquid
22.250	25.341	166.82	0.0059945	-0.033977	-0.029758	-1.3846	17.027	27.902	910.52	-0.0070396	undefined	undefined	liquid
22.250	25.345	166.82	0.0059945	-0.033977	-0.029757	-1.3846	17.027	27.902	910.52	-0.0070396	undefined	undefined	liquid
22.250	25.349	166.82	0.0059945	-0.033977	-0.029757	-1.3846	17.027	27.902	910.52	-0.0070396	undefined	undefined	liquid
22.250	25.353	166.82	0.0059945	-0.033977	-0.029756	-1.3846	17.027	27.902	910.52	-0.0070396	undefined	undefined	liquid
22.250	25.358	166.82	0.0059945	-0.033978	-0.029756	-1.3847	17.027	27.902	910.52	-0.0070396	undefined	undefined	liquid
22.250	25.362	166.82	0.0059945	-0.033978	-0.029755	-1.3847	17.027	27.902	910.52	-0.0070397	undefined	undefined	liquid
22.250	25.366	166.82	0.0059945	-0.033978	-0.029755	-1.3847	17.027	27.902	910.52	-0.0070397	undefined	undefined	liquid
22.250	25.370	166.82	0.0059945	-0.033978	-0.029755	-1.3847	17.027	27.902	910.53	-0.0070397	undefined	undefined	liquid
22.250	25.374	166.82	0.0059945	-0.033979	-0.029754	-1.3847	17.027	27.902	910.53	-0.0070397	undefined	undefined	liquid
22.250	25.379	166.82	0.0059945	-0.033979	-0.029754	-1.3847	17.027	27.902	910.53	-0.0070397	undefined	undefined	liquid
22.250	25.383	166.82	0.0059945	-0.033979	-0.029753	-1.3847	17.027	27.902	910.53	-0.0070397	undefined	undefined	liquid
22.250	25.387	166.82	0.0059945	-0.033979	-0.029753	-1.3847	17.027	27.902	910.53	-0.0070397	undefined	undefined	liquid
22.250	25.391	166.82	0.0059945	-0.033980	-0.029752	-1.3847	17.027	27.902	910.53	-0.0070398	undefined	undefined	liquid
22.250	25.395	166.82	0.0059945	-0.033980	-0.029752	-1.3848	17.027	27.902	910.53	-0.0070398	undefined	undefined	liquid
22.250	25.400	166.82	0.0059945	-0.033980	-0.029751	-1.3848	17.027	27.902	910.53	-0.0070398	undefined	undefined	liquid
22.250	25.404	166.82	0.0059945	-0.033980	-0.029751	-1.3848	17.027	27.902	910.53	-0.0070398	undefined	undefined	liquid
22.250	25.408	166.82	0.0059945	-0.033981	-0.029750	-1.3848	17.027	27.902	910.53	-0.0070398	undefined	undefined	liquid
22.250	25.412	166.82	0.0059945	-0.033981	-0.029750	-1.3848	17.027	27.902	910.53	-0.0070398	undefined	undefined	liquid
22.250	25.416	166.82	0.0059945	-0.033981	-0.029750	-1.3848	17.027	27.902	910.53	-0.0070398	undefined	undefined	liquid
22.250	25.421	166.82	0.0059945	-0.033981	-0.029749	-1.3848	17.027	27.902	910.53	-0.0070398	undefined	undefined	liquid
22.250	25.425	166.82	0.0059945	-0.033982	-0.029749	-1.3848	17.027	27.902	910.53	-0.0070399	undefined	undefined	liquid
22.250	25.429	166.82	0.0059945	-0.033982	-0.029748	-1.3848	17.027	27.902	910.53	-0.0070399	undefined	undefined	liquid
22.250	25.433	166.82	0.0059945	-0.033982	-0.029748	-1.3849	17.027	27.902	910.53	-0.0070399	undefined	undefined	liquid
22.250	25.437	166.82	0.0059945	-0.033982	-0.029747	-1.3849	17.027	27.901	910.53	-0.0070399	undefined	undefined	liquid
22.250	25.442	166.82	0.0059945	-0.033982	-0.029747	-1.3849	17.027	27.901	910.53	-0.0070399	undefined	undefined	liquid
22.250	25.446	166.82	0.0059945	-0.033983	-0.029746	-1.3849	17.027	27.901	910.53	-0.0070399	undefined	undefined	liquid
22.250	25.450	166.82	0.0059945	-0.033983	-0.029746	-1.3849	17.027	27.901	910.54	-0.0070399	undefined	undefined	liquid
22.250	25.454	166.82	0.0059945	-0.033983	-0.029745	-1.3849	17.027	27.901	910.54	-0.0070399	undefined	undefined	liquid
22.250	25.458	166.82	0.0059945	-0.033983	-0.029745	-1.3849	17.027	27.901	910.54	-0.0070400	undefined	undefined	liquid
22.250	25.463	166.82	0.0059945	-0.033984	-0.029744	-1.3849	17.027	27.901	910.54	-0.0070400	undefined	undefined	liquid
22.250	25.467	166.82	0.0059945	-0.033984	-0.029744	-1.3849	17.027	27.901	910.54	-0.0070400	undefined	undefined	liquid
22.250	25.471	166.82	0.0059945	-0.033984	-0.029744	-1.3850	17.027	27.901	910.54	-0.0070400	undefined	undefined	liquid
22.250	25.475	166.82	0.0059945	-0.033984	-0.029743	-1.3850	17.027	27.901	910.54	-0.0070400	undefined	undefined	liquid
22.250	25.479	166.82	0.0059945	-0.033985	-0.029743	-1.3850	17.027	27.901	910.54	-0.0070400	undefined	undefined	liquid
22.250	25.484	166.82	0.0059945	-0.033985	-0.029742	-1.3850	17.027	27.901	910.54	-0.0070400	undefined	undefined	liquid
22.250	25.488	166.82	0.0059945	-0.033985	-0.029742	-1.3850	17.027	27.901	910.54	-0.0070401	undefined	undefined	liquid
22.250	25.492	166.82	0.0059945	-0.033985	-0.029741	-1.3850	17.027	27.901	910.54	-0.0070401	undefined	undefined	liquid
22.250	25.496	166.82	0.0059945	-0.033986	-0.029741	-1.3850	17.027	27.901	910.54	-0.0070401	undefined	undefined	liquid
22.250	25.500	166.82	0.0059945	-0.033986	-0.029740	-1.3850	17.027	27.901	910.54	-0.0070401	undefined	undefined	liquid
22.250	25.505	166.82	0.0059945	-0.033986	-0.029740	-1.3850	17.027	27.901	910.54	-0.0070401	undefined	undefined	liquid
22.250	25.509	166.82	0.0059944	-0.033986	-0.029739	-1.3850	17.027	27.901	910.54	-0.0070401	undefined	undefined	liquid
22.250	25.513	166.82	0.0059944	-0.033987	-0.029739	-1.3851	17.027	27.901	910.54	-0.0070401	undefined	undefined	liquid
22.250	25.517	166.82	0.0059944	-0.033987	-0.029739	-1.3851	17.027	27.901	910.54	-0.0070401	undefined	undefined	liquid
22.250	25.521	166.82	0.0059944	-0.033987	-0.029738	-1.3851	17.027	27.901	910.54	-0.0070402	undefined	undefined	liquid
22.250	25.526	166.82	0.0059944	-0.033987	-0.029738	-1.3851	17.027	27.901	910.54	-0.0070402	undefined	undefined	liquid
22.250	25.530	166.82	0.0059944	-0.033987	-0.029737	-1.3851	17.027	27.901	910.55	-0.0070402	undefined	undefined	liquid
22.250	25.534	166.82	0.0059944	-0.033988	-0.029737	-1.3851	17.027	27.901	910.55	-0.0070402	undefined	undefined	liquid
22.250	25.538	166.82	0.0059944	-0.033988	-0.029736	-1.3851	17.027	27.901	910.55	-0.0070402	undefined	undefined	liquid
22.250	25.542	166.82	0.0059944	-0.033988	-0.029736	-1.3851	17.027	27.901	910.55	-0.0070402	undefined	undefined	liquid
22.250	25.547	166.82	0.0059944	-0.033988	-0.029735	-1.3851	17.028	27.901	910.55	-0.0070402	undefined	undefined	liquid
22.250	25.551	166.82	0.0059944	-0.033989	-0.029735	-1.3852	17.028	27.901	910.55	-0.0070403	undefined	undefined	liquid
22.250	25.555	166.82	0.0059944	-0.033989	-0.029734	-1.3852	17.028	27.901	910.55	-0.0070403	undefined	undefined	liquid
22.250	25.559	166.82	0.0059944	-0.033989	-0.029734	-1.3852	17.028	27.901	910.55	-0.0070403	undefined	undefined	liquid
22.250	25.563	166.82	0.0059944	-0.033989	-0.029733	-1.3852	17.028	27.901	910.55	-0.0070403	undefined	undefined	liquid
22.250	25.568	166.82	0.0059944	-0.033990	-0.029733	-1.3852	17.028	27.901	910.55	-0.0070403	undefined	undefined	liquid
22.250	25.572	166.82	0.0059944	-0.033990	-0.029733	-1.3852	17.028	27.901	910.55	-0.0070403	undefined	undefined	liquid
22.250	25.576	166.82	0.0059944	-0.033990	-0.029732	-1.3852	17.028	27.901	910.55	-0.0070403	undefined	undefined	liquid
22.250	25.580	166.82	0.0059944	-0.033990	-0.029732	-1.3852	17.028	27.901	910.55	-0.0070403	undefined	undefined	liquid
22.250	25.584	166.82	0.0059944	-0.033991	-0.029731	-1.3852	17.028	27.901	910.55	-0.0070404	undefined	undefined	liquid
22.250	25.589	166.82	0.0059944	-0.033991	-0.029731	-1.3853	17.028	27.901	910.55	-0.0070404	undefined	undefined	liquid
22.250	25.593	166.82	0.0059944	-0.033991	-0.029730	-1.3853	17.028	27.901	910.55	-0.0070404	undefined	undefined	liquid
22.250	25.597	166.82	0.0059944	-0.033991	-0.029730	-1.3853	17.028	27.901	910.55	-0.0070404	undefined	undefined	liquid
22.250	25.601	166.82	0.0059944	-0.033992	-0.029729	-1.3853	17.028	27.901	910.55	-0.0070404	undefined	undefined	liquid
22.250	25.605	166.82	0.0059944	-0.033992	-0.029729	-1.3853	17.028	27.901	910.55	-0.0070404	undefined	undefined	liquid
22.250	25.610	166.82	0.0059944	-0.033992	-0.029728	-1.3853	17.028	27.901	910.56	-0.0070404	undefined	undefined	liquid
22.250	25.614	166.82	0.0059944	-0.033992	-0.029728	-1.3853	17.028	27.901	910.56	-0.0070404	undefined	undefined	liquid
22.250	25.618	166.82	0.0059944	-0.033993	-0.029728	-1.3853	17.028	27.900	910.56	-0.0070405	undefined	undefined	liquid
22.250	25.622	166.82	0.0059944	-0.033993	-0.029727	-1.3853	17.028	27.900	910.56	-0.0070405	undefined	undefined	liquid
22.250	25.626	166.82	0.0059944	-0.033993	-0.029727	-1.3854	17.028	27.900	910.56	-0.0070405	undefined	undefined	liquid
22.250	25.631	166.82	0.0059944	-0.033993	-0.029726	-1.3854	17.028	27.900	910.56	-0.0070405	undefined	undefined	liquid
22.250	25.635	166.82	0.0059944	-0.033993	-0.029726	-1.3854	17.028	27.900	910.56	-0.0070405	undefined	undefined	liquid
22.250	25.639	166.82	0.0059944	-0.033994	-0.029725	-1.3854	17.028	27.900	910.56	-0.0070405	undefined	undefined	liquid
22.250	25.643	166.82	0.0059944	-0.033994	-0.029725	-1.3854	17.028	27.900	910.56	-0.0070405	undefined	undefined	liquid
22.250	25.647	166.82	0.0059944	-0.033994	-0.029724	-1.3854	17.028	27.900	910.56	-0.0070406	undefined	undefined	liquid
22.250	25.652	166.82	0.0059944	-0.033994	-0.029724	-1.3854	17.028	27.900	910.56	-0.0070406	undefined	undefined	liquid
22.250	25.656	166.82	0.0059944	-0.033995	-0.029723	-1.3854	17.028	27.900	910.56	-0.0070406	undefined	undefined	liquid
22.250	25.660	166.82	0.0059944	-0.033995	-0.029723	-1.3854	17.028	27.900	910.56	-0.0070406	undefined	undefined	liquid
22.250	25.664	166.82	0.0059944	-0.033995	-0.029722	-1.3854	17.028	27.900	910.56	-0.0070406	undefined	undefined	liquid
22.250	25.668	166.82	0.0059944	-0.033995	-0.029722	-1.3855	17.028	27.900	910.56	-0.0070406	undefined	undefined	liquid
22.250	25.673	166.82	0.0059944	-0.033996	-0.029722	-1.3855	17.028	27.900	910.56	-0.0070406	undefined	undefined	liquid
22.250	25.677	166.82	0.0059944	-0.033996	-0.029721	-1.3855	17.028	27.900	910.56	-0.0070406	undefined	undefined	liquid
22.250	25.681	166.82	0.0059944	-0.033996	-0.029721	-1.3855	17.028	27.900	910.56	-0.0070407	undefined	undefined	liquid
22.250	25.685	166.82	0.0059944	-0.033996	-0.029720	-1.3855	17.028	27.900	910.56	-0.0070407	undefined	undefined	liquid
22.250	25.689	166.82	0.0059944	-0.033997	-0.029720	-1.3855	17.028	27.900	910.57	-0.0070407	undefined	undefined	liquid
22.250	25.694	166.82	0.0059944	-0.033997	-0.029719	-1.3855	17.028	27.900	910.57	-0.0070407	undefined	undefined	liquid
22.250	25.698	166.82	0.0059944	-0.033997	-0.029719	-1.3855	17.028	27.900	910.57	-0.0070407	undefined	undefined	liquid
22.250	25.702	166.82	0.0059944	-0.033997	-0.029718	-1.3855	17.028	27.900	910.57	-0.0070407	undefined	undefined	liquid
22.250	25.706	166.82	0.0059944	-0.033998	-0.029718	-1.3856	17.028	27.900	910.57	-0.0070407	undefined	undefined	liquid
22.250	25.710	166.82	0.0059943	-0.033998	-0.029717	-1.3856	17.028	27.900	910.57	-0.0070408	undefined	undefined	liquid
22.250	25.715	166.82	0.0059943	-0.033998	-0.029717	-1.3856	17.028	27.900	910.57	-0.0070408	undefined	undefined	liquid
22.250	25.719	166.82	0.0059943	-0.033998	-0.029717	-1.3856	17.028	27.900	910.57	-0.0070408	undefined	undefined	liquid
22.250	25.723	166.82	0.0059943	-0.033999	-0.029716	-1.3856	17.028	27.900	910.57	-0.0070408	undefined	undefined	liquid
22.250	25.727	166.82	0.0059943	-0.033999	-0.029716	-1.3856	17.028	27.900	910.57	-0.0070408	undefined	undefined	liquid
22.250	25.731	166.82	0.0059943	-0.033999	-0.029715	-1.3856	17.028	27.900	910.57	-0.0070408	undefined	undefined	liquid
22.250	25.736	166.82	0.0059943	-0.033999	-0.029715	-1.3856	17.028	27.900	910.57	-0.0070408	undefined	undefined	liquid
22.250	25.740	166.82	0.0059943	-0.033999	-0.029714	-1.3856	17.028	27.900	910.57	-0.0070408	undefined	undefined	liquid
22.250	25.744	166.82	0.0059943	-0.034000	-0.029714	-1.3857	17.028	27.900	910.57	-0.0070409	undefined	undefined	liquid
22.250	25.748	166.82	0.0059943	-0.034000	-0.029713	-1.3857	17.028	27.900	910.57	-0.0070409	undefined	undefined	liquid
22.250	25.752	166.82	0.0059943	-0.034000	-0.029713	-1.3857	17.028	27.900	910.57	-0.0070409	undefined	undefined	liquid
22.250	25.757	166.82	0.0059943	-0.034000	-0.029712	-1.3857	17.028	27.900	910.57	-0.0070409	undefined	undefined	liquid
22.250	25.761	166.82	0.0059943	-0.034001	-0.029712	-1.3857	17.028	27.900	910.57	-0.0070409	undefined	undefined	liquid
22.250	25.765	166.82	0.0059943	-0.034001	-0.029711	-1.3857	17.028	27.900	910.57	-0.0070409	undefined	undefined	liquid
22.250	25.769	166.82	0.0059943	-0.034001	-0.029711	-1.3857	17.028	27.900	910.58	-0.0070409	undefined	undefined	liquid
22.250	25.773	166.82	0.0059943	-0.034001	-0.029711	-1.3857	17.028	27.900	910.58	-0.0070409	undefined	undefined	liquid
22.250	25.778	166.82	0.0059943	-0.034002	-0.029710	-1.3857	17.028	27.900	910.58	-0.0070410	undefined	undefined	liquid
22.250	25.782	166.82	0.0059943	-0.034002	-0.029710	-1.3858	17.028	27.900	910.58	-0.0070410	undefined	undefined	liquid
22.250	25.786	166.82	0.0059943	-0.034002	-0.029709	-1.3858	17.028	27.900	910.58	-0.0070410	undefined	undefined	liquid
22.250	25.790	166.82	0.0059943	-0.034002	-0.029709	-1.3858	17.028	27.900	910.58	-0.0070410	undefined	undefined	liquid
22.250	25.794	166.82	0.0059943	-0.034003	-0.029708	-1.3858	17.028	27.900	910.58	-0.0070410	undefined	undefined	liquid
22.250	25.799	166.82	0.0059943	-0.034003	-0.029708	-1.3858	17.028	27.899	910.58	-0.0070410	undefined	undefined	liquid
22.250	25.803	166.83	0.0059943	-0.034003	-0.029707	-1.3858	17.028	27.899	910.58	-0.0070410	undefined	undefined	liquid
22.250	25.807	166.83	0.0059943	-0.034003	-0.029707	-1.3858	17.028	27.899	910.58	-0.0070411	undefined	undefined	liquid
22.250	25.811	166.83	0.0059943	-0.034004	-0.029706	-1.3858	17.028	27.899	910.58	-0.0070411	undefined	undefined	liquid
22.250	25.815	166.83	0.0059943	-0.034004	-0.029706	-1.3858	17.028	27.899	910.58	-0.0070411	undefined	undefined	liquid
22.250	25.820	166.83	0.0059943	-0.034004	-0.029706	-1.3858	17.028	27.899	910.58	-0.0070411	undefined	undefined	liquid
22.250	25.824	166.83	0.0059943	-0.034004	-0.029705	-1.3859	17.028	27.899	910.58	-0.0070411	undefined	undefined	liquid
22.250	25.828	166.83	0.0059943	-0.034004	-0.029705	-1.3859	17.028	27.899	910.58	-0.0070411	undefined	undefined	liquid
22.250	25.832	166.83	0.0059943	-0.034005	-0.029704	-1.3859	17.028	27.899	910.58	-0.0070411	undefined	undefined	liquid
22.250	25.836	166.83	0.0059943	-0.034005	-0.029704	-1.3859	17.028	27.899	910.58	-0.0070411	undefined	undefined	liquid
22.250	25.841	166.83	0.0059943	-0.034005	-0.029703	-1.3859	17.028	27.899	910.58	-0.0070412	undefined	undefined	liquid
22.250	25.845	166.83	0.0059943	-0.034005	-0.029703	-1.3859	17.028	27.899	910.58	-0.0070412	undefined	undefined	liquid
22.250	25.849	166.83	0.0059943	-0.034006	-0.029702	-1.3859	17.028	27.899	910.59	-0.0070412	undefined	undefined	liquid
22.250	25.853	166.83	0.0059943	-0.034006	-0.029702	-1.3859	17.028	27.899	910.59	-0.0070412	undefined	undefined	liquid
22.250	25.857	166.83	0.0059943	-0.034006	-0.029701	-1.3859	17.028	27.899	910.59	-0.0070412	undefined	undefined	liquid
22.250	25.862	166.83	0.0059943	-0.034006	-0.029701	-1.3860	17.028	27.899	910.59	-0.0070412	undefined	undefined	liquid
22.250	25.866	166.83	0.0059943	-0.034007	-0.029700	-1.3860	17.028	27.899	910.59	-0.0070412	undefined	undefined	liquid
22.250	25.870	166.83	0.0059943	-0.034007	-0.029700	-1.3860	17.028	27.899	910.59	-0.0070413	undefined	undefined	liquid
22.250	25.874	166.83	0.0059943	-0.034007	-0.029700	-1.3860	17.028	27.899	910.59	-0.0070413	undefined	undefined	liquid
22.250	25.878	166.83	0.0059943	-0.034007	-0.029699	-1.3860	17.028	27.899	910.59	-0.0070413	undefined	undefined	liquid
22.250	25.883	166.83	0.0059943	-0.034008	-0.029699	-1.3860	17.028	27.899	910.59	-0.0070413	undefined	undefined	liquid
22.250	25.887	166.83	0.0059943	-0.034008	-0.029698	-1.3860	17.028	27.899	910.59	-0.0070413	undefined	undefined	liquid
22.250	25.891	166.83	0.0059943	-0.034008	-0.029698	-1.3860	17.028	27.899	910.59	-0.0070413	undefined	undefined	liquid
22.250	25.895	166.83	0.0059943	-0.034008	-0.029697	-1.3860	17.028	27.899	910.59	-0.0070413	undefined	undefined	liquid
22.250	25.899	166.83	0.0059943	-0.034009	-0.029697	-1.3861	17.028	27.899	910.59	-0.0070413	undefined	undefined	liquid
22.250	25.904	166.83	0.0059943	-0.034009	-0.029696	-1.3861	17.028	27.899	910.59	-0.0070414	undefined	undefined	liquid
22.250	25.908	166.83	0.0059943	-0.034009	-0.029696	-1.3861	17.028	27.899	910.59	-0.0070414	undefined	undefined	liquid
22.250	25.912	166.83	0.0059943	-0.034009	-0.029695	-1.3861	17.028	27.899	910.59	-0.0070414	undefined	undefined	liquid
22.250	25.916	166.83	0.0059942	-0.034010	-0.029695	-1.3861	17.028	27.899	910.59	-0.0070414	undefined	undefined	liquid
22.250	25.920	166.83	0.0059942	-0.034010	-0.029695	-1.3861	17.028	27.899	910.59	-0.0070414	undefined	undefined	liquid
22.250	25.925	166.83	0.0059942	-0.034010	-0.029694	-1.3861	17.028	27.899	910.59	-0.0070414	undefined	undefined	liquid
22.250	25.929	166.83	0.0059942	-0.034010	-0.029694	-1.3861	17.028	27.899	910.60	-0.0070414	undefined	undefined	liquid
22.250	25.933	166.83	0.0059942	-0.034010	-0.029693	-1.3861	17.028	27.899	910.60	-0.0070414	undefined	undefined	liquid
22.250	25.937	166.83	0.0059942	-0.034011	-0.029693	-1.3862	17.028	27.899	910.60	-0.0070415	undefined	undefined	liquid
22.250	25.941	166.83	0.0059942	-0.034011	-0.029692	-1.3862	17.028	27.899	910.60	-0.0070415	undefined	undefined	liquid
22.250	25.946	166.83	0.0059942	-0.034011	-0.029692	-1.3862	17.028	27.899	910.60	-0.0070415	undefined	undefined	liquid
22.250	25.950	166.83	0.0059942	-0.034011	-0.029691	-1.3862	17.028	27.899	910.60	-0.0070415	undefined	undefined	liquid
22.250	25.954	166.83	0.0059942	-0.034012	-0.029691	-1.3862	17.028	27.899	910.60	-0.0070415	undefined	undefined	liquid
22.250	25.958	166.83	0.0059942	-0.034012	-0.029690	-1.3862	17.028	27.899	910.60	-0.0070415	undefined	undefined	liquid
22.250	25.962	166.83	0.0059942	-0.034012	-0.029690	-1.3862	17.028	27.899	910.60	-0.0070415	undefined	undefined	liquid
22.250	25.967	166.83	0.0059942	-0.034012	-0.029689	-1.3862	17.028	27.899	910.60	-0.0070416	undefined	undefined	liquid
22.250	25.971	166.83	0.0059942	-0.034013	-0.029689	-1.3862	17.028	27.899	910.60	-0.0070416	undefined	undefined	liquid
22.250	25.975	166.83	0.0059942	-0.034013	-0.029689	-1.3863	17.028	27.898	910.60	-0.0070416	undefined	undefined	liquid
22.250	25.979	166.83	0.0059942	-0.034013	-0.029688	-1.3863	17.028	27.898	910.60	-0.0070416	undefined	undefined	liquid
22.250	25.983	166.83	0.0059942	-0.034013	-0.029688	-1.3863	17.028	27.898	910.60	-0.0070416	undefined	undefined	liquid
22.250	25.988	166.83	0.0059942	-0.034014	-0.029687	-1.3863	17.028	27.898	910.60	-0.0070416	undefined	undefined	liquid
22.250	25.992	166.83	0.0059942	-0.034014	-0.029687	-1.3863	17.028	27.898	910.60	-0.0070416	undefined	undefined	liquid
22.250	25.996	166.83	0.0059942	-0.034014	-0.029686	-1.3863	17.028	27.898	910.60	-0.0070416	undefined	undefined	liquid
22.250	26.000	166.83	0.0059942	-0.034014	-0.029686	-1.3863	17.028	27.898	910.60	-0.0070417	undefined	undefined	liquid
22.250	26.004	166.83	0.0059942	-0.034015	-0.029685	-1.3863	17.028	27.898	910.60	-0.0070417	undefined	undefined	liquid
22.250	26.009	166.83	0.0059942	-0.034015	-0.029685	-1.3863	17.028	27.898	910.61	-0.0070417	undefined	undefined	liquid
22.250	26.013	166.83	0.0059942	-0.034015	-0.029684	-1.3863	17.028	27.898	910.61	-0.0070417	undefined	undefined	liquid
22.250	26.017	166.83	0.0059942	-0.034015	-0.029684	-1.3864	17.028	27.898	910.61	-0.0070417	undefined	undefined	liquid
22.250	26.021	166.83	0.0059942	-0.034015	-0.029683	-1.3864	17.028	27.898	910.61	-0.0070417	undefined	undefined	liquid
22.250	26.025	166.83	0.0059942	-0.034016	-0.029683	-1.3864	17.028	27.898	910.61	-0.0070417	undefined	undefined	liquid
22.250	26.030	166.83	0.0059942	-0.034016	-0.029683	-1.3864	17.028	27.898	910.61	-0.0070418	undefined	undefined	liquid
22.250	26.034	166.83	0.0059942	-0.034016	-0.029682	-1.3864	17.028	27.898	910.61	-0.0070418	undefined	undefined	liquid
22.250	26.038	166.83	0.0059942	-0.034016	-0.029682	-1.3864	17.028	27.898	910.61	-0.0070418	undefined	undefined	liquid
22.250	26.042	166.83	0.0059942	-0.034017	-0.029681	-1.3864	17.028	27.898	910.61	-0.0070418	undefined	undefined	liquid
22.250	26.046	166.83	0.0059942	-0.034017	-0.029681	-1.3864	17.028	27.898	910.61	-0.0070418	undefined	undefined	liquid
22.250	26.051	166.83	0.0059942	-0.034017	-0.029680	-1.3864	17.028	27.898	910.61	-0.0070418	undefined	undefined	liquid
22.250	26.055	166.83	0.0059942	-0.034017	-0.029680	-1.3865	17.028	27.898	910.61	-0.0070418	undefined	undefined	liquid
22.250	26.059	166.83	0.0059942	-0.034018	-0.029679	-1.3865	17.028	27.898	910.61	-0.0070418	undefined	undefined	liquid
22.250	26.063	166.83	0.0059942	-0.034018	-0.029679	-1.3865	17.028	27.898	910.61	-0.0070419	undefined	undefined	liquid
22.250	26.067	166.83	0.0059942	-0.034018	-0.029678	-1.3865	17.028	27.898	910.61	-0.0070419	undefined	undefined	liquid
22.250	26.072	166.83	0.0059942	-0.034018	-0.029678	-1.3865	17.028	27.898	910.61	-0.0070419	undefined	undefined	liquid
22.250	26.076	166.83	0.0059942	-0.034019	-0.029678	-1.3865	17.028	27.898	910.61	-0.0070419	undefined	undefined	liquid
22.250	26.080	166.83	0.0059942	-0.034019	-0.029677	-1.3865	17.028	27.898	910.61	-0.0070419	undefined	undefined	liquid
22.250	26.084	166.83	0.0059942	-0.034019	-0.029677	-1.3865	17.028	27.898	910.61	-0.0070419	undefined	undefined	liquid
22.250	26.088	166.83	0.0059942	-0.034019	-0.029676	-1.3865	17.028	27.898	910.62	-0.0070419	undefined	undefined	liquid
22.250	26.093	166.83	0.0059942	-0.034020	-0.029676	-1.3866	17.028	27.898	910.62	-0.0070419	undefined	undefined	liquid
22.250	26.097	166.83	0.0059942	-0.034020	-0.029675	-1.3866	17.028	27.898	910.62	-0.0070420	undefined	undefined	liquid
22.250	26.101	166.83	0.0059942	-0.034020	-0.029675	-1.3866	17.028	27.898	910.62	-0.0070420	undefined	undefined	liquid
22.250	26.105	166.83	0.0059942	-0.034020	-0.029674	-1.3866	17.028	27.898	910.62	-0.0070420	undefined	undefined	liquid
22.250	26.109	166.83	0.0059942	-0.034021	-0.029674	-1.3866	17.028	27.898	910.62	-0.0070420	undefined	undefined	liquid
22.250	26.114	166.83	0.0059942	-0.034021	-0.029673	-1.3866	17.028	27.898	910.62	-0.0070420	undefined	undefined	liquid
22.250	26.118	166.83	0.0059942	-0.034021	-0.029673	-1.3866	17.028	27.898	910.62	-0.0070420	undefined	undefined	liquid
22.250	26.122	166.83	0.0059941	-0.034021	-0.029672	-1.3866	17.028	27.898	910.62	-0.0070420	undefined	undefined	liquid
22.250	26.126	166.83	0.0059941	-0.034021	-0.029672	-1.3866	17.028	27.898	910.62	-0.0070421	undefined	undefined	liquid
22.250	26.130	166.83	0.0059941	-0.034022	-0.029672	-1.3867	17.028	27.898	910.62	-0.0070421	undefined	undefined	liquid
22.250	26.135	166.83	0.0059941	-0.034022	-0.029671	-1.3867	17.028	27.898	910.62	-0.0070421	undefined	undefined	liquid
22.250	26.139	166.83	0.0059941	-0.034022	-0.029671	-1.3867	17.028	27.898	910.62	-0.0070421	undefined	undefined	liquid
22.250	26.143	166.83	0.0059941	-0.034022	-0.029670	-1.3867	17.028	27.898	910.62	-0.0070421	undefined	undefined	liquid
22.250	26.147	166.83	0.0059941	-0.034023	-0.029670	-1.3867	17.029	27.898	910.62	-0.0070421	undefined	undefined	liquid
22.250	26.151	166.83	0.0059941	-0.034023	-0.029669	-1.3867	17.029	27.898	910.62	-0.0070421	undefined	undefined	liquid
22.250	26.156	166.83	0.0059941	-0.034023	-0.029669	-1.3867	17.029	27.897	910.62	-0.0070421	undefined	undefined	liquid
22.250	26.160	166.83	0.0059941	-0.034023	-0.029668	-1.3867	17.029	27.897	910.62	-0.0070422	undefined	undefined	liquid
22.250	26.164	166.83	0.0059941	-0.034024	-0.029668	-1.3867	17.029	27.897	910.62	-0.0070422	undefined	undefined	liquid
22.250	26.168	166.83	0.0059941	-0.034024	-0.029667	-1.3867	17.029	27.897	910.63	-0.0070422	undefined	undefined	liquid
22.250	26.172	166.83	0.0059941	-0.034024	-0.029667	-1.3868	17.029	27.897	910.63	-0.0070422	undefined	undefined	liquid
22.250	26.177	166.83	0.0059941	-0.034024	-0.029667	-1.3868	17.029	27.897	910.63	-0.0070422	undefined	undefined	liquid
22.250	26.181	166.83	0.0059941	-0.034025	-0.029666	-1.3868	17.029	27.897	910.63	-0.0070422	undefined	undefined	liquid
22.250	26.185	166.83	0.0059941	-0.034025	-0.029666	-1.3868	17.029	27.897	910.63	-0.0070422	undefined	undefined	liquid
22.250	26.189	166.83	0.0059941	-0.034025	-0.029665	-1.3868	17.029	27.897	910.63	-0.0070423	undefined	undefined	liquid
22.250	26.193	166.83	0.0059941	-0.034025	-0.029665	-1.3868	17.029	27.897	910.63	-0.0070423	undefined	undefined	liquid
22.250	26.198	166.83	0.0059941	-0.034026	-0.029664	-1.3868	17.029	27.897	910.63	-0.0070423	undefined	undefined	liquid
22.250	26.202	166.83	0.0059941	-0.034026	-0.029664	-1.3868	17.029	27.897	910.63	-0.0070423	undefined	undefined	liquid
22.250	26.206	166.83	0.0059941	-0.034026	-0.029663	-1.3868	17.029	27.897	910.63	-0.0070423	undefined	undefined	liquid
22.250	26.210	166.83	0.0059941	-0.034026	-0.029663	-1.3869	17.029	27.897	910.63	-0.0070423	undefined	undefined	liquid
22.250	26.214	166.83	0.0059941	-0.034027	-0.029662	-1.3869	17.029	27.897	910.63	-0.0070423	undefined	undefined	liquid
22.250	26.219	166.83	0.0059941	-0.034027	-0.029662	-1.3869	17.029	27.897	910.63	-0.0070423	undefined	undefined	liquid
22.250	26.223	166.83	0.0059941	-0.034027	-0.029661	-1.3869	17.029	27.897	910.63	-0.0070424	undefined	undefined	liquid
22.250	26.227	166.83	0.0059941	-0.034027	-0.029661	-1.3869	17.029	27.897	910.63	-0.0070424	undefined	undefined	liquid
22.250	26.231	166.83	0.0059941	-0.034027	-0.029661	-1.3869	17.029	27.897	910.63	-0.0070424	undefined	undefined	liquid
22.250	26.235	166.83	0.0059941	-0.034028	-0.029660	-1.3869	17.029	27.897	910.63	-0.0070424	undefined	undefined	liquid
22.250	26.240	166.83	0.0059941	-0.034028	-0.029660	-1.3869	17.029	27.897	910.63	-0.0070424	undefined	undefined	liquid
22.250	26.244	166.83	0.0059941	-0.034028	-0.029659	-1.3869	17.029	27.897	910.63	-0.0070424	undefined	undefined	liquid
22.250	26.248	166.83	0.0059941	-0.034028	-0.029659	-1.3870	17.029	27.897	910.64	-0.0070424	undefined	undefined	liquid
22.250	26.252	166.83	0.0059941	-0.034029	-0.029658	-1.3870	17.029	27.897	910.64	-0.0070424	undefined	undefined	liquid
22.250	26.256	166.83	0.0059941	-0.034029	-0.029658	-1.3870	17.029	27.897	910.64	-0.0070425	undefined	undefined	liquid
22.250	26.261	166.83	0.0059941	-0.034029	-0.029657	-1.3870	17.029	27.897	910.64	-0.0070425	undefined	undefined	liquid
22.250	26.265	166.83	0.0059941	-0.034029	-0.029657	-1.3870	17.029	27.897	910.64	-0.0070425	undefined	undefined	liquid
22.250	26.269	166.83	0.0059941	-0.034030	-0.029656	-1.3870	17.029	27.897	910.64	-0.0070425	undefined	undefined	liquid
22.250	26.273	166.83	0.0059941	-0.034030	-0.029656	-1.3870	17.029	27.897	910.64	-0.0070425	undefined	undefined	liquid
22.250	26.277	166.83	0.0059941	-0.034030	-0.029656	-1.3870	17.029	27.897	910.64	-0.0070425	undefined	undefined	liquid
22.250	26.282	166.83	0.0059941	-0.034030	-0.029655	-1.3870	17.029	27.897	910.64	-0.0070425	undefined	undefined	liquid
22.250	26.286	166.83	0.0059941	-0.034031	-0.029655	-1.3871	17.029	27.897	910.64	-0.0070426	undefined	undefined	liquid
22.250	26.290	166.83	0.0059941	-0.034031	-0.029654	-1.3871	17.029	27.897	910.64	-0.0070426	undefined	undefined	liquid
22.250	26.294	166.83	0.0059941	-0.034031	-0.029654	-1.3871	17.029	27.897	910.64	-0.0070426	undefined	undefined	liquid
22.250	26.298	166.83	0.0059941	-0.034031	-0.029653	-1.3871	17.029	27.897	910.64	-0.0070426	undefined	undefined	liquid
22.250	26.303	166.83	0.0059941	-0.034032	-0.029653	-1.3871	17.029	27.897	910.64	-0.0070426	undefined	undefined	liquid
22.250	26.307	166.83	0.0059941	-0.034032	-0.029652	-1.3871	17.029	27.897	910.64	-0.0070426	undefined	undefined	liquid
22.250	26.311	166.83	0.0059941	-0.034032	-0.029652	-1.3871	17.029	27.897	910.64	-0.0070426	undefined	undefined	liquid
22.250	26.315	166.83	0.0059941	-0.034032	-0.029651	-1.3871	17.029	27.897	910.64	-0.0070426	undefined	undefined	liquid
22.250	26.319	166.83	0.0059941	-0.034032	-0.029651	-1.3871	17.029	27.897	910.64	-0.0070427	undefined	undefined	liquid
22.250	26.324	166.83	0.0059940	-0.034033	-0.029650	-1.3871	17.029	27.897	910.64	-0.0070427	undefined	undefined	liquid
22.250	26.328	166.83	0.0059940	-0.034033	-0.029650	-1.3872	17.029	27.897	910.65	-0.0070427	undefined	undefined	liquid
22.250	26.332	166.83	0.0059940	-0.034033	-0.029650	-1.3872	17.029	27.896	910.65	-0.0070427	undefined	undefined	liquid
22.250	26.336	166.83	0.0059940	-0.034033	-0.029649	-1.3872	17.029	27.896	910.65	-0.0070427	undefined	undefined	liquid
22.250	26.340	166.83	0.0059940	-0.034034	-0.029649	-1.3872	17.029	27.896	910.65	-0.0070427	undefined	undefined	liquid
22.250	26.345	166.83	0.0059940	-0.034034	-0.029648	-1.3872	17.029	27.896	910.65	-0.0070427	undefined	undefined	liquid
22.250	26.349	166.83	0.0059940	-0.034034	-0.029648	-1.3872	17.029	27.896	910.65	-0.0070427	undefined	undefined	liquid
22.250	26.353	166.83	0.0059940	-0.034034	-0.029647	-1.3872	17.029	27.896	910.65	-0.0070428	undefined	undefined	liquid
22.250	26.357	166.83	0.0059940	-0.034035	-0.029647	-1.3872	17.029	27.896	910.65	-0.0070428	undefined	undefined	liquid
22.250	26.361	166.83	0.0059940	-0.034035	-0.029646	-1.3872	17.029	27.896	910.65	-0.0070428	undefined	undefined	liquid
22.250	26.366	166.83	0.0059940	-0.034035	-0.029646	-1.3873	17.029	27.896	910.65	-0.0070428	undefined	undefined	liquid
22.250	26.370	166.83	0.0059940	-0.034035	-0.029645	-1.3873	17.029	27.896	910.65	-0.0070428	undefined	undefined	liquid
22.250	26.374	166.83	0.0059940	-0.034036	-0.029645	-1.3873	17.029	27.896	910.65	-0.0070428	undefined	undefined	liquid
22.250	26.378	166.83	0.0059940	-0.034036	-0.029645	-1.3873	17.029	27.896	910.65	-0.0070428	undefined	undefined	liquid
22.250	26.382	166.83	0.0059940	-0.034036	-0.029644	-1.3873	17.029	27.896	910.65	-0.0070429	undefined	undefined	liquid
22.250	26.387	166.83	0.0059940	-0.034036	-0.029644	-1.3873	17.029	27.896	910.65	-0.0070429	undefined	undefined	liquid
22.250	26.391	166.83	0.0059940	-0.034037	-0.029643	-1.3873	17.029	27.896	910.65	-0.0070429	undefined	undefined	liquid
22.250	26.395	166.83	0.0059940	-0.034037	-0.029643	-1.3873	17.029	27.896	910.65	-0.0070429	undefined	undefined	liquid
22.250	26.399	166.83	0.0059940	-0.034037	-0.029642	-1.3873	17.029	27.896	910.65	-0.0070429	undefined	undefined	liquid
22.250	26.403	166.83	0.0059940	-0.034037	-0.029642	-1.3874	17.029	27.896	910.65	-0.0070429	undefined	undefined	liquid
22.250	26.408	166.83	0.0059940	-0.034038	-0.029641	-1.3874	17.029	27.896	910.66	-0.0070429	undefined	undefined	liquid
22.250	26.412	166.83	0.0059940	-0.034038	-0.029641	-1.3874	17.029	27.896	910.66	-0.0070429	undefined	undefined	liquid
22.250	26.416	166.83	0.0059940	-0.034038	-0.029640	-1.3874	17.029	27.896	910.66	-0.0070430	undefined	undefined	liquid
22.250	26.420	166.83	0.0059940	-0.034038	-0.029640	-1.3874	17.029	27.896	910.66	-0.0070430	undefined	undefined	liquid
22.250	26.424	166.83	0.0059940	-0.034038	-0.029639	-1.3874	17.029	27.896	910.66	-0.0070430	undefined	undefined	liquid
22.250	26.429	166.83	0.0059940	-0.034039	-0.029639	-1.3874	17.029	27.896	910.66	-0.0070430	undefined	undefined	liquid
22.250	26.433	166.83	0.0059940	-0.034039	-0.029639	-1.3874	17.029	27.896	910.66	-0.0070430	undefined	undefined	liquid
22.250	26.437	166.83	0.0059940	-0.034039	-0.029638	-1.3874	17.029	27.896	910.66	-0.0070430	undefined	undefined	liquid
22.250	26.441	166.83	0.0059940	-0.034039	-0.029638	-1.3875	17.029	27.896	910.66	-0.0070430	undefined	undefined	liquid
22.250	26.445	166.83	0.0059940	-0.034040	-0.029637	-1.3875	17.029	27.896	910.66	-0.0070431	undefined	undefined	liquid
22.250	26.450	166.83	0.0059940	-0.034040	-0.029637	-1.3875	17.029	27.896	910.66	-0.0070431	undefined	undefined	liquid
22.250	26.454	166.83	0.0059940	-0.034040	-0.029636	-1.3875	17.029	27.896	910.66	-0.0070431	undefined	undefined	liquid
22.250	26.458	166.83	0.0059940	-0.034040	-0.029636	-1.3875	17.029	27.896	910.66	-0.0070431	undefined	undefined	liquid
22.250	26.462	166.83	0.0059940	-0.034041	-0.029635	-1.3875	17.029	27.896	910.66	-0.0070431	undefined	undefined	liquid
22.250	26.466	166.83	0.0059940	-0.034041	-0.029635	-1.3875	17.029	27.896	910.66	-0.0070431	undefined	undefined	liquid
22.250	26.471	166.83	0.0059940	-0.034041	-0.029634	-1.3875	17.029	27.896	910.66	-0.0070431	undefined	undefined	liquid
22.250	26.475	166.83	0.0059940	-0.034041	-0.029634	-1.3875	17.029	27.896	910.66	-0.0070431	undefined	undefined	liquid
22.250	26.479	166.83	0.0059940	-0.034042	-0.029634	-1.3875	17.029	27.896	910.66	-0.0070432	undefined	undefined	liquid
22.250	26.483	166.83	0.0059940	-0.034042	-0.029633	-1.3876	17.029	27.896	910.66	-0.0070432	undefined	undefined	liquid
22.250	26.487	166.83	0.0059940	-0.034042	-0.029633	-1.3876	17.029	27.896	910.67	-0.0070432	undefined	undefined	liquid
22.250	26.492	166.83	0.0059940	-0.034042	-0.029632	-1.3876	17.029	27.896	910.67	-0.0070432	undefined	undefined	liquid
22.250	26.496	166.83	0.0059940	-0.034043	-0.029632	-1.3876	17.029	27.896	910.67	-0.0070432	undefined	undefined	liquid
22.250	26.500	166.83	0.0059940	-0.034043	-0.029631	-1.3876	17.029	27.896	910.67	-0.0070432	undefined	undefined	liquid
22.250	26.504	166.83	0.0059940	-0.034043	-0.029631	-1.3876	17.029	27.896	910.67	-0.0070432	undefined	undefined	liquid
22.250	26.508	166.83	0.0059940	-0.034043	-0.029630	-1.3876	17.029	27.896	910.67	-0.0070432	undefined	undefined	liquid
22.250	26.513	166.83	0.0059940	-0.034043	-0.029630	-1.3876	17.029	27.895	910.67	-0.0070433	undefined	undefined	liquid
22.250	26.517	166.83	0.0059940	-0.034044	-0.029629	-1.3876	17.029	27.895	910.67	-0.0070433	undefined	undefined	liquid
22.250	26.521	166.83	0.0059940	-0.034044	-0.029629	-1.3877	17.029	27.895	910.67	-0.0070433	undefined	undefined	liquid
22.250	26.525	166.83	0.0059940	-0.034044	-0.029628	-1.3877	17.029	27.895	910.67	-0.0070433	undefined	undefined	liquid
22.250	26.529	166.83	0.0059939	-0.034044	-0.029628	-1.3877	17.029	27.895	910.67	-0.0070433	undefined	undefined	liquid
22.250	26.534	166.83	0.0059939	-0.034045	-0.029628	-1.3877	17.029	27.895	910.67	-0.0070433	undefined	undefined	liquid
22.250	26.538	166.84	0.0059939	-0.034045	-0.029627	-1.3877	17.029	27.895	910.67	-0.0070433	undefined	undefined	liquid
22.250	26.542	166.84	0.0059939	-0.034045	-0.029627	-1.3877	17.029	27.895	910.67	-0.0070434	undefined	undefined	liquid
22.250	26.546	166.84	0.0059939	-0.034045	-0.029626	-1.3877	17.029	27.895	910.67	-0.0070434	undefined	undefined	liquid
22.250	26.550	166.84	0.0059939	-0.034046	-0.029626	-1.3877	17.029	27.895	910.67	-0.0070434	undefined	undefined	liquid
22.250	26.555	166.84	0.0059939	-0.034046	-0.029625	-1.3877	17.029	27.895	910.67	-0.0070434	undefined	undefined	liquid
22.250	26.559	166.84	0.0059939	-0.034046	-0.029625	-1.3878	17.029	27.895	910.67	-0.0070434	undefined	undefined	liquid
22.250	26.563	166.84	0.0059939	-0.034046	-0.029624	-1.3878	17.029	27.895	910.67	-0.0070434	undefined	undefined	liquid
22.250	26.567	166.84	0.0059939	-0.034047	-0.029624	-1.3878	17.029	27.895	910.68	-0.0070434	undefined	undefined	liquid
22.250	26.571	166.84	0.0059939	-0.034047	-0.029623	-1.3878	17.029	27.895	910.68	-0.0070434	undefined	undefined	liquid
22.250	26.576	166.84	0.0059939	-0.034047	-0.029623	-1.3878	17.029	27.895	910.68	-0.0070435	undefined	undefined	liquid
22.250	26.580	166.84	0.0059939	-0.034047	-0.029623	-1.3878	17.029	27.895	910.68	-0.0070435	undefined	undefined	liquid
22.250	26.584	166.84	0.0059939	-0.034048	-0.029622	-1.3878	17.029	27.895	910.68	-0.0070435	undefined	undefined	liquid
22.250	26.588	166.84	0.0059939	-0.034048	-0.029622	-1.3878	17.029	27.895	910.68	-0.0070435	undefined	undefined	liquid
22.250	26.592	166.84	0.0059939	-0.034048	-0.029621	-1.3878	17.029	27.895	910.68	-0.0070435	undefined	undefined	liquid
22.250	26.597	166.84	0.0059939	-0.034048	-0.029621	-1.3879	17.029	27.895	910.68	-0.0070435	undefined	undefined	liquid
22.250	26.601	166.84	0.0059939	-0.034049	-0.029620	-1.3879	17.029	27.895	910.68	-0.0070435	undefined	undefined	liquid
22.250	26.605	166.84	0.0059939	-0.034049	-0.029620	-1.3879	17.029	27.895	910.68	-0.0070436	undefined	undefined	liquid
22.250	26.609	166.84	0.0059939	-0.034049	-0.029619	-1.3879	17.029	27.895	910.68	-0.0070436	undefined	undefined	liquid
22.250	26.613	166.84	0.0059939	-0.034049	-0.029619	-1.3879	17.029	27.895	910.68	-0.0070436	undefined	undefined	liquid
22.250	26.618	166.84	0.0059939	-0.034049	-0.029618	-1.3879	17.029	27.895	910.68	-0.0070436	undefined	undefined	liquid
22.250	26.622	166.84	0.0059939	-0.034050	-0.029618	-1.3879	17.029	27.895	910.68	-0.0070436	undefined	undefined	liquid
22.250	26.626	166.84	0.0059939	-0.034050	-0.029617	-1.3879	17.029	27.895	910.68	-0.0070436	undefined	undefined	liquid
22.250	26.630	166.84	0.0059939	-0.034050	-0.029617	-1.3879	17.029	27.895	910.68	-0.0070436	undefined	undefined	liquid
22.250	26.634	166.84	0.0059939	-0.034050	-0.029617	-1.3879	17.029	27.895	910.68	-0.0070436	undefined	undefined	liquid
22.250	26.639	166.84	0.0059939	-0.034051	-0.029616	-1.3880	17.029	27.895	910.68	-0.0070437	undefined	undefined	liquid
22.250	26.643	166.84	0.0059939	-0.034051	-0.029616	-1.3880	17.029	27.895	910.68	-0.0070437	undefined	undefined	liquid
22.250	26.647	166.84	0.0059939	-0.034051	-0.029615	-1.3880	17.029	27.895	910.69	-0.0070437	undefined	undefined	liquid
22.250	26.651	166.84	0.0059939	-0.034051	-0.029615	-1.3880	17.029	27.895	910.69	-0.0070437	undefined	undefined	liquid
22.250	26.655	166.84	0.0059939	-0.034052	-0.029614	-1.3880	17.029	27.895	910.69	-0.0070437	undefined	undefined	liquid
22.250	26.660	166.84	0.0059939	-0.034052	-0.029614	-1.3880	17.029	27.895	910.69	-0.0070437	undefined	undefined	liquid
22.250	26.664	166.84	0.0059939	-0.034052	-0.029613	-1.3880	17.029	27.895	910.69	-0.0070437	undefined	undefined	liquid
22.250	26.668	166.84	0.0059939	-0.034052	-0.029613	-1.3880	17.029	27.895	910.69	-0.0070437	undefined	undefined	liquid
22.250	26.672	166.84	0.0059939	-0.034053	-0.029612	-1.3880	17.029	27.895	910.69	-0.0070438	undefined	undefined	liquid
22.250	26.676	166.84	0.0059939	-0.034053	-0.029612	-1.3881	17.029	27.895	910.69	-0.0070438	undefined	undefined	liquid
22.250	26.681	166.84	0.0059939	-0.034053	-0.029612	-1.3881	17.029	27.895	910.69	-0.0070438	undefined	undefined	liquid
22.250	26.685	166.84	0.0059939	-0.034053	-0.029611	-1.3881	17.029	27.895	910.69	-0.0070438	undefined	undefined	liquid
22.250	26.689	166.84	0.0059939	-0.034054	-0.029611	-1.3881	17.029	27.894	910.69	-0.0070438	undefined	undefined	liquid
22.250	26.693	166.84	0.0059939	-0.034054	-0.029610	-1.3881	17.029	27.894	910.69	-0.0070438	undefined	undefined	liquid
22.250	26.697	166.84	0.0059939	-0.034054	-0.029610	-1.3881	17.029	27.894	910.69	-0.0070438	undefined	undefined	liquid
22.250	26.702	166.84	0.0059939	-0.034054	-0.029609	-1.3881	17.029	27.894	910.69	-0.0070439	undefined	undefined	liquid
22.250	26.706	166.84	0.0059939	-0.034054	-0.029609	-1.3881	17.029	27.894	910.69	-0.0070439	undefined	undefined	liquid
22.250	26.710	166.84	0.0059939	-0.034055	-0.029608	-1.3881	17.029	27.894	910.69	-0.0070439	undefined	undefined	liquid
22.250	26.714	166.84	0.0059939	-0.034055	-0.029608	-1.3882	17.029	27.894	910.69	-0.0070439	undefined	undefined	liquid
22.250	26.718	166.84	0.0059939	-0.034055	-0.029607	-1.3882	17.029	27.894	910.69	-0.0070439	undefined	undefined	liquid
22.250	26.723	166.84	0.0059939	-0.034055	-0.029607	-1.3882	17.029	27.894	910.69	-0.0070439	undefined	undefined	liquid
22.250	26.727	166.84	0.0059939	-0.034056	-0.029606	-1.3882	17.029	27.894	910.70	-0.0070439	undefined	undefined	liquid
22.250	26.731	166.84	0.0059939	-0.034056	-0.029606	-1.3882	17.029	27.894	910.70	-0.0070439	undefined	undefined	liquid
22.250	26.735	166.84	0.0059938	-0.034056	-0.029606	-1.3882	17.029	27.894	910.70	-0.0070440	undefined	undefined	liquid
22.250	26.739	166.84	0.0059938	-0.034056	-0.029605	-1.3882	17.029	27.894	910.70	-0.0070440	undefined	undefined	liquid
22.250	26.744	166.84	0.0059938	-0.034057	-0.029605	-1.3882	17.029	27.894	910.70	-0.0070440	undefined	undefined	liquid
22.250	26.748	166.84	0.0059938	-0.034057	-0.029604	-1.3882	17.029	27.894	910.70	-0.0070440	undefined	undefined	liquid
22.250	26.752	166.84	0.0059938	-0.034057	-0.029604	-1.3883	17.029	27.894	910.70	-0.0070440	undefined	undefined	liquid
22.250	26.756	166.84	0.0059938	-0.034057	-0.029603	-1.3883	17.030	27.894	910.70	-0.0070440	undefined	undefined	liquid
22.250	26.760	166.84	0.0059938	-0.034058	-0.029603	-1.3883	17.030	27.894	910.70	-0.0070440	undefined	undefined	liquid
22.250	26.765	166.84	0.0059938	-0.034058	-0.029602	-1.3883	17.030	27.894	910.70	-0.0070441	undefined	undefined	liquid
22.250	26.769	166.84	0.0059938	-0.034058	-0.029602	-1.3883	17.030	27.894	910.70	-0.0070441	undefined	undefined	liquid
22.250	26.773	166.84	0.0059938	-0.034058	-0.029601	-1.3883	17.030	27.894	910.70	-0.0070441	undefined	undefined	liquid
22.250	26.777	166.84	0.0059938	-0.034059	-0.029601	-1.3883	17.030	27.894	910.70	-0.0070441	undefined	undefined	liquid
22.250	26.781	166.84	0.0059938	-0.034059	-0.029601	-1.3883	17.030	27.894	910.70	-0.0070441	undefined	undefined	liquid
22.250	26.786	166.84	0.0059938	-0.034059	-0.029600	-1.3883	17.030	27.894	910.70	-0.0070441	undefined	undefined	liquid
22.250	26.790	166.84	0.0059938	-0.034059	-0.029600	-1.3883	17.030	27.894	910.70	-0.0070441	undefined	undefined	liquid
22.250	26.794	166.84	0.0059938	-0.034060	-0.029599	-1.3884	17.030	27.894	910.70	-0.0070441	undefined	undefined	liquid
22.250	26.798	166.84	0.0059938	-0.034060	-0.029599	-1.3884	17.030	27.894	910.70	-0.0070442	undefined	undefined	liquid
22.250	26.802	166.84	0.0059938	-0.034060	-0.029598	-1.3884	17.030	27.894	910.71	-0.0070442	undefined	undefined	liquid
22.250	26.807	166.84	0.0059938	-0.034060	-0.029598	-1.3884	17.030	27.894	910.71	-0.0070442	undefined	undefined	liquid
22.250	26.811	166.84	0.0059938	-0.034060	-0.029597	-1.3884	17.030	27.894	910.71	-0.0070442	undefined	undefined	liquid
22.250	26.815	166.84	0.0059938	-0.034061	-0.029597	-1.3884	17.030	27.894	910.71	-0.0070442	undefined	undefined	liquid
22.250	26.819	166.84	0.0059938	-0.034061	-0.029596	-1.3884	17.030	27.894	910.71	-0.0070442	undefined	undefined	liquid
22.250	26.823	166.84	0.0059938	-0.034061	-0.029596	-1.3884	17.030	27.894	910.71	-0.0070442	undefined	undefined	liquid
22.250	26.828	166.84	0.0059938	-0.034061	-0.029595	-1.3884	17.030	27.894	910.71	-0.0070442	undefined	undefined	liquid
22.250	26.832	166.84	0.0059938	-0.034062	-0.029595	-1.3885	17.030	27.894	910.71	-0.0070443	undefined	undefined	liquid
22.250	26.836	166.84	0.0059938	-0.034062	-0.029595	-1.3885	17.030	27.894	910.71	-0.0070443	undefined	undefined	liquid
22.250	26.840	166.84	0.0059938	-0.034062	-0.029594	-1.3885	17.030	27.894	910.71	-0.0070443	undefined	undefined	liquid
22.250	26.844	166.84	0.0059938	-0.034062	-0.029594	-1.3885	17.030	27.894	910.71	-0.0070443	undefined	undefined	liquid
22.250	26.849	166.84	0.0059938	-0.034063	-0.029593	-1.3885	17.030	27.894	910.71	-0.0070443	undefined	undefined	liquid
22.250	26.853	166.84	0.0059938	-0.034063	-0.029593	-1.3885	17.030	27.894	910.71	-0.0070443	undefined	undefined	liquid
22.250	26.857	166.84	0.0059938	-0.034063	-0.029592	-1.3885	17.030	27.894	910.71	-0.0070443	undefined	undefined	liquid
22.250	26.861	166.84	0.0059938	-0.034063	-0.029592	-1.3885	17.030	27.894	910.71	-0.0070444	undefined	undefined	liquid
22.250	26.865	166.84	0.0059938	-0.034064	-0.029591	-1.3885	17.030	27.894	910.71	-0.0070444	undefined	undefined	liquid
22.250	26.870	166.84	0.0059938	-0.034064	-0.029591	-1.3886	17.030	27.893	910.71	-0.0070444	undefined	undefined	liquid
22.250	26.874	166.84	0.0059938	-0.034064	-0.029590	-1.3886	17.030	27.893	910.71	-0.0070444	undefined	undefined	liquid
22.250	26.878	166.84	0.0059938	-0.034064	-0.029590	-1.3886	17.030	27.893	910.71	-0.0070444	undefined	undefined	liquid
22.250	26.882	166.84	0.0059938	-0.034065	-0.029590	-1.3886	17.030	27.893	910.72	-0.0070444	undefined	undefined	liquid
22.250	26.886	166.84	0.0059938	-0.034065	-0.029589	-1.3886	17.030	27.893	910.72	-0.0070444	undefined	undefined	liquid
22.250	26.891	166.84	0.0059938	-0.034065	-0.029589	-1.3886	17.030	27.893	910.72	-0.0070444	undefined	undefined	liquid
22.250	26.895	166.84	0.0059938	-0.034065	-0.029588	-1.3886	17.030	27.893	910.72	-0.0070445	undefined	undefined	liquid
22.250	26.899	166.84	0.0059938	-0.034066	-0.029588	-1.3886	17.030	27.893	910.72	-0.0070445	undefined	undefined	liquid
22.250	26.903	166.84	0.0059938	-0.034066	-0.029587	-1.3886	17.030	27.893	910.72	-0.0070445	undefined	undefined	liquid
22.250	26.907	166.84	0.0059938	-0.034066	-0.029587	-1.3887	17.030	27.893	910.72	-0.0070445	undefined	undefined	liquid
22.250	26.912	166.84	0.0059938	-0.034066	-0.029586	-1.3887	17.030	27.893	910.72	-0.0070445	undefined	undefined	liquid
22.250	26.916	166.84	0.0059938	-0.034066	-0.029586	-1.3887	17.030	27.893	910.72	-0.0070445	undefined	undefined	liquid
22.250	26.920	166.84	0.0059938	-0.034067	-0.029585	-1.3887	17.030	27.893	910.72	-0.0070445	undefined	undefined	liquid
