Temperature (K)	Pressure (psia)	Density (kg/m3)	Volume (m3/kg)	Internal Energy (kJ/mol)	Enthalpy (kJ/mol)	Entropy (J/mol*K)	Cv (J/mol*K)	Cp (J/mol*K)	Sound Spd. (m/s)	Joule-Thomson (F/psia)	Viscosity (uPa*s)	Therm. Cond. (W/m*K)	Phase
22.370	25.600	68.426	0.014614	0.037972	0.043172	1.9181	11.668	22.225	1058.5	-0.0091098	11.420	0.10530	liquid
22.370	25.603	68.426	0.014614	0.037971	0.043172	1.9181	11.668	22.225	1058.5	-0.0091098	11.420	0.10530	liquid
22.370	25.606	68.426	0.014614	0.037971	0.043172	1.9181	11.668	22.225	1058.5	-0.0091099	11.420	0.10530	liquid
22.370	25.609	68.426	0.014614	0.037971	0.043173	1.9181	11.668	22.225	1058.5	-0.0091099	11.420	0.10530	liquid
22.370	25.612	68.426	0.014614	0.037971	0.043173	1.9181	11.668	22.225	1058.5	-0.0091099	11.420	0.10530	liquid
22.370	25.615	68.426	0.014614	0.037970	0.043173	1.9180	11.668	22.225	1058.5	-0.0091100	11.420	0.10530	liquid
22.370	25.618	68.426	0.014614	0.037970	0.043174	1.9180	11.668	22.225	1058.5	-0.0091100	11.420	0.10530	liquid
22.370	25.621	68.426	0.014614	0.037970	0.043174	1.9180	11.668	22.225	1058.5	-0.0091101	11.420	0.10530	liquid
22.370	25.624	68.426	0.014614	0.037970	0.043174	1.9180	11.668	22.225	1058.5	-0.0091101	11.420	0.10531	liquid
22.370	25.627	68.427	0.014614	0.037969	0.043175	1.9180	11.668	22.225	1058.5	-0.0091101	11.420	0.10531	liquid
22.370	25.630	68.427	0.014614	0.037969	0.043175	1.9180	11.668	22.225	1058.5	-0.0091102	11.420	0.10531	liquid
22.370	25.633	68.427	0.014614	0.037969	0.043176	1.9180	11.668	22.225	1058.5	-0.0091102	11.420	0.10531	liquid
22.370	25.636	68.427	0.014614	0.037968	0.043176	1.9180	11.668	22.225	1058.5	-0.0091102	11.420	0.10531	liquid
22.370	25.639	68.427	0.014614	0.037968	0.043176	1.9179	11.668	22.225	1058.5	-0.0091103	11.420	0.10531	liquid
22.370	25.642	68.427	0.014614	0.037968	0.043177	1.9179	11.668	22.225	1058.5	-0.0091103	11.420	0.10531	liquid
22.370	25.645	68.427	0.014614	0.037968	0.043177	1.9179	11.668	22.225	1058.5	-0.0091103	11.420	0.10531	liquid
22.370	25.648	68.427	0.014614	0.037967	0.043177	1.9179	11.668	22.224	1058.5	-0.0091104	11.420	0.10531	liquid
22.370	25.651	68.427	0.014614	0.037967	0.043178	1.9179	11.668	22.224	1058.5	-0.0091104	11.420	0.10531	liquid
22.370	25.654	68.427	0.014614	0.037967	0.043178	1.9179	11.668	22.224	1058.5	-0.0091105	11.420	0.10531	liquid
22.370	25.657	68.427	0.014614	0.037967	0.043178	1.9179	11.668	22.224	1058.5	-0.0091105	11.420	0.10531	liquid
22.370	25.660	68.427	0.014614	0.037966	0.043179	1.9179	11.668	22.224	1058.5	-0.0091105	11.420	0.10531	liquid
22.370	25.663	68.427	0.014614	0.037966	0.043179	1.9178	11.668	22.224	1058.5	-0.0091106	11.420	0.10531	liquid
22.370	25.666	68.427	0.014614	0.037966	0.043179	1.9178	11.668	22.224	1058.5	-0.0091106	11.420	0.10531	liquid
22.370	25.669	68.427	0.014614	0.037965	0.043180	1.9178	11.668	22.224	1058.5	-0.0091106	11.420	0.10531	liquid
22.370	25.672	68.427	0.014614	0.037965	0.043180	1.9178	11.668	22.224	1058.5	-0.0091107	11.420	0.10531	liquid
22.370	25.675	68.427	0.014614	0.037965	0.043180	1.9178	11.668	22.224	1058.5	-0.0091107	11.420	0.10531	liquid
22.370	25.678	68.427	0.014614	0.037965	0.043181	1.9178	11.668	22.224	1058.5	-0.0091107	11.420	0.10531	liquid
22.370	25.681	68.427	0.014614	0.037964	0.043181	1.9178	11.668	22.224	1058.5	-0.0091108	11.420	0.10531	liquid
22.370	25.684	68.427	0.014614	0.037964	0.043181	1.9178	11.668	22.224	1058.5	-0.0091108	11.420	0.10531	liquid
22.370	25.687	68.427	0.014614	0.037964	0.043182	1.9177	11.668	22.224	1058.5	-0.0091109	11.420	0.10531	liquid
22.370	25.690	68.427	0.014614	0.037964	0.043182	1.9177	11.668	22.224	1058.5	-0.0091109	11.420	0.10531	liquid
22.370	25.693	68.427	0.014614	0.037963	0.043182	1.9177	11.668	22.224	1058.5	-0.0091109	11.420	0.10531	liquid
22.370	25.696	68.427	0.014614	0.037963	0.043183	1.9177	11.668	22.224	1058.5	-0.0091110	11.420	0.10531	liquid
22.370	25.699	68.427	0.014614	0.037963	0.043183	1.9177	11.668	22.224	1058.5	-0.0091110	11.420	0.10531	liquid
22.370	25.702	68.427	0.014614	0.037963	0.043183	1.9177	11.668	22.224	1058.5	-0.0091110	11.420	0.10531	liquid
22.370	25.705	68.427	0.014614	0.037962	0.043184	1.9177	11.668	22.224	1058.5	-0.0091111	11.420	0.10531	liquid
22.370	25.708	68.427	0.014614	0.037962	0.043184	1.9177	11.668	22.224	1058.5	-0.0091111	11.420	0.10531	liquid
22.370	25.711	68.428	0.014614	0.037962	0.043184	1.9177	11.668	22.224	1058.5	-0.0091111	11.420	0.10531	liquid
22.370	25.714	68.428	0.014614	0.037961	0.043185	1.9176	11.668	22.224	1058.5	-0.0091112	11.420	0.10531	liquid
22.370	25.717	68.428	0.014614	0.037961	0.043185	1.9176	11.668	22.224	1058.5	-0.0091112	11.421	0.10531	liquid
22.370	25.720	68.428	0.014614	0.037961	0.043185	1.9176	11.668	22.224	1058.5	-0.0091113	11.421	0.10531	liquid
22.370	25.723	68.428	0.014614	0.037961	0.043186	1.9176	11.668	22.224	1058.5	-0.0091113	11.421	0.10531	liquid
22.370	25.726	68.428	0.014614	0.037960	0.043186	1.9176	11.668	22.224	1058.5	-0.0091113	11.421	0.10531	liquid
22.370	25.729	68.428	0.014614	0.037960	0.043186	1.9176	11.668	22.224	1058.5	-0.0091114	11.421	0.10531	liquid
22.370	25.732	68.428	0.014614	0.037960	0.043187	1.9176	11.668	22.224	1058.5	-0.0091114	11.421	0.10531	liquid
22.370	25.735	68.428	0.014614	0.037960	0.043187	1.9176	11.668	22.224	1058.5	-0.0091114	11.421	0.10531	liquid
22.370	25.738	68.428	0.014614	0.037959	0.043187	1.9175	11.668	22.223	1058.5	-0.0091115	11.421	0.10531	liquid
22.370	25.741	68.428	0.014614	0.037959	0.043188	1.9175	11.668	22.223	1058.6	-0.0091115	11.421	0.10531	liquid
22.370	25.744	68.428	0.014614	0.037959	0.043188	1.9175	11.668	22.223	1058.6	-0.0091115	11.421	0.10531	liquid
22.370	25.747	68.428	0.014614	0.037958	0.043188	1.9175	11.668	22.223	1058.6	-0.0091116	11.421	0.10531	liquid
22.370	25.750	68.428	0.014614	0.037958	0.043189	1.9175	11.668	22.223	1058.6	-0.0091116	11.421	0.10531	liquid
22.370	25.753	68.428	0.014614	0.037958	0.043189	1.9175	11.668	22.223	1058.6	-0.0091117	11.421	0.10531	liquid
22.370	25.756	68.428	0.014614	0.037958	0.043189	1.9175	11.668	22.223	1058.6	-0.0091117	11.421	0.10531	liquid
22.370	25.759	68.428	0.014614	0.037957	0.043190	1.9175	11.668	22.223	1058.6	-0.0091117	11.421	0.10531	liquid
22.370	25.762	68.428	0.014614	0.037957	0.043190	1.9174	11.668	22.223	1058.6	-0.0091118	11.421	0.10531	liquid
22.370	25.765	68.428	0.014614	0.037957	0.043190	1.9174	11.668	22.223	1058.6	-0.0091118	11.421	0.10531	liquid
22.370	25.768	68.428	0.014614	0.037957	0.043191	1.9174	11.668	22.223	1058.6	-0.0091118	11.421	0.10531	liquid
22.370	25.771	68.428	0.014614	0.037956	0.043191	1.9174	11.668	22.223	1058.6	-0.0091119	11.421	0.10531	liquid
22.370	25.774	68.428	0.014614	0.037956	0.043191	1.9174	11.668	22.223	1058.6	-0.0091119	11.421	0.10531	liquid
22.370	25.777	68.428	0.014614	0.037956	0.043192	1.9174	11.668	22.223	1058.6	-0.0091119	11.421	0.10531	liquid
22.370	25.780	68.428	0.014614	0.037956	0.043192	1.9174	11.668	22.223	1058.6	-0.0091120	11.421	0.10531	liquid
22.370	25.783	68.428	0.014614	0.037955	0.043192	1.9174	11.668	22.223	1058.6	-0.0091120	11.421	0.10531	liquid
22.370	25.786	68.428	0.014614	0.037955	0.043193	1.9173	11.668	22.223	1058.6	-0.0091120	11.421	0.10531	liquid
22.370	25.789	68.428	0.014614	0.037955	0.043193	1.9173	11.668	22.223	1058.6	-0.0091121	11.421	0.10531	liquid
22.370	25.792	68.428	0.014614	0.037954	0.043193	1.9173	11.668	22.223	1058.6	-0.0091121	11.421	0.10531	liquid
22.370	25.795	68.428	0.014614	0.037954	0.043194	1.9173	11.668	22.223	1058.6	-0.0091122	11.421	0.10531	liquid
22.370	25.798	68.429	0.014614	0.037954	0.043194	1.9173	11.668	22.223	1058.6	-0.0091122	11.421	0.10531	liquid
22.370	25.801	68.429	0.014614	0.037954	0.043194	1.9173	11.668	22.223	1058.6	-0.0091122	11.421	0.10531	liquid
22.370	25.804	68.429	0.014614	0.037953	0.043195	1.9173	11.668	22.223	1058.6	-0.0091123	11.421	0.10531	liquid
22.370	25.807	68.429	0.014614	0.037953	0.043195	1.9173	11.668	22.223	1058.6	-0.0091123	11.421	0.10531	liquid
22.370	25.810	68.429	0.014614	0.037953	0.043195	1.9172	11.668	22.223	1058.6	-0.0091123	11.421	0.10531	liquid
22.370	25.813	68.429	0.014614	0.037953	0.043196	1.9172	11.668	22.223	1058.6	-0.0091124	11.421	0.10531	liquid
22.370	25.816	68.429	0.014614	0.037952	0.043196	1.9172	11.668	22.223	1058.6	-0.0091124	11.421	0.10531	liquid
22.370	25.819	68.429	0.014614	0.037952	0.043196	1.9172	11.668	22.223	1058.6	-0.0091124	11.421	0.10531	liquid
22.370	25.822	68.429	0.014614	0.037952	0.043197	1.9172	11.668	22.223	1058.6	-0.0091125	11.421	0.10531	liquid
22.370	25.825	68.429	0.014614	0.037951	0.043197	1.9172	11.668	22.223	1058.6	-0.0091125	11.421	0.10531	liquid
22.370	25.828	68.429	0.014614	0.037951	0.043197	1.9172	11.668	22.222	1058.6	-0.0091126	11.421	0.10531	liquid
22.370	25.831	68.429	0.014614	0.037951	0.043198	1.9172	11.668	22.222	1058.6	-0.0091126	11.421	0.10531	liquid
22.370	25.834	68.429	0.014614	0.037951	0.043198	1.9172	11.668	22.222	1058.6	-0.0091126	11.421	0.10531	liquid
22.370	25.837	68.429	0.014614	0.037950	0.043198	1.9171	11.668	22.222	1058.6	-0.0091127	11.421	0.10531	liquid
22.370	25.840	68.429	0.014614	0.037950	0.043199	1.9171	11.668	22.222	1058.6	-0.0091127	11.421	0.10531	liquid
22.370	25.843	68.429	0.014614	0.037950	0.043199	1.9171	11.668	22.222	1058.6	-0.0091127	11.421	0.10531	liquid
22.370	25.846	68.429	0.014614	0.037950	0.043199	1.9171	11.668	22.222	1058.6	-0.0091128	11.421	0.10531	liquid
22.370	25.849	68.429	0.014614	0.037949	0.043200	1.9171	11.668	22.222	1058.6	-0.0091128	11.421	0.10531	liquid
22.370	25.852	68.429	0.014614	0.037949	0.043200	1.9171	11.668	22.222	1058.6	-0.0091128	11.421	0.10531	liquid
22.370	25.855	68.429	0.014614	0.037949	0.043200	1.9171	11.668	22.222	1058.6	-0.0091129	11.421	0.10531	liquid
22.370	25.858	68.429	0.014614	0.037949	0.043201	1.9171	11.668	22.222	1058.6	-0.0091129	11.421	0.10531	liquid
22.370	25.861	68.429	0.014614	0.037948	0.043201	1.9170	11.668	22.222	1058.6	-0.0091130	11.421	0.10531	liquid
22.370	25.864	68.429	0.014614	0.037948	0.043201	1.9170	11.668	22.222	1058.6	-0.0091130	11.421	0.10531	liquid
22.370	25.867	68.429	0.014614	0.037948	0.043202	1.9170	11.668	22.222	1058.6	-0.0091130	11.421	0.10531	liquid
22.370	25.870	68.429	0.014614	0.037947	0.043202	1.9170	11.668	22.222	1058.6	-0.0091131	11.421	0.10531	liquid
22.370	25.873	68.429	0.014614	0.037947	0.043203	1.9170	11.668	22.222	1058.6	-0.0091131	11.422	0.10531	liquid
22.370	25.876	68.429	0.014614	0.037947	0.043203	1.9170	11.668	22.222	1058.6	-0.0091131	11.422	0.10531	liquid
22.370	25.879	68.429	0.014614	0.037947	0.043203	1.9170	11.668	22.222	1058.6	-0.0091132	11.422	0.10531	liquid
22.370	25.882	68.430	0.014614	0.037946	0.043204	1.9170	11.668	22.222	1058.6	-0.0091132	11.422	0.10531	liquid
22.370	25.885	68.430	0.014614	0.037946	0.043204	1.9169	11.668	22.222	1058.6	-0.0091132	11.422	0.10531	liquid
22.370	25.888	68.430	0.014614	0.037946	0.043204	1.9169	11.668	22.222	1058.6	-0.0091133	11.422	0.10531	liquid
22.370	25.891	68.430	0.014614	0.037946	0.043205	1.9169	11.668	22.222	1058.6	-0.0091133	11.422	0.10531	liquid
22.370	25.894	68.430	0.014614	0.037945	0.043205	1.9169	11.668	22.222	1058.6	-0.0091134	11.422	0.10531	liquid
22.370	25.897	68.430	0.014614	0.037945	0.043205	1.9169	11.668	22.222	1058.6	-0.0091134	11.422	0.10531	liquid
22.370	25.900	68.430	0.014614	0.037945	0.043206	1.9169	11.668	22.222	1058.6	-0.0091134	11.422	0.10531	liquid
22.370	25.903	68.430	0.014614	0.037944	0.043206	1.9169	11.668	22.222	1058.6	-0.0091135	11.422	0.10531	liquid
22.370	25.906	68.430	0.014614	0.037944	0.043206	1.9169	11.668	22.222	1058.6	-0.0091135	11.422	0.10531	liquid
22.370	25.909	68.430	0.014614	0.037944	0.043207	1.9168	11.668	22.222	1058.6	-0.0091135	11.422	0.10531	liquid
22.370	25.912	68.430	0.014614	0.037944	0.043207	1.9168	11.668	22.222	1058.6	-0.0091136	11.422	0.10531	liquid
22.370	25.915	68.430	0.014613	0.037943	0.043207	1.9168	11.668	22.221	1058.6	-0.0091136	11.422	0.10531	liquid
22.370	25.918	68.430	0.014613	0.037943	0.043208	1.9168	11.668	22.221	1058.6	-0.0091136	11.422	0.10531	liquid
22.370	25.921	68.430	0.014613	0.037943	0.043208	1.9168	11.668	22.221	1058.6	-0.0091137	11.422	0.10531	liquid
22.370	25.924	68.430	0.014613	0.037943	0.043208	1.9168	11.668	22.221	1058.6	-0.0091137	11.422	0.10531	liquid
22.370	25.927	68.430	0.014613	0.037942	0.043209	1.9168	11.668	22.221	1058.6	-0.0091137	11.422	0.10531	liquid
22.370	25.930	68.430	0.014613	0.037942	0.043209	1.9168	11.668	22.221	1058.6	-0.0091138	11.422	0.10531	liquid
22.370	25.933	68.430	0.014613	0.037942	0.043209	1.9168	11.668	22.221	1058.6	-0.0091138	11.422	0.10531	liquid
22.370	25.936	68.430	0.014613	0.037942	0.043210	1.9167	11.668	22.221	1058.6	-0.0091139	11.422	0.10531	liquid
22.370	25.939	68.430	0.014613	0.037941	0.043210	1.9167	11.668	22.221	1058.6	-0.0091139	11.422	0.10531	liquid
22.370	25.942	68.430	0.014613	0.037941	0.043210	1.9167	11.668	22.221	1058.6	-0.0091139	11.422	0.10531	liquid
22.370	25.945	68.430	0.014613	0.037941	0.043211	1.9167	11.668	22.221	1058.6	-0.0091140	11.422	0.10531	liquid
22.370	25.948	68.430	0.014613	0.037940	0.043211	1.9167	11.668	22.221	1058.6	-0.0091140	11.422	0.10531	liquid
22.370	25.951	68.430	0.014613	0.037940	0.043211	1.9167	11.668	22.221	1058.6	-0.0091140	11.422	0.10531	liquid
22.370	25.954	68.430	0.014613	0.037940	0.043212	1.9167	11.668	22.221	1058.6	-0.0091141	11.422	0.10531	liquid
22.370	25.957	68.430	0.014613	0.037940	0.043212	1.9167	11.668	22.221	1058.6	-0.0091141	11.422	0.10531	liquid
22.370	25.960	68.430	0.014613	0.037939	0.043212	1.9166	11.668	22.221	1058.6	-0.0091141	11.422	0.10531	liquid
22.370	25.963	68.430	0.014613	0.037939	0.043213	1.9166	11.668	22.221	1058.7	-0.0091142	11.422	0.10531	liquid
22.370	25.966	68.430	0.014613	0.037939	0.043213	1.9166	11.668	22.221	1058.7	-0.0091142	11.422	0.10531	liquid
22.370	25.969	68.431	0.014613	0.037939	0.043213	1.9166	11.668	22.221	1058.7	-0.0091143	11.422	0.10531	liquid
22.370	25.972	68.431	0.014613	0.037938	0.043214	1.9166	11.668	22.221	1058.7	-0.0091143	11.422	0.10531	liquid
22.370	25.975	68.431	0.014613	0.037938	0.043214	1.9166	11.668	22.221	1058.7	-0.0091143	11.422	0.10531	liquid
22.370	25.978	68.431	0.014613	0.037938	0.043214	1.9166	11.668	22.221	1058.7	-0.0091144	11.422	0.10531	liquid
22.370	25.981	68.431	0.014613	0.037937	0.043215	1.9166	11.668	22.221	1058.7	-0.0091144	11.422	0.10531	liquid
22.370	25.984	68.431	0.014613	0.037937	0.043215	1.9165	11.668	22.221	1058.7	-0.0091144	11.422	0.10531	liquid
22.370	25.987	68.431	0.014613	0.037937	0.043215	1.9165	11.668	22.221	1058.7	-0.0091145	11.422	0.10531	liquid
22.370	25.990	68.431	0.014613	0.037937	0.043216	1.9165	11.668	22.221	1058.7	-0.0091145	11.422	0.10531	liquid
22.370	25.993	68.431	0.014613	0.037936	0.043216	1.9165	11.668	22.221	1058.7	-0.0091145	11.422	0.10531	liquid
22.370	25.996	68.431	0.014613	0.037936	0.043216	1.9165	11.668	22.221	1058.7	-0.0091146	11.422	0.10531	liquid
22.370	25.999	68.431	0.014613	0.037936	0.043217	1.9165	11.668	22.221	1058.7	-0.0091146	11.422	0.10531	liquid
22.370	26.002	68.431	0.014613	0.037936	0.043217	1.9165	11.668	22.221	1058.7	-0.0091147	11.422	0.10531	liquid
22.370	26.005	68.431	0.014613	0.037935	0.043217	1.9165	11.668	22.220	1058.7	-0.0091147	11.422	0.10531	liquid
22.370	26.008	68.431	0.014613	0.037935	0.043218	1.9164	11.668	22.220	1058.7	-0.0091147	11.422	0.10531	liquid
22.370	26.011	68.431	0.014613	0.037935	0.043218	1.9164	11.668	22.220	1058.7	-0.0091148	11.422	0.10531	liquid
22.370	26.014	68.431	0.014613	0.037935	0.043218	1.9164	11.668	22.220	1058.7	-0.0091148	11.422	0.10531	liquid
22.370	26.017	68.431	0.014613	0.037934	0.043219	1.9164	11.668	22.220	1058.7	-0.0091148	11.422	0.10531	liquid
22.370	26.020	68.431	0.014613	0.037934	0.043219	1.9164	11.668	22.220	1058.7	-0.0091149	11.422	0.10531	liquid
22.370	26.023	68.431	0.014613	0.037934	0.043219	1.9164	11.668	22.220	1058.7	-0.0091149	11.422	0.10531	liquid
22.370	26.026	68.431	0.014613	0.037933	0.043220	1.9164	11.668	22.220	1058.7	-0.0091149	11.422	0.10531	liquid
22.370	26.029	68.431	0.014613	0.037933	0.043220	1.9164	11.668	22.220	1058.7	-0.0091150	11.423	0.10531	liquid
22.370	26.032	68.431	0.014613	0.037933	0.043220	1.9163	11.668	22.220	1058.7	-0.0091150	11.423	0.10531	liquid
22.370	26.035	68.431	0.014613	0.037933	0.043221	1.9163	11.668	22.220	1058.7	-0.0091151	11.423	0.10531	liquid
22.370	26.038	68.431	0.014613	0.037932	0.043221	1.9163	11.668	22.220	1058.7	-0.0091151	11.423	0.10531	liquid
22.370	26.041	68.431	0.014613	0.037932	0.043221	1.9163	11.668	22.220	1058.7	-0.0091151	11.423	0.10531	liquid
22.370	26.044	68.431	0.014613	0.037932	0.043222	1.9163	11.668	22.220	1058.7	-0.0091152	11.423	0.10531	liquid
22.370	26.047	68.431	0.014613	0.037932	0.043222	1.9163	11.668	22.220	1058.7	-0.0091152	11.423	0.10531	liquid
22.370	26.050	68.431	0.014613	0.037931	0.043222	1.9163	11.668	22.220	1058.7	-0.0091152	11.423	0.10531	liquid
22.370	26.053	68.432	0.014613	0.037931	0.043223	1.9163	11.668	22.220	1058.7	-0.0091153	11.423	0.10531	liquid
22.370	26.056	68.432	0.014613	0.037931	0.043223	1.9163	11.668	22.220	1058.7	-0.0091153	11.423	0.10531	liquid
22.370	26.059	68.432	0.014613	0.037930	0.043223	1.9162	11.668	22.220	1058.7	-0.0091153	11.423	0.10531	liquid
22.370	26.062	68.432	0.014613	0.037930	0.043224	1.9162	11.668	22.220	1058.7	-0.0091154	11.423	0.10531	liquid
22.370	26.065	68.432	0.014613	0.037930	0.043224	1.9162	11.668	22.220	1058.7	-0.0091154	11.423	0.10532	liquid
22.370	26.068	68.432	0.014613	0.037930	0.043224	1.9162	11.668	22.220	1058.7	-0.0091154	11.423	0.10532	liquid
22.370	26.071	68.432	0.014613	0.037929	0.043225	1.9162	11.668	22.220	1058.7	-0.0091155	11.423	0.10532	liquid
22.370	26.074	68.432	0.014613	0.037929	0.043225	1.9162	11.668	22.220	1058.7	-0.0091155	11.423	0.10532	liquid
22.370	26.077	68.432	0.014613	0.037929	0.043225	1.9162	11.668	22.220	1058.7	-0.0091156	11.423	0.10532	liquid
22.370	26.080	68.432	0.014613	0.037929	0.043226	1.9162	11.668	22.220	1058.7	-0.0091156	11.423	0.10532	liquid
22.370	26.083	68.432	0.014613	0.037928	0.043226	1.9161	11.668	22.220	1058.7	-0.0091156	11.423	0.10532	liquid
22.370	26.086	68.432	0.014613	0.037928	0.043226	1.9161	11.668	22.220	1058.7	-0.0091157	11.423	0.10532	liquid
22.370	26.089	68.432	0.014613	0.037928	0.043227	1.9161	11.668	22.220	1058.7	-0.0091157	11.423	0.10532	liquid
22.370	26.092	68.432	0.014613	0.037928	0.043227	1.9161	11.668	22.220	1058.7	-0.0091157	11.423	0.10532	liquid
22.370	26.095	68.432	0.014613	0.037927	0.043227	1.9161	11.668	22.219	1058.7	-0.0091158	11.423	0.10532	liquid
22.370	26.098	68.432	0.014613	0.037927	0.043228	1.9161	11.668	22.219	1058.7	-0.0091158	11.423	0.10532	liquid
22.370	26.101	68.432	0.014613	0.037927	0.043228	1.9161	11.668	22.219	1058.7	-0.0091158	11.423	0.10532	liquid
22.370	26.104	68.432	0.014613	0.037926	0.043228	1.9161	11.668	22.219	1058.7	-0.0091159	11.423	0.10532	liquid
22.370	26.107	68.432	0.014613	0.037926	0.043229	1.9160	11.668	22.219	1058.7	-0.0091159	11.423	0.10532	liquid
22.370	26.110	68.432	0.014613	0.037926	0.043229	1.9160	11.668	22.219	1058.7	-0.0091160	11.423	0.10532	liquid
22.370	26.113	68.432	0.014613	0.037926	0.043230	1.9160	11.668	22.219	1058.7	-0.0091160	11.423	0.10532	liquid
22.370	26.116	68.432	0.014613	0.037925	0.043230	1.9160	11.668	22.219	1058.7	-0.0091160	11.423	0.10532	liquid
22.370	26.119	68.432	0.014613	0.037925	0.043230	1.9160	11.668	22.219	1058.7	-0.0091161	11.423	0.10532	liquid
22.370	26.122	68.432	0.014613	0.037925	0.043231	1.9160	11.668	22.219	1058.7	-0.0091161	11.423	0.10532	liquid
22.370	26.125	68.432	0.014613	0.037925	0.043231	1.9160	11.668	22.219	1058.7	-0.0091161	11.423	0.10532	liquid
22.370	26.128	68.432	0.014613	0.037924	0.043231	1.9160	11.668	22.219	1058.7	-0.0091162	11.423	0.10532	liquid
22.370	26.131	68.432	0.014613	0.037924	0.043232	1.9159	11.668	22.219	1058.7	-0.0091162	11.423	0.10532	liquid
22.370	26.134	68.432	0.014613	0.037924	0.043232	1.9159	11.668	22.219	1058.7	-0.0091162	11.423	0.10532	liquid
22.370	26.137	68.432	0.014613	0.037923	0.043232	1.9159	11.668	22.219	1058.7	-0.0091163	11.423	0.10532	liquid
22.370	26.140	68.433	0.014613	0.037923	0.043233	1.9159	11.668	22.219	1058.7	-0.0091163	11.423	0.10532	liquid
22.370	26.143	68.433	0.014613	0.037923	0.043233	1.9159	11.668	22.219	1058.7	-0.0091164	11.423	0.10532	liquid
22.370	26.146	68.433	0.014613	0.037923	0.043233	1.9159	11.668	22.219	1058.7	-0.0091164	11.423	0.10532	liquid
22.370	26.149	68.433	0.014613	0.037922	0.043234	1.9159	11.668	22.219	1058.7	-0.0091164	11.423	0.10532	liquid
22.370	26.152	68.433	0.014613	0.037922	0.043234	1.9159	11.668	22.219	1058.7	-0.0091165	11.423	0.10532	liquid
22.370	26.155	68.433	0.014613	0.037922	0.043234	1.9159	11.668	22.219	1058.7	-0.0091165	11.423	0.10532	liquid
22.370	26.158	68.433	0.014613	0.037922	0.043235	1.9158	11.668	22.219	1058.7	-0.0091165	11.423	0.10532	liquid
22.370	26.161	68.433	0.014613	0.037921	0.043235	1.9158	11.668	22.219	1058.7	-0.0091166	11.423	0.10532	liquid
22.370	26.164	68.433	0.014613	0.037921	0.043235	1.9158	11.668	22.219	1058.7	-0.0091166	11.423	0.10532	liquid
22.370	26.167	68.433	0.014613	0.037921	0.043236	1.9158	11.668	22.219	1058.7	-0.0091166	11.423	0.10532	liquid
22.370	26.170	68.433	0.014613	0.037921	0.043236	1.9158	11.668	22.219	1058.7	-0.0091167	11.423	0.10532	liquid
22.370	26.173	68.433	0.014613	0.037920	0.043236	1.9158	11.668	22.219	1058.7	-0.0091167	11.423	0.10532	liquid
22.370	26.176	68.433	0.014613	0.037920	0.043237	1.9158	11.668	22.219	1058.7	-0.0091168	11.423	0.10532	liquid
22.370	26.179	68.433	0.014613	0.037920	0.043237	1.9158	11.668	22.219	1058.7	-0.0091168	11.423	0.10532	liquid
22.370	26.182	68.433	0.014613	0.037919	0.043237	1.9157	11.668	22.218	1058.7	-0.0091168	11.424	0.10532	liquid
22.370	26.185	68.433	0.014613	0.037919	0.043238	1.9157	11.668	22.218	1058.8	-0.0091169	11.424	0.10532	liquid
22.370	26.188	68.433	0.014613	0.037919	0.043238	1.9157	11.668	22.218	1058.8	-0.0091169	11.424	0.10532	liquid
22.370	26.191	68.433	0.014613	0.037919	0.043238	1.9157	11.668	22.218	1058.8	-0.0091169	11.424	0.10532	liquid
22.370	26.194	68.433	0.014613	0.037918	0.043239	1.9157	11.668	22.218	1058.8	-0.0091170	11.424	0.10532	liquid
22.370	26.197	68.433	0.014613	0.037918	0.043239	1.9157	11.668	22.218	1058.8	-0.0091170	11.424	0.10532	liquid
22.370	26.200	68.433	0.014613	0.037918	0.043239	1.9157	11.668	22.218	1058.8	-0.0091170	11.424	0.10532	liquid
22.370	26.203	68.433	0.014613	0.037918	0.043240	1.9157	11.668	22.218	1058.8	-0.0091171	11.424	0.10532	liquid
22.370	26.206	68.433	0.014613	0.037917	0.043240	1.9156	11.668	22.218	1058.8	-0.0091171	11.424	0.10532	liquid
22.370	26.209	68.433	0.014613	0.037917	0.043240	1.9156	11.668	22.218	1058.8	-0.0091171	11.424	0.10532	liquid
22.370	26.212	68.433	0.014613	0.037917	0.043241	1.9156	11.668	22.218	1058.8	-0.0091172	11.424	0.10532	liquid
22.370	26.215	68.433	0.014613	0.037916	0.043241	1.9156	11.668	22.218	1058.8	-0.0091172	11.424	0.10532	liquid
22.370	26.218	68.433	0.014613	0.037916	0.043241	1.9156	11.668	22.218	1058.8	-0.0091173	11.424	0.10532	liquid
22.370	26.221	68.433	0.014613	0.037916	0.043242	1.9156	11.668	22.218	1058.8	-0.0091173	11.424	0.10532	liquid
22.370	26.224	68.434	0.014613	0.037916	0.043242	1.9156	11.668	22.218	1058.8	-0.0091173	11.424	0.10532	liquid
22.370	26.227	68.434	0.014613	0.037915	0.043242	1.9156	11.668	22.218	1058.8	-0.0091174	11.424	0.10532	liquid
22.370	26.230	68.434	0.014613	0.037915	0.043243	1.9155	11.668	22.218	1058.8	-0.0091174	11.424	0.10532	liquid
22.370	26.233	68.434	0.014613	0.037915	0.043243	1.9155	11.668	22.218	1058.8	-0.0091174	11.424	0.10532	liquid
22.370	26.236	68.434	0.014613	0.037915	0.043243	1.9155	11.668	22.218	1058.8	-0.0091175	11.424	0.10532	liquid
22.370	26.239	68.434	0.014613	0.037914	0.043244	1.9155	11.668	22.218	1058.8	-0.0091175	11.424	0.10532	liquid
22.370	26.242	68.434	0.014613	0.037914	0.043244	1.9155	11.668	22.218	1058.8	-0.0091175	11.424	0.10532	liquid
22.370	26.245	68.434	0.014613	0.037914	0.043244	1.9155	11.668	22.218	1058.8	-0.0091176	11.424	0.10532	liquid
22.370	26.248	68.434	0.014613	0.037914	0.043245	1.9155	11.668	22.218	1058.8	-0.0091176	11.424	0.10532	liquid
22.370	26.251	68.434	0.014613	0.037913	0.043245	1.9155	11.668	22.218	1058.8	-0.0091177	11.424	0.10532	liquid
22.370	26.254	68.434	0.014613	0.037913	0.043245	1.9155	11.668	22.218	1058.8	-0.0091177	11.424	0.10532	liquid
22.370	26.257	68.434	0.014613	0.037913	0.043246	1.9154	11.668	22.218	1058.8	-0.0091177	11.424	0.10532	liquid
22.370	26.260	68.434	0.014613	0.037912	0.043246	1.9154	11.668	22.218	1058.8	-0.0091178	11.424	0.10532	liquid
22.370	26.263	68.434	0.014613	0.037912	0.043246	1.9154	11.668	22.218	1058.8	-0.0091178	11.424	0.10532	liquid
22.370	26.266	68.434	0.014613	0.037912	0.043247	1.9154	11.668	22.218	1058.8	-0.0091178	11.424	0.10532	liquid
22.370	26.269	68.434	0.014613	0.037912	0.043247	1.9154	11.668	22.218	1058.8	-0.0091179	11.424	0.10532	liquid
22.370	26.272	68.434	0.014613	0.037911	0.043247	1.9154	11.668	22.217	1058.8	-0.0091179	11.424	0.10532	liquid
22.370	26.275	68.434	0.014613	0.037911	0.043248	1.9154	11.668	22.217	1058.8	-0.0091179	11.424	0.10532	liquid
22.370	26.278	68.434	0.014613	0.037911	0.043248	1.9154	11.668	22.217	1058.8	-0.0091180	11.424	0.10532	liquid
22.370	26.281	68.434	0.014613	0.037911	0.043248	1.9153	11.668	22.217	1058.8	-0.0091180	11.424	0.10532	liquid
22.370	26.284	68.434	0.014613	0.037910	0.043249	1.9153	11.668	22.217	1058.8	-0.0091181	11.424	0.10532	liquid
22.370	26.287	68.434	0.014613	0.037910	0.043249	1.9153	11.668	22.217	1058.8	-0.0091181	11.424	0.10532	liquid
22.370	26.290	68.434	0.014613	0.037910	0.043249	1.9153	11.668	22.217	1058.8	-0.0091181	11.424	0.10532	liquid
22.370	26.293	68.434	0.014613	0.037910	0.043250	1.9153	11.668	22.217	1058.8	-0.0091182	11.424	0.10532	liquid
22.370	26.296	68.434	0.014613	0.037909	0.043250	1.9153	11.668	22.217	1058.8	-0.0091182	11.424	0.10532	liquid
22.370	26.299	68.434	0.014613	0.037909	0.043250	1.9153	11.668	22.217	1058.8	-0.0091182	11.424	0.10532	liquid
22.370	26.302	68.434	0.014613	0.037909	0.043251	1.9153	11.668	22.217	1058.8	-0.0091183	11.424	0.10532	liquid
22.370	26.305	68.434	0.014613	0.037908	0.043251	1.9152	11.668	22.217	1058.8	-0.0091183	11.424	0.10532	liquid
22.370	26.308	68.434	0.014613	0.037908	0.043251	1.9152	11.668	22.217	1058.8	-0.0091183	11.424	0.10532	liquid
22.370	26.311	68.435	0.014613	0.037908	0.043252	1.9152	11.668	22.217	1058.8	-0.0091184	11.424	0.10532	liquid
22.370	26.314	68.435	0.014612	0.037908	0.043252	1.9152	11.668	22.217	1058.8	-0.0091184	11.424	0.10532	liquid
22.370	26.317	68.435	0.014612	0.037907	0.043252	1.9152	11.668	22.217	1058.8	-0.0091185	11.424	0.10532	liquid
22.370	26.320	68.435	0.014612	0.037907	0.043253	1.9152	11.668	22.217	1058.8	-0.0091185	11.424	0.10532	liquid
22.370	26.323	68.435	0.014612	0.037907	0.043253	1.9152	11.668	22.217	1058.8	-0.0091185	11.424	0.10532	liquid
22.370	26.326	68.435	0.014612	0.037907	0.043253	1.9152	11.668	22.217	1058.8	-0.0091186	11.424	0.10532	liquid
22.370	26.329	68.435	0.014612	0.037906	0.043254	1.9151	11.668	22.217	1058.8	-0.0091186	11.424	0.10532	liquid
22.370	26.332	68.435	0.014612	0.037906	0.043254	1.9151	11.668	22.217	1058.8	-0.0091186	11.424	0.10532	liquid
22.370	26.335	68.435	0.014612	0.037906	0.043254	1.9151	11.668	22.217	1058.8	-0.0091187	11.424	0.10532	liquid
22.370	26.338	68.435	0.014612	0.037905	0.043255	1.9151	11.668	22.217	1058.8	-0.0091187	11.425	0.10532	liquid
22.370	26.341	68.435	0.014612	0.037905	0.043255	1.9151	11.668	22.217	1058.8	-0.0091187	11.425	0.10532	liquid
22.370	26.344	68.435	0.014612	0.037905	0.043256	1.9151	11.668	22.217	1058.8	-0.0091188	11.425	0.10532	liquid
22.370	26.347	68.435	0.014612	0.037905	0.043256	1.9151	11.668	22.217	1058.8	-0.0091188	11.425	0.10532	liquid
22.370	26.350	68.435	0.014612	0.037904	0.043256	1.9151	11.668	22.217	1058.8	-0.0091188	11.425	0.10532	liquid
22.370	26.353	68.435	0.014612	0.037904	0.043257	1.9151	11.668	22.217	1058.8	-0.0091189	11.425	0.10532	liquid
22.370	26.356	68.435	0.014612	0.037904	0.043257	1.9150	11.668	22.217	1058.8	-0.0091189	11.425	0.10532	liquid
22.370	26.359	68.435	0.014612	0.037904	0.043257	1.9150	11.668	22.217	1058.8	-0.0091190	11.425	0.10532	liquid
22.370	26.362	68.435	0.014612	0.037903	0.043258	1.9150	11.668	22.216	1058.8	-0.0091190	11.425	0.10532	liquid
22.370	26.365	68.435	0.014612	0.037903	0.043258	1.9150	11.668	22.216	1058.8	-0.0091190	11.425	0.10532	liquid
22.370	26.368	68.435	0.014612	0.037903	0.043258	1.9150	11.668	22.216	1058.8	-0.0091191	11.425	0.10532	liquid
22.370	26.371	68.435	0.014612	0.037903	0.043259	1.9150	11.668	22.216	1058.8	-0.0091191	11.425	0.10532	liquid
22.370	26.374	68.435	0.014612	0.037902	0.043259	1.9150	11.668	22.216	1058.8	-0.0091191	11.425	0.10532	liquid
22.370	26.377	68.435	0.014612	0.037902	0.043259	1.9150	11.668	22.216	1058.8	-0.0091192	11.425	0.10532	liquid
22.370	26.380	68.435	0.014612	0.037902	0.043260	1.9149	11.668	22.216	1058.8	-0.0091192	11.425	0.10532	liquid
22.370	26.383	68.435	0.014612	0.037901	0.043260	1.9149	11.668	22.216	1058.8	-0.0091192	11.425	0.10532	liquid
22.370	26.386	68.435	0.014612	0.037901	0.043260	1.9149	11.668	22.216	1058.8	-0.0091193	11.425	0.10532	liquid
22.370	26.389	68.435	0.014612	0.037901	0.043261	1.9149	11.668	22.216	1058.8	-0.0091193	11.425	0.10532	liquid
22.370	26.392	68.435	0.014612	0.037901	0.043261	1.9149	11.668	22.216	1058.8	-0.0091194	11.425	0.10532	liquid
22.370	26.395	68.436	0.014612	0.037900	0.043261	1.9149	11.668	22.216	1058.8	-0.0091194	11.425	0.10532	liquid
22.370	26.398	68.436	0.014612	0.037900	0.043262	1.9149	11.668	22.216	1058.8	-0.0091194	11.425	0.10532	liquid
22.370	26.401	68.436	0.014612	0.037900	0.043262	1.9149	11.669	22.216	1058.8	-0.0091195	11.425	0.10532	liquid
22.370	26.404	68.436	0.014612	0.037900	0.043262	1.9148	11.669	22.216	1058.8	-0.0091195	11.425	0.10532	liquid
22.370	26.407	68.436	0.014612	0.037899	0.043263	1.9148	11.669	22.216	1058.9	-0.0091195	11.425	0.10532	liquid
22.370	26.410	68.436	0.014612	0.037899	0.043263	1.9148	11.669	22.216	1058.9	-0.0091196	11.425	0.10532	liquid
22.370	26.413	68.436	0.014612	0.037899	0.043263	1.9148	11.669	22.216	1058.9	-0.0091196	11.425	0.10532	liquid
22.370	26.416	68.436	0.014612	0.037898	0.043264	1.9148	11.669	22.216	1058.9	-0.0091196	11.425	0.10532	liquid
22.370	26.419	68.436	0.014612	0.037898	0.043264	1.9148	11.669	22.216	1058.9	-0.0091197	11.425	0.10532	liquid
22.370	26.422	68.436	0.014612	0.037898	0.043264	1.9148	11.669	22.216	1058.9	-0.0091197	11.425	0.10532	liquid
22.370	26.425	68.436	0.014612	0.037898	0.043265	1.9148	11.669	22.216	1058.9	-0.0091198	11.425	0.10532	liquid
22.370	26.428	68.436	0.014612	0.037897	0.043265	1.9147	11.669	22.216	1058.9	-0.0091198	11.425	0.10532	liquid
22.370	26.431	68.436	0.014612	0.037897	0.043265	1.9147	11.669	22.216	1058.9	-0.0091198	11.425	0.10532	liquid
22.370	26.434	68.436	0.014612	0.037897	0.043266	1.9147	11.669	22.216	1058.9	-0.0091199	11.425	0.10532	liquid
22.370	26.437	68.436	0.014612	0.037897	0.043266	1.9147	11.669	22.216	1058.9	-0.0091199	11.425	0.10532	liquid
22.370	26.440	68.436	0.014612	0.037896	0.043266	1.9147	11.669	22.216	1058.9	-0.0091199	11.425	0.10532	liquid
22.370	26.443	68.436	0.014612	0.037896	0.043267	1.9147	11.669	22.216	1058.9	-0.0091200	11.425	0.10532	liquid
22.370	26.446	68.436	0.014612	0.037896	0.043267	1.9147	11.669	22.216	1058.9	-0.0091200	11.425	0.10532	liquid
22.370	26.449	68.436	0.014612	0.037896	0.043267	1.9147	11.669	22.216	1058.9	-0.0091200	11.425	0.10532	liquid
22.370	26.452	68.436	0.014612	0.037895	0.043268	1.9146	11.669	22.215	1058.9	-0.0091201	11.425	0.10532	liquid
22.370	26.455	68.436	0.014612	0.037895	0.043268	1.9146	11.669	22.215	1058.9	-0.0091201	11.425	0.10532	liquid
22.370	26.458	68.436	0.014612	0.037895	0.043268	1.9146	11.669	22.215	1058.9	-0.0091201	11.425	0.10532	liquid
22.370	26.461	68.436	0.014612	0.037894	0.043269	1.9146	11.669	22.215	1058.9	-0.0091202	11.425	0.10532	liquid
22.370	26.464	68.436	0.014612	0.037894	0.043269	1.9146	11.669	22.215	1058.9	-0.0091202	11.425	0.10532	liquid
22.370	26.467	68.436	0.014612	0.037894	0.043269	1.9146	11.669	22.215	1058.9	-0.0091203	11.425	0.10532	liquid
22.370	26.470	68.436	0.014612	0.037894	0.043270	1.9146	11.669	22.215	1058.9	-0.0091203	11.425	0.10532	liquid
22.370	26.473	68.436	0.014612	0.037893	0.043270	1.9146	11.669	22.215	1058.9	-0.0091203	11.425	0.10532	liquid
22.370	26.476	68.436	0.014612	0.037893	0.043270	1.9146	11.669	22.215	1058.9	-0.0091204	11.425	0.10532	liquid
22.370	26.479	68.437	0.014612	0.037893	0.043271	1.9145	11.669	22.215	1058.9	-0.0091204	11.425	0.10532	liquid
22.370	26.482	68.437	0.014612	0.037893	0.043271	1.9145	11.669	22.215	1058.9	-0.0091204	11.425	0.10532	liquid
22.370	26.485	68.437	0.014612	0.037892	0.043271	1.9145	11.669	22.215	1058.9	-0.0091205	11.425	0.10532	liquid
22.370	26.488	68.437	0.014612	0.037892	0.043272	1.9145	11.669	22.215	1058.9	-0.0091205	11.425	0.10532	liquid
22.370	26.491	68.437	0.014612	0.037892	0.043272	1.9145	11.669	22.215	1058.9	-0.0091205	11.425	0.10532	liquid
22.370	26.494	68.437	0.014612	0.037891	0.043272	1.9145	11.669	22.215	1058.9	-0.0091206	11.426	0.10532	liquid
22.370	26.497	68.437	0.014612	0.037891	0.043273	1.9145	11.669	22.215	1058.9	-0.0091206	11.426	0.10532	liquid
22.370	26.500	68.437	0.014612	0.037891	0.043273	1.9145	11.669	22.215	1058.9	-0.0091207	11.426	0.10532	liquid
22.370	26.503	68.437	0.014612	0.037891	0.043273	1.9144	11.669	22.215	1058.9	-0.0091207	11.426	0.10532	liquid
22.370	26.506	68.437	0.014612	0.037890	0.043274	1.9144	11.669	22.215	1058.9	-0.0091207	11.426	0.10532	liquid
22.370	26.509	68.437	0.014612	0.037890	0.043274	1.9144	11.669	22.215	1058.9	-0.0091208	11.426	0.10533	liquid
22.370	26.512	68.437	0.014612	0.037890	0.043274	1.9144	11.669	22.215	1058.9	-0.0091208	11.426	0.10533	liquid
22.370	26.515	68.437	0.014612	0.037890	0.043275	1.9144	11.669	22.215	1058.9	-0.0091208	11.426	0.10533	liquid
22.370	26.518	68.437	0.014612	0.037889	0.043275	1.9144	11.669	22.215	1058.9	-0.0091209	11.426	0.10533	liquid
22.370	26.521	68.437	0.014612	0.037889	0.043275	1.9144	11.669	22.215	1058.9	-0.0091209	11.426	0.10533	liquid
22.370	26.524	68.437	0.014612	0.037889	0.043276	1.9144	11.669	22.215	1058.9	-0.0091209	11.426	0.10533	liquid
22.370	26.527	68.437	0.014612	0.037889	0.043276	1.9143	11.669	22.215	1058.9	-0.0091210	11.426	0.10533	liquid
22.370	26.530	68.437	0.014612	0.037888	0.043276	1.9143	11.669	22.215	1058.9	-0.0091210	11.426	0.10533	liquid
22.370	26.533	68.437	0.014612	0.037888	0.043277	1.9143	11.669	22.215	1058.9	-0.0091211	11.426	0.10533	liquid
22.370	26.536	68.437	0.014612	0.037888	0.043277	1.9143	11.669	22.215	1058.9	-0.0091211	11.426	0.10533	liquid
22.370	26.539	68.437	0.014612	0.037887	0.043277	1.9143	11.669	22.214	1058.9	-0.0091211	11.426	0.10533	liquid
22.370	26.542	68.437	0.014612	0.037887	0.043278	1.9143	11.669	22.214	1058.9	-0.0091212	11.426	0.10533	liquid
22.370	26.545	68.437	0.014612	0.037887	0.043278	1.9143	11.669	22.214	1058.9	-0.0091212	11.426	0.10533	liquid
22.370	26.548	68.437	0.014612	0.037887	0.043278	1.9143	11.669	22.214	1058.9	-0.0091212	11.426	0.10533	liquid
22.370	26.551	68.437	0.014612	0.037886	0.043279	1.9142	11.669	22.214	1058.9	-0.0091213	11.426	0.10533	liquid
22.370	26.554	68.437	0.014612	0.037886	0.043279	1.9142	11.669	22.214	1058.9	-0.0091213	11.426	0.10533	liquid
22.370	26.557	68.437	0.014612	0.037886	0.043279	1.9142	11.669	22.214	1058.9	-0.0091213	11.426	0.10533	liquid
22.370	26.560	68.437	0.014612	0.037886	0.043280	1.9142	11.669	22.214	1058.9	-0.0091214	11.426	0.10533	liquid
22.370	26.563	68.437	0.014612	0.037885	0.043280	1.9142	11.669	22.214	1058.9	-0.0091214	11.426	0.10533	liquid
22.370	26.566	68.438	0.014612	0.037885	0.043280	1.9142	11.669	22.214	1058.9	-0.0091214	11.426	0.10533	liquid
22.370	26.569	68.438	0.014612	0.037885	0.043281	1.9142	11.669	22.214	1058.9	-0.0091215	11.426	0.10533	liquid
22.370	26.572	68.438	0.014612	0.037884	0.043281	1.9142	11.669	22.214	1058.9	-0.0091215	11.426	0.10533	liquid
22.370	26.575	68.438	0.014612	0.037884	0.043282	1.9142	11.669	22.214	1058.9	-0.0091216	11.426	0.10533	liquid
22.370	26.578	68.438	0.014612	0.037884	0.043282	1.9141	11.669	22.214	1058.9	-0.0091216	11.426	0.10533	liquid
22.370	26.581	68.438	0.014612	0.037884	0.043282	1.9141	11.669	22.214	1058.9	-0.0091216	11.426	0.10533	liquid
22.370	26.584	68.438	0.014612	0.037883	0.043283	1.9141	11.669	22.214	1058.9	-0.0091217	11.426	0.10533	liquid
22.370	26.587	68.438	0.014612	0.037883	0.043283	1.9141	11.669	22.214	1058.9	-0.0091217	11.426	0.10533	liquid
22.370	26.590	68.438	0.014612	0.037883	0.043283	1.9141	11.669	22.214	1058.9	-0.0091217	11.426	0.10533	liquid
22.370	26.593	68.438	0.014612	0.037883	0.043284	1.9141	11.669	22.214	1058.9	-0.0091218	11.426	0.10533	liquid
22.370	26.596	68.438	0.014612	0.037882	0.043284	1.9141	11.669	22.214	1058.9	-0.0091218	11.426	0.10533	liquid
22.370	26.599	68.438	0.014612	0.037882	0.043284	1.9141	11.669	22.214	1058.9	-0.0091218	11.426	0.10533	liquid
22.370	26.602	68.438	0.014612	0.037882	0.043285	1.9140	11.669	22.214	1058.9	-0.0091219	11.426	0.10533	liquid
22.370	26.605	68.438	0.014612	0.037882	0.043285	1.9140	11.669	22.214	1058.9	-0.0091219	11.426	0.10533	liquid
22.370	26.608	68.438	0.014612	0.037881	0.043285	1.9140	11.669	22.214	1058.9	-0.0091220	11.426	0.10533	liquid
22.370	26.611	68.438	0.014612	0.037881	0.043286	1.9140	11.669	22.214	1058.9	-0.0091220	11.426	0.10533	liquid
22.370	26.614	68.438	0.014612	0.037881	0.043286	1.9140	11.669	22.214	1058.9	-0.0091220	11.426	0.10533	liquid
22.370	26.617	68.438	0.014612	0.037880	0.043286	1.9140	11.669	22.214	1058.9	-0.0091221	11.426	0.10533	liquid
22.370	26.620	68.438	0.014612	0.037880	0.043287	1.9140	11.669	22.214	1058.9	-0.0091221	11.426	0.10533	liquid
22.370	26.623	68.438	0.014612	0.037880	0.043287	1.9140	11.669	22.214	1058.9	-0.0091221	11.426	0.10533	liquid
22.370	26.626	68.438	0.014612	0.037880	0.043287	1.9139	11.669	22.214	1058.9	-0.0091222	11.426	0.10533	liquid
22.370	26.629	68.438	0.014612	0.037879	0.043288	1.9139	11.669	22.213	1059.0	-0.0091222	11.426	0.10533	liquid
22.370	26.632	68.438	0.014612	0.037879	0.043288	1.9139	11.669	22.213	1059.0	-0.0091222	11.426	0.10533	liquid
22.370	26.635	68.438	0.014612	0.037879	0.043288	1.9139	11.669	22.213	1059.0	-0.0091223	11.426	0.10533	liquid
22.370	26.638	68.438	0.014612	0.037879	0.043289	1.9139	11.669	22.213	1059.0	-0.0091223	11.426	0.10533	liquid
22.370	26.641	68.438	0.014612	0.037878	0.043289	1.9139	11.669	22.213	1059.0	-0.0091224	11.426	0.10533	liquid
22.370	26.644	68.438	0.014612	0.037878	0.043289	1.9139	11.669	22.213	1059.0	-0.0091224	11.426	0.10533	liquid
22.370	26.647	68.438	0.014612	0.037878	0.043290	1.9139	11.669	22.213	1059.0	-0.0091224	11.426	0.10533	liquid
22.370	26.650	68.439	0.014612	0.037878	0.043290	1.9138	11.669	22.213	1059.0	-0.0091225	11.427	0.10533	liquid
22.370	26.653	68.439	0.014612	0.037877	0.043290	1.9138	11.669	22.213	1059.0	-0.0091225	11.427	0.10533	liquid
22.370	26.656	68.439	0.014612	0.037877	0.043291	1.9138	11.669	22.213	1059.0	-0.0091225	11.427	0.10533	liquid
22.370	26.659	68.439	0.014612	0.037877	0.043291	1.9138	11.669	22.213	1059.0	-0.0091226	11.427	0.10533	liquid
22.370	26.662	68.439	0.014612	0.037876	0.043291	1.9138	11.669	22.213	1059.0	-0.0091226	11.427	0.10533	liquid
22.370	26.665	68.439	0.014612	0.037876	0.043292	1.9138	11.669	22.213	1059.0	-0.0091226	11.427	0.10533	liquid
22.370	26.668	68.439	0.014612	0.037876	0.043292	1.9138	11.669	22.213	1059.0	-0.0091227	11.427	0.10533	liquid
22.370	26.671	68.439	0.014612	0.037876	0.043292	1.9138	11.669	22.213	1059.0	-0.0091227	11.427	0.10533	liquid
22.370	26.674	68.439	0.014612	0.037875	0.043293	1.9138	11.669	22.213	1059.0	-0.0091227	11.427	0.10533	liquid
22.370	26.677	68.439	0.014612	0.037875	0.043293	1.9137	11.669	22.213	1059.0	-0.0091228	11.427	0.10533	liquid
22.370	26.680	68.439	0.014612	0.037875	0.043293	1.9137	11.669	22.213	1059.0	-0.0091228	11.427	0.10533	liquid
22.370	26.683	68.439	0.014612	0.037875	0.043294	1.9137	11.669	22.213	1059.0	-0.0091229	11.427	0.10533	liquid
22.370	26.686	68.439	0.014612	0.037874	0.043294	1.9137	11.669	22.213	1059.0	-0.0091229	11.427	0.10533	liquid
22.370	26.689	68.439	0.014612	0.037874	0.043294	1.9137	11.669	22.213	1059.0	-0.0091229	11.427	0.10533	liquid
22.370	26.692	68.439	0.014612	0.037874	0.043295	1.9137	11.669	22.213	1059.0	-0.0091230	11.427	0.10533	liquid
22.370	26.695	68.439	0.014612	0.037873	0.043295	1.9137	11.669	22.213	1059.0	-0.0091230	11.427	0.10533	liquid
22.370	26.698	68.439	0.014612	0.037873	0.043295	1.9137	11.669	22.213	1059.0	-0.0091230	11.427	0.10533	liquid
22.370	26.701	68.439	0.014612	0.037873	0.043296	1.9136	11.669	22.213	1059.0	-0.0091231	11.427	0.10533	liquid
22.370	26.704	68.439	0.014612	0.037873	0.043296	1.9136	11.669	22.213	1059.0	-0.0091231	11.427	0.10533	liquid
22.370	26.707	68.439	0.014612	0.037872	0.043296	1.9136	11.669	22.213	1059.0	-0.0091231	11.427	0.10533	liquid
22.370	26.710	68.439	0.014612	0.037872	0.043297	1.9136	11.669	22.213	1059.0	-0.0091232	11.427	0.10533	liquid
22.370	26.713	68.439	0.014612	0.037872	0.043297	1.9136	11.669	22.213	1059.0	-0.0091232	11.427	0.10533	liquid
22.370	26.716	68.439	0.014611	0.037872	0.043297	1.9136	11.669	22.213	1059.0	-0.0091233	11.427	0.10533	liquid
22.370	26.719	68.439	0.014611	0.037871	0.043298	1.9136	11.669	22.212	1059.0	-0.0091233	11.427	0.10533	liquid
22.370	26.722	68.439	0.014611	0.037871	0.043298	1.9136	11.669	22.212	1059.0	-0.0091233	11.427	0.10533	liquid
22.370	26.725	68.439	0.014611	0.037871	0.043298	1.9135	11.669	22.212	1059.0	-0.0091234	11.427	0.10533	liquid
22.370	26.728	68.439	0.014611	0.037871	0.043299	1.9135	11.669	22.212	1059.0	-0.0091234	11.427	0.10533	liquid
22.370	26.731	68.439	0.014611	0.037870	0.043299	1.9135	11.669	22.212	1059.0	-0.0091234	11.427	0.10533	liquid
22.370	26.734	68.439	0.014611	0.037870	0.043299	1.9135	11.669	22.212	1059.0	-0.0091235	11.427	0.10533	liquid
22.370	26.737	68.440	0.014611	0.037870	0.043300	1.9135	11.669	22.212	1059.0	-0.0091235	11.427	0.10533	liquid
22.370	26.740	68.440	0.014611	0.037869	0.043300	1.9135	11.669	22.212	1059.0	-0.0091235	11.427	0.10533	liquid
22.370	26.743	68.440	0.014611	0.037869	0.043300	1.9135	11.669	22.212	1059.0	-0.0091236	11.427	0.10533	liquid
22.370	26.746	68.440	0.014611	0.037869	0.043301	1.9135	11.669	22.212	1059.0	-0.0091236	11.427	0.10533	liquid
22.370	26.749	68.440	0.014611	0.037869	0.043301	1.9134	11.669	22.212	1059.0	-0.0091237	11.427	0.10533	liquid
22.370	26.752	68.440	0.014611	0.037868	0.043301	1.9134	11.669	22.212	1059.0	-0.0091237	11.427	0.10533	liquid
22.370	26.755	68.440	0.014611	0.037868	0.043302	1.9134	11.669	22.212	1059.0	-0.0091237	11.427	0.10533	liquid
22.370	26.758	68.440	0.014611	0.037868	0.043302	1.9134	11.669	22.212	1059.0	-0.0091238	11.427	0.10533	liquid
22.370	26.761	68.440	0.014611	0.037868	0.043302	1.9134	11.669	22.212	1059.0	-0.0091238	11.427	0.10533	liquid
22.370	26.764	68.440	0.014611	0.037867	0.043303	1.9134	11.669	22.212	1059.0	-0.0091238	11.427	0.10533	liquid
22.370	26.767	68.440	0.014611	0.037867	0.043303	1.9134	11.669	22.212	1059.0	-0.0091239	11.427	0.10533	liquid
22.370	26.770	68.440	0.014611	0.037867	0.043303	1.9134	11.669	22.212	1059.0	-0.0091239	11.427	0.10533	liquid
22.370	26.773	68.440	0.014611	0.037866	0.043304	1.9134	11.669	22.212	1059.0	-0.0091239	11.427	0.10533	liquid
22.370	26.776	68.440	0.014611	0.037866	0.043304	1.9133	11.669	22.212	1059.0	-0.0091240	11.427	0.10533	liquid
22.370	26.779	68.440	0.014611	0.037866	0.043304	1.9133	11.669	22.212	1059.0	-0.0091240	11.427	0.10533	liquid
22.370	26.782	68.440	0.014611	0.037866	0.043305	1.9133	11.669	22.212	1059.0	-0.0091240	11.427	0.10533	liquid
22.370	26.785	68.440	0.014611	0.037865	0.043305	1.9133	11.669	22.212	1059.0	-0.0091241	11.427	0.10533	liquid
22.370	26.788	68.440	0.014611	0.037865	0.043305	1.9133	11.669	22.212	1059.0	-0.0091241	11.427	0.10533	liquid
22.370	26.791	68.440	0.014611	0.037865	0.043306	1.9133	11.669	22.212	1059.0	-0.0091242	11.427	0.10533	liquid
22.370	26.794	68.440	0.014611	0.037865	0.043306	1.9133	11.669	22.212	1059.0	-0.0091242	11.427	0.10533	liquid
22.370	26.797	68.440	0.014611	0.037864	0.043307	1.9133	11.669	22.212	1059.0	-0.0091242	11.427	0.10533	liquid
22.370	26.800	68.440	0.014611	0.037864	0.043307	1.9132	11.669	22.212	1059.0	-0.0091243	11.427	0.10533	liquid
22.370	26.803	68.440	0.014611	0.037864	0.043307	1.9132	11.669	22.212	1059.0	-0.0091243	11.427	0.10533	liquid
22.370	26.806	68.440	0.014611	0.037864	0.043308	1.9132	11.669	22.212	1059.0	-0.0091243	11.428	0.10533	liquid
22.370	26.809	68.440	0.014611	0.037863	0.043308	1.9132	11.669	22.211	1059.0	-0.0091244	11.428	0.10533	liquid
22.370	26.812	68.440	0.014611	0.037863	0.043308	1.9132	11.669	22.211	1059.0	-0.0091244	11.428	0.10533	liquid
22.370	26.815	68.440	0.014611	0.037863	0.043309	1.9132	11.669	22.211	1059.0	-0.0091244	11.428	0.10533	liquid
22.370	26.818	68.440	0.014611	0.037862	0.043309	1.9132	11.669	22.211	1059.0	-0.0091245	11.428	0.10533	liquid
22.370	26.821	68.441	0.014611	0.037862	0.043309	1.9132	11.669	22.211	1059.0	-0.0091245	11.428	0.10533	liquid
22.370	26.824	68.441	0.014611	0.037862	0.043310	1.9131	11.669	22.211	1059.0	-0.0091246	11.428	0.10533	liquid
22.370	26.827	68.441	0.014611	0.037862	0.043310	1.9131	11.669	22.211	1059.0	-0.0091246	11.428	0.10533	liquid
22.370	26.830	68.441	0.014611	0.037861	0.043310	1.9131	11.669	22.211	1059.0	-0.0091246	11.428	0.10533	liquid
22.370	26.833	68.441	0.014611	0.037861	0.043311	1.9131	11.669	22.211	1059.0	-0.0091247	11.428	0.10533	liquid
22.370	26.836	68.441	0.014611	0.037861	0.043311	1.9131	11.669	22.211	1059.0	-0.0091247	11.428	0.10533	liquid
22.370	26.839	68.441	0.014611	0.037861	0.043311	1.9131	11.669	22.211	1059.0	-0.0091247	11.428	0.10533	liquid
22.370	26.842	68.441	0.014611	0.037860	0.043312	1.9131	11.669	22.211	1059.0	-0.0091248	11.428	0.10533	liquid
22.370	26.845	68.441	0.014611	0.037860	0.043312	1.9131	11.669	22.211	1059.0	-0.0091248	11.428	0.10533	liquid
22.370	26.848	68.441	0.014611	0.037860	0.043312	1.9130	11.669	22.211	1059.0	-0.0091248	11.428	0.10533	liquid
22.370	26.851	68.441	0.014611	0.037860	0.043313	1.9130	11.669	22.211	1059.1	-0.0091249	11.428	0.10533	liquid
22.370	26.854	68.441	0.014611	0.037859	0.043313	1.9130	11.669	22.211	1059.1	-0.0091249	11.428	0.10533	liquid
22.370	26.857	68.441	0.014611	0.037859	0.043313	1.9130	11.669	22.211	1059.1	-0.0091250	11.428	0.10533	liquid
22.370	26.860	68.441	0.014611	0.037859	0.043314	1.9130	11.669	22.211	1059.1	-0.0091250	11.428	0.10533	liquid
22.370	26.863	68.441	0.014611	0.037858	0.043314	1.9130	11.669	22.211	1059.1	-0.0091250	11.428	0.10533	liquid
22.370	26.866	68.441	0.014611	0.037858	0.043314	1.9130	11.669	22.211	1059.1	-0.0091251	11.428	0.10533	liquid
22.370	26.869	68.441	0.014611	0.037858	0.043315	1.9130	11.669	22.211	1059.1	-0.0091251	11.428	0.10533	liquid
22.370	26.872	68.441	0.014611	0.037858	0.043315	1.9130	11.669	22.211	1059.1	-0.0091251	11.428	0.10533	liquid
22.370	26.875	68.441	0.014611	0.037857	0.043315	1.9129	11.669	22.211	1059.1	-0.0091252	11.428	0.10533	liquid
22.370	26.878	68.441	0.014611	0.037857	0.043316	1.9129	11.669	22.211	1059.1	-0.0091252	11.428	0.10533	liquid
22.370	26.881	68.441	0.014611	0.037857	0.043316	1.9129	11.669	22.211	1059.1	-0.0091252	11.428	0.10533	liquid
22.370	26.884	68.441	0.014611	0.037857	0.043316	1.9129	11.669	22.211	1059.1	-0.0091253	11.428	0.10533	liquid
22.370	26.887	68.441	0.014611	0.037856	0.043317	1.9129	11.669	22.211	1059.1	-0.0091253	11.428	0.10533	liquid
22.370	26.890	68.441	0.014611	0.037856	0.043317	1.9129	11.669	22.211	1059.1	-0.0091253	11.428	0.10533	liquid
22.370	26.893	68.441	0.014611	0.037856	0.043317	1.9129	11.669	22.211	1059.1	-0.0091254	11.428	0.10533	liquid
22.370	26.896	68.441	0.014611	0.037855	0.043318	1.9129	11.669	22.210	1059.1	-0.0091254	11.428	0.10533	liquid
22.370	26.899	68.441	0.014611	0.037855	0.043318	1.9128	11.669	22.210	1059.1	-0.0091255	11.428	0.10533	liquid
22.370	26.902	68.441	0.014611	0.037855	0.043318	1.9128	11.669	22.210	1059.1	-0.0091255	11.428	0.10533	liquid
22.370	26.905	68.441	0.014611	0.037855	0.043319	1.9128	11.669	22.210	1059.1	-0.0091255	11.428	0.10533	liquid
22.370	26.908	68.442	0.014611	0.037854	0.043319	1.9128	11.669	22.210	1059.1	-0.0091256	11.428	0.10533	liquid
22.370	26.911	68.442	0.014611	0.037854	0.043319	1.9128	11.669	22.210	1059.1	-0.0091256	11.428	0.10533	liquid
22.370	26.914	68.442	0.014611	0.037854	0.043320	1.9128	11.669	22.210	1059.1	-0.0091256	11.428	0.10533	liquid
22.370	26.917	68.442	0.014611	0.037854	0.043320	1.9128	11.669	22.210	1059.1	-0.0091257	11.428	0.10533	liquid
22.370	26.920	68.442	0.014611	0.037853	0.043320	1.9128	11.669	22.210	1059.1	-0.0091257	11.428	0.10533	liquid
22.370	26.923	68.442	0.014611	0.037853	0.043321	1.9127	11.669	22.210	1059.1	-0.0091257	11.428	0.10533	liquid
22.370	26.926	68.442	0.014611	0.037853	0.043321	1.9127	11.669	22.210	1059.1	-0.0091258	11.428	0.10533	liquid
22.370	26.929	68.442	0.014611	0.037853	0.043321	1.9127	11.669	22.210	1059.1	-0.0091258	11.428	0.10533	liquid
22.370	26.932	68.442	0.014611	0.037852	0.043322	1.9127	11.669	22.210	1059.1	-0.0091259	11.428	0.10533	liquid
22.370	26.935	68.442	0.014611	0.037852	0.043322	1.9127	11.669	22.210	1059.1	-0.0091259	11.428	0.10533	liquid
22.370	26.938	68.442	0.014611	0.037852	0.043322	1.9127	11.669	22.210	1059.1	-0.0091259	11.428	0.10533	liquid
22.370	26.941	68.442	0.014611	0.037851	0.043323	1.9127	11.669	22.210	1059.1	-0.0091260	11.428	0.10533	liquid
22.370	26.944	68.442	0.014611	0.037851	0.043323	1.9127	11.669	22.210	1059.1	-0.0091260	11.428	0.10533	liquid
22.370	26.947	68.442	0.014611	0.037851	0.043323	1.9126	11.669	22.210	1059.1	-0.0091260	11.428	0.10533	liquid
22.370	26.950	68.442	0.014611	0.037851	0.043324	1.9126	11.669	22.210	1059.1	-0.0091261	11.428	0.10533	liquid
22.370	26.953	68.442	0.014611	0.037850	0.043324	1.9126	11.669	22.210	1059.1	-0.0091261	11.428	0.10534	liquid
22.370	26.956	68.442	0.014611	0.037850	0.043324	1.9126	11.669	22.210	1059.1	-0.0091261	11.428	0.10534	liquid
22.370	26.959	68.442	0.014611	0.037850	0.043325	1.9126	11.669	22.210	1059.1	-0.0091262	11.428	0.10534	liquid
22.370	26.962	68.442	0.014611	0.037850	0.043325	1.9126	11.669	22.210	1059.1	-0.0091262	11.429	0.10534	liquid
22.370	26.965	68.442	0.014611	0.037849	0.043325	1.9126	11.669	22.210	1059.1	-0.0091263	11.429	0.10534	liquid
22.370	26.968	68.442	0.014611	0.037849	0.043326	1.9126	11.669	22.210	1059.1	-0.0091263	11.429	0.10534	liquid
22.370	26.971	68.442	0.014611	0.037849	0.043326	1.9125	11.669	22.210	1059.1	-0.0091263	11.429	0.10534	liquid
22.370	26.974	68.442	0.014611	0.037848	0.043326	1.9125	11.669	22.210	1059.1	-0.0091264	11.429	0.10534	liquid
22.370	26.977	68.442	0.014611	0.037848	0.043327	1.9125	11.669	22.210	1059.1	-0.0091264	11.429	0.10534	liquid
22.370	26.980	68.442	0.014611	0.037848	0.043327	1.9125	11.669	22.210	1059.1	-0.0091264	11.429	0.10534	liquid
22.370	26.983	68.442	0.014611	0.037848	0.043327	1.9125	11.669	22.210	1059.1	-0.0091265	11.429	0.10534	liquid
22.370	26.986	68.442	0.014611	0.037847	0.043328	1.9125	11.669	22.209	1059.1	-0.0091265	11.429	0.10534	liquid
22.370	26.989	68.442	0.014611	0.037847	0.043328	1.9125	11.669	22.209	1059.1	-0.0091265	11.429	0.10534	liquid
22.370	26.992	68.443	0.014611	0.037847	0.043328	1.9125	11.669	22.209	1059.1	-0.0091266	11.429	0.10534	liquid
22.370	26.995	68.443	0.014611	0.037847	0.043329	1.9125	11.669	22.209	1059.1	-0.0091266	11.429	0.10534	liquid
22.370	26.998	68.443	0.014611	0.037846	0.043329	1.9124	11.669	22.209	1059.1	-0.0091266	11.429	0.10534	liquid
22.370	27.001	68.443	0.014611	0.037846	0.043329	1.9124	11.669	22.209	1059.1	-0.0091267	11.429	0.10534	liquid
22.370	27.004	68.443	0.014611	0.037846	0.043330	1.9124	11.669	22.209	1059.1	-0.0091267	11.429	0.10534	liquid
22.370	27.007	68.443	0.014611	0.037846	0.043330	1.9124	11.669	22.209	1059.1	-0.0091268	11.429	0.10534	liquid
22.370	27.010	68.443	0.014611	0.037845	0.043330	1.9124	11.669	22.209	1059.1	-0.0091268	11.429	0.10534	liquid
22.370	27.013	68.443	0.014611	0.037845	0.043331	1.9124	11.669	22.209	1059.1	-0.0091268	11.429	0.10534	liquid
22.370	27.016	68.443	0.014611	0.037845	0.043331	1.9124	11.669	22.209	1059.1	-0.0091269	11.429	0.10534	liquid
22.370	27.019	68.443	0.014611	0.037844	0.043331	1.9124	11.669	22.209	1059.1	-0.0091269	11.429	0.10534	liquid
22.370	27.022	68.443	0.014611	0.037844	0.043332	1.9123	11.669	22.209	1059.1	-0.0091269	11.429	0.10534	liquid
22.370	27.025	68.443	0.014611	0.037844	0.043332	1.9123	11.669	22.209	1059.1	-0.0091270	11.429	0.10534	liquid
22.370	27.028	68.443	0.014611	0.037844	0.043333	1.9123	11.669	22.209	1059.1	-0.0091270	11.429	0.10534	liquid
22.370	27.031	68.443	0.014611	0.037843	0.043333	1.9123	11.669	22.209	1059.1	-0.0091270	11.429	0.10534	liquid
22.370	27.034	68.443	0.014611	0.037843	0.043333	1.9123	11.669	22.209	1059.1	-0.0091271	11.429	0.10534	liquid
22.370	27.037	68.443	0.014611	0.037843	0.043334	1.9123	11.669	22.209	1059.1	-0.0091271	11.429	0.10534	liquid
22.370	27.040	68.443	0.014611	0.037843	0.043334	1.9123	11.669	22.209	1059.1	-0.0091272	11.429	0.10534	liquid
22.370	27.043	68.443	0.014611	0.037842	0.043334	1.9123	11.669	22.209	1059.1	-0.0091272	11.429	0.10534	liquid
22.370	27.046	68.443	0.014611	0.037842	0.043335	1.9122	11.669	22.209	1059.1	-0.0091272	11.429	0.10534	liquid
22.370	27.049	68.443	0.014611	0.037842	0.043335	1.9122	11.669	22.209	1059.1	-0.0091273	11.429	0.10534	liquid
22.370	27.052	68.443	0.014611	0.037842	0.043335	1.9122	11.669	22.209	1059.1	-0.0091273	11.429	0.10534	liquid
22.370	27.055	68.443	0.014611	0.037841	0.043336	1.9122	11.669	22.209	1059.1	-0.0091273	11.429	0.10534	liquid
22.370	27.058	68.443	0.014611	0.037841	0.043336	1.9122	11.669	22.209	1059.1	-0.0091274	11.429	0.10534	liquid
22.370	27.061	68.443	0.014611	0.037841	0.043336	1.9122	11.669	22.209	1059.1	-0.0091274	11.429	0.10534	liquid
22.370	27.064	68.443	0.014611	0.037840	0.043337	1.9122	11.669	22.209	1059.1	-0.0091274	11.429	0.10534	liquid
22.370	27.067	68.443	0.014611	0.037840	0.043337	1.9122	11.669	22.209	1059.1	-0.0091275	11.429	0.10534	liquid
22.370	27.070	68.443	0.014611	0.037840	0.043337	1.9121	11.669	22.209	1059.1	-0.0091275	11.429	0.10534	liquid
22.370	27.073	68.443	0.014611	0.037840	0.043338	1.9121	11.669	22.209	1059.2	-0.0091275	11.429	0.10534	liquid
22.370	27.076	68.443	0.014611	0.037839	0.043338	1.9121	11.669	22.208	1059.2	-0.0091276	11.429	0.10534	liquid
22.370	27.079	68.444	0.014611	0.037839	0.043338	1.9121	11.669	22.208	1059.2	-0.0091276	11.429	0.10534	liquid
22.370	27.082	68.444	0.014611	0.037839	0.043339	1.9121	11.669	22.208	1059.2	-0.0091277	11.429	0.10534	liquid
22.370	27.085	68.444	0.014611	0.037839	0.043339	1.9121	11.669	22.208	1059.2	-0.0091277	11.429	0.10534	liquid
22.370	27.088	68.444	0.014611	0.037838	0.043339	1.9121	11.669	22.208	1059.2	-0.0091277	11.429	0.10534	liquid
22.370	27.091	68.444	0.014611	0.037838	0.043340	1.9121	11.669	22.208	1059.2	-0.0091278	11.429	0.10534	liquid
22.370	27.094	68.444	0.014611	0.037838	0.043340	1.9121	11.669	22.208	1059.2	-0.0091278	11.429	0.10534	liquid
22.370	27.097	68.444	0.014611	0.037837	0.043340	1.9120	11.669	22.208	1059.2	-0.0091278	11.429	0.10534	liquid
22.370	27.100	68.444	0.014611	0.037837	0.043341	1.9120	11.669	22.208	1059.2	-0.0091279	11.429	0.10534	liquid
22.370	27.103	68.444	0.014611	0.037837	0.043341	1.9120	11.669	22.208	1059.2	-0.0091279	11.429	0.10534	liquid
22.370	27.106	68.444	0.014611	0.037837	0.043341	1.9120	11.669	22.208	1059.2	-0.0091279	11.429	0.10534	liquid
22.370	27.109	68.444	0.014611	0.037836	0.043342	1.9120	11.669	22.208	1059.2	-0.0091280	11.429	0.10534	liquid
22.370	27.112	68.444	0.014611	0.037836	0.043342	1.9120	11.669	22.208	1059.2	-0.0091280	11.429	0.10534	liquid
22.370	27.115	68.444	0.014610	0.037836	0.043342	1.9120	11.669	22.208	1059.2	-0.0091281	11.429	0.10534	liquid
22.370	27.118	68.444	0.014610	0.037836	0.043343	1.9120	11.669	22.208	1059.2	-0.0091281	11.430	0.10534	liquid
22.370	27.121	68.444	0.014610	0.037835	0.043343	1.9119	11.669	22.208	1059.2	-0.0091281	11.430	0.10534	liquid
22.370	27.124	68.444	0.014610	0.037835	0.043343	1.9119	11.669	22.208	1059.2	-0.0091282	11.430	0.10534	liquid
22.370	27.127	68.444	0.014610	0.037835	0.043344	1.9119	11.669	22.208	1059.2	-0.0091282	11.430	0.10534	liquid
22.370	27.130	68.444	0.014610	0.037835	0.043344	1.9119	11.669	22.208	1059.2	-0.0091282	11.430	0.10534	liquid
22.370	27.133	68.444	0.014610	0.037834	0.043344	1.9119	11.669	22.208	1059.2	-0.0091283	11.430	0.10534	liquid
22.370	27.136	68.444	0.014610	0.037834	0.043345	1.9119	11.669	22.208	1059.2	-0.0091283	11.430	0.10534	liquid
22.370	27.139	68.444	0.014610	0.037834	0.043345	1.9119	11.669	22.208	1059.2	-0.0091283	11.430	0.10534	liquid
22.370	27.142	68.444	0.014610	0.037833	0.043345	1.9119	11.669	22.208	1059.2	-0.0091284	11.430	0.10534	liquid
22.370	27.145	68.444	0.014610	0.037833	0.043346	1.9118	11.669	22.208	1059.2	-0.0091284	11.430	0.10534	liquid
22.370	27.148	68.444	0.014610	0.037833	0.043346	1.9118	11.669	22.208	1059.2	-0.0091285	11.430	0.10534	liquid
22.370	27.151	68.444	0.014610	0.037833	0.043346	1.9118	11.669	22.208	1059.2	-0.0091285	11.430	0.10534	liquid
22.370	27.154	68.444	0.014610	0.037832	0.043347	1.9118	11.669	22.208	1059.2	-0.0091285	11.430	0.10534	liquid
22.370	27.157	68.444	0.014610	0.037832	0.043347	1.9118	11.669	22.208	1059.2	-0.0091286	11.430	0.10534	liquid
22.370	27.160	68.444	0.014610	0.037832	0.043347	1.9118	11.669	22.208	1059.2	-0.0091286	11.430	0.10534	liquid
22.370	27.163	68.445	0.014610	0.037832	0.043348	1.9118	11.669	22.208	1059.2	-0.0091286	11.430	0.10534	liquid
22.370	27.166	68.445	0.014610	0.037831	0.043348	1.9118	11.669	22.207	1059.2	-0.0091287	11.430	0.10534	liquid
22.370	27.169	68.445	0.014610	0.037831	0.043348	1.9117	11.669	22.207	1059.2	-0.0091287	11.430	0.10534	liquid
22.370	27.172	68.445	0.014610	0.037831	0.043349	1.9117	11.669	22.207	1059.2	-0.0091287	11.430	0.10534	liquid
22.370	27.175	68.445	0.014610	0.037830	0.043349	1.9117	11.669	22.207	1059.2	-0.0091288	11.430	0.10534	liquid
22.370	27.178	68.445	0.014610	0.037830	0.043349	1.9117	11.669	22.207	1059.2	-0.0091288	11.430	0.10534	liquid
22.370	27.181	68.445	0.014610	0.037830	0.043350	1.9117	11.669	22.207	1059.2	-0.0091288	11.430	0.10534	liquid
22.370	27.184	68.445	0.014610	0.037830	0.043350	1.9117	11.669	22.207	1059.2	-0.0091289	11.430	0.10534	liquid
22.370	27.187	68.445	0.014610	0.037829	0.043350	1.9117	11.669	22.207	1059.2	-0.0091289	11.430	0.10534	liquid
22.370	27.190	68.445	0.014610	0.037829	0.043351	1.9117	11.669	22.207	1059.2	-0.0091290	11.430	0.10534	liquid
22.370	27.193	68.445	0.014610	0.037829	0.043351	1.9117	11.669	22.207	1059.2	-0.0091290	11.430	0.10534	liquid
22.370	27.196	68.445	0.014610	0.037829	0.043351	1.9116	11.669	22.207	1059.2	-0.0091290	11.430	0.10534	liquid
22.370	27.199	68.445	0.014610	0.037828	0.043352	1.9116	11.669	22.207	1059.2	-0.0091291	11.430	0.10534	liquid
22.370	27.202	68.445	0.014610	0.037828	0.043352	1.9116	11.669	22.207	1059.2	-0.0091291	11.430	0.10534	liquid
22.370	27.205	68.445	0.014610	0.037828	0.043352	1.9116	11.669	22.207	1059.2	-0.0091291	11.430	0.10534	liquid
22.370	27.208	68.445	0.014610	0.037828	0.043353	1.9116	11.669	22.207	1059.2	-0.0091292	11.430	0.10534	liquid
22.370	27.211	68.445	0.014610	0.037827	0.043353	1.9116	11.669	22.207	1059.2	-0.0091292	11.430	0.10534	liquid
22.370	27.214	68.445	0.014610	0.037827	0.043353	1.9116	11.669	22.207	1059.2	-0.0091292	11.430	0.10534	liquid
22.370	27.217	68.445	0.014610	0.037827	0.043354	1.9116	11.669	22.207	1059.2	-0.0091293	11.430	0.10534	liquid
22.370	27.220	68.445	0.014610	0.037826	0.043354	1.9115	11.669	22.207	1059.2	-0.0091293	11.430	0.10534	liquid
22.370	27.223	68.445	0.014610	0.037826	0.043354	1.9115	11.669	22.207	1059.2	-0.0091294	11.430	0.10534	liquid
22.370	27.226	68.445	0.014610	0.037826	0.043355	1.9115	11.669	22.207	1059.2	-0.0091294	11.430	0.10534	liquid
22.370	27.229	68.445	0.014610	0.037826	0.043355	1.9115	11.669	22.207	1059.2	-0.0091294	11.430	0.10534	liquid
22.370	27.232	68.445	0.014610	0.037825	0.043355	1.9115	11.669	22.207	1059.2	-0.0091295	11.430	0.10534	liquid
22.370	27.235	68.445	0.014610	0.037825	0.043356	1.9115	11.669	22.207	1059.2	-0.0091295	11.430	0.10534	liquid
22.370	27.238	68.445	0.014610	0.037825	0.043356	1.9115	11.669	22.207	1059.2	-0.0091295	11.430	0.10534	liquid
22.370	27.241	68.445	0.014610	0.037825	0.043357	1.9115	11.669	22.207	1059.2	-0.0091296	11.430	0.10534	liquid
22.370	27.244	68.445	0.014610	0.037824	0.043357	1.9114	11.669	22.207	1059.2	-0.0091296	11.430	0.10534	liquid
22.370	27.247	68.445	0.014610	0.037824	0.043357	1.9114	11.669	22.207	1059.2	-0.0091296	11.430	0.10534	liquid
22.370	27.250	68.446	0.014610	0.037824	0.043358	1.9114	11.669	22.207	1059.2	-0.0091297	11.430	0.10534	liquid
22.370	27.253	68.446	0.014610	0.037824	0.043358	1.9114	11.669	22.207	1059.2	-0.0091297	11.430	0.10534	liquid
22.370	27.256	68.446	0.014610	0.037823	0.043358	1.9114	11.669	22.206	1059.2	-0.0091297	11.430	0.10534	liquid
22.370	27.259	68.446	0.014610	0.037823	0.043359	1.9114	11.669	22.206	1059.2	-0.0091298	11.430	0.10534	liquid
22.370	27.262	68.446	0.014610	0.037823	0.043359	1.9114	11.669	22.206	1059.2	-0.0091298	11.430	0.10534	liquid
22.370	27.265	68.446	0.014610	0.037822	0.043359	1.9114	11.669	22.206	1059.2	-0.0091299	11.430	0.10534	liquid
22.370	27.268	68.446	0.014610	0.037822	0.043360	1.9113	11.669	22.206	1059.2	-0.0091299	11.430	0.10534	liquid
22.370	27.271	68.446	0.014610	0.037822	0.043360	1.9113	11.669	22.206	1059.2	-0.0091299	11.430	0.10534	liquid
22.370	27.274	68.446	0.014610	0.037822	0.043360	1.9113	11.669	22.206	1059.2	-0.0091300	11.431	0.10534	liquid
22.370	27.277	68.446	0.014610	0.037821	0.043361	1.9113	11.669	22.206	1059.2	-0.0091300	11.431	0.10534	liquid
22.370	27.280	68.446	0.014610	0.037821	0.043361	1.9113	11.669	22.206	1059.2	-0.0091300	11.431	0.10534	liquid
22.370	27.283	68.446	0.014610	0.037821	0.043361	1.9113	11.669	22.206	1059.2	-0.0091301	11.431	0.10534	liquid
22.370	27.286	68.446	0.014610	0.037821	0.043362	1.9113	11.669	22.206	1059.2	-0.0091301	11.431	0.10534	liquid
22.370	27.289	68.446	0.014610	0.037820	0.043362	1.9113	11.669	22.206	1059.2	-0.0091301	11.431	0.10534	liquid
22.370	27.292	68.446	0.014610	0.037820	0.043362	1.9113	11.669	22.206	1059.2	-0.0091302	11.431	0.10534	liquid
22.370	27.295	68.446	0.014610	0.037820	0.043363	1.9112	11.669	22.206	1059.3	-0.0091302	11.431	0.10534	liquid
22.370	27.298	68.446	0.014610	0.037819	0.043363	1.9112	11.669	22.206	1059.3	-0.0091303	11.431	0.10534	liquid
22.370	27.301	68.446	0.014610	0.037819	0.043363	1.9112	11.669	22.206	1059.3	-0.0091303	11.431	0.10534	liquid
22.370	27.304	68.446	0.014610	0.037819	0.043364	1.9112	11.669	22.206	1059.3	-0.0091303	11.431	0.10534	liquid
22.370	27.307	68.446	0.014610	0.037819	0.043364	1.9112	11.669	22.206	1059.3	-0.0091304	11.431	0.10534	liquid
22.370	27.310	68.446	0.014610	0.037818	0.043364	1.9112	11.669	22.206	1059.3	-0.0091304	11.431	0.10534	liquid
22.370	27.313	68.446	0.014610	0.037818	0.043365	1.9112	11.669	22.206	1059.3	-0.0091304	11.431	0.10534	liquid
22.370	27.316	68.446	0.014610	0.037818	0.043365	1.9112	11.669	22.206	1059.3	-0.0091305	11.431	0.10534	liquid
22.370	27.319	68.446	0.014610	0.037818	0.043365	1.9111	11.669	22.206	1059.3	-0.0091305	11.431	0.10534	liquid
22.370	27.322	68.446	0.014610	0.037817	0.043366	1.9111	11.669	22.206	1059.3	-0.0091305	11.431	0.10534	liquid
22.370	27.325	68.446	0.014610	0.037817	0.043366	1.9111	11.669	22.206	1059.3	-0.0091306	11.431	0.10534	liquid
22.370	27.328	68.446	0.014610	0.037817	0.043366	1.9111	11.669	22.206	1059.3	-0.0091306	11.431	0.10534	liquid
22.370	27.331	68.446	0.014610	0.037817	0.043367	1.9111	11.669	22.206	1059.3	-0.0091306	11.431	0.10534	liquid
22.370	27.334	68.447	0.014610	0.037816	0.043367	1.9111	11.669	22.206	1059.3	-0.0091307	11.431	0.10534	liquid
22.370	27.337	68.447	0.014610	0.037816	0.043367	1.9111	11.669	22.206	1059.3	-0.0091307	11.431	0.10534	liquid
22.370	27.340	68.447	0.014610	0.037816	0.043368	1.9111	11.669	22.206	1059.3	-0.0091308	11.431	0.10534	liquid
22.370	27.343	68.447	0.014610	0.037815	0.043368	1.9110	11.669	22.205	1059.3	-0.0091308	11.431	0.10534	liquid
22.370	27.346	68.447	0.014610	0.037815	0.043368	1.9110	11.669	22.205	1059.3	-0.0091308	11.431	0.10534	liquid
22.370	27.349	68.447	0.014610	0.037815	0.043369	1.9110	11.669	22.205	1059.3	-0.0091309	11.431	0.10534	liquid
22.370	27.352	68.447	0.014610	0.037815	0.043369	1.9110	11.669	22.205	1059.3	-0.0091309	11.431	0.10534	liquid
22.370	27.355	68.447	0.014610	0.037814	0.043369	1.9110	11.669	22.205	1059.3	-0.0091309	11.431	0.10534	liquid
22.370	27.358	68.447	0.014610	0.037814	0.043370	1.9110	11.669	22.205	1059.3	-0.0091310	11.431	0.10534	liquid
22.370	27.361	68.447	0.014610	0.037814	0.043370	1.9110	11.669	22.205	1059.3	-0.0091310	11.431	0.10534	liquid
22.370	27.364	68.447	0.014610	0.037814	0.043370	1.9110	11.669	22.205	1059.3	-0.0091310	11.431	0.10534	liquid
22.370	27.367	68.447	0.014610	0.037813	0.043371	1.9109	11.669	22.205	1059.3	-0.0091311	11.431	0.10534	liquid
22.370	27.370	68.447	0.014610	0.037813	0.043371	1.9109	11.669	22.205	1059.3	-0.0091311	11.431	0.10534	liquid
22.370	27.373	68.447	0.014610	0.037813	0.043371	1.9109	11.669	22.205	1059.3	-0.0091312	11.431	0.10534	liquid
22.370	27.376	68.447	0.014610	0.037813	0.043372	1.9109	11.669	22.205	1059.3	-0.0091312	11.431	0.10534	liquid
22.370	27.379	68.447	0.014610	0.037812	0.043372	1.9109	11.669	22.205	1059.3	-0.0091312	11.431	0.10534	liquid
22.370	27.382	68.447	0.014610	0.037812	0.043372	1.9109	11.669	22.205	1059.3	-0.0091313	11.431	0.10534	liquid
22.370	27.385	68.447	0.014610	0.037812	0.043373	1.9109	11.669	22.205	1059.3	-0.0091313	11.431	0.10534	liquid
22.370	27.388	68.447	0.014610	0.037811	0.043373	1.9109	11.669	22.205	1059.3	-0.0091313	11.431	0.10534	liquid
22.370	27.391	68.447	0.014610	0.037811	0.043373	1.9109	11.669	22.205	1059.3	-0.0091314	11.431	0.10534	liquid
22.370	27.394	68.447	0.014610	0.037811	0.043374	1.9108	11.669	22.205	1059.3	-0.0091314	11.431	0.10534	liquid
22.370	27.397	68.447	0.014610	0.037811	0.043374	1.9108	11.669	22.205	1059.3	-0.0091314	11.431	0.10535	liquid
22.370	27.400	68.447	0.014610	0.037810	0.043374	1.9108	11.669	22.205	1059.3	-0.0091315	11.431	0.10535	liquid
