Temperature (K)	Pressure (psia)	Density (kg/m3)	Volume (m3/kg)	Internal Energy (kJ/mol)	Enthalpy (kJ/mol)	Entropy (J/mol*K)	Cv (J/mol*K)	Cp (J/mol*K)	Sound Spd. (m/s)	Joule-Thomson (F/psia)	Viscosity (uPa*s)	Therm. Cond. (W/m*K)	Phase
22.460	24.400	2.0817	0.48037	0.76521	0.92812	41.762	13.131	25.845	368.64	0.20107	1.2065	0.019356	vapor
22.460	24.405	2.0823	0.48025	0.76520	0.92811	41.759	13.131	25.847	368.63	0.20108	1.2065	0.019356	vapor
22.460	24.411	2.0828	0.48012	0.76519	0.92809	41.757	13.131	25.849	368.62	0.20108	1.2065	0.019357	vapor
22.460	24.416	2.0834	0.47999	0.76518	0.92807	41.755	13.132	25.851	368.62	0.20109	1.2065	0.019357	vapor
22.460	24.422	2.0839	0.47987	0.76517	0.92806	41.752	13.132	25.853	368.61	0.20109	1.2066	0.019357	vapor
22.460	24.427	2.0845	0.47974	0.76516	0.92804	41.750	13.132	25.855	368.60	0.20110	1.2066	0.019358	vapor
22.460	24.433	2.0850	0.47961	0.76515	0.92803	41.748	13.133	25.857	368.60	0.20110	1.2066	0.019358	vapor
22.460	24.438	2.0856	0.47949	0.76514	0.92801	41.745	13.133	25.859	368.59	0.20111	1.2066	0.019359	vapor
22.460	24.444	2.0861	0.47936	0.76513	0.92799	41.743	13.133	25.861	368.58	0.20111	1.2066	0.019359	vapor
22.460	24.449	2.0867	0.47923	0.76512	0.92798	41.741	13.134	25.863	368.58	0.20112	1.2066	0.019359	vapor
22.460	24.455	2.0872	0.47911	0.76511	0.92796	41.738	13.134	25.865	368.57	0.20112	1.2066	0.019360	vapor
22.460	24.460	2.0878	0.47898	0.76510	0.92795	41.736	13.134	25.867	368.56	0.20113	1.2066	0.019360	vapor
22.460	24.466	2.0883	0.47886	0.76509	0.92793	41.734	13.134	25.869	368.56	0.20113	1.2067	0.019360	vapor
22.460	24.471	2.0889	0.47873	0.76508	0.92791	41.731	13.135	25.871	368.55	0.20114	1.2067	0.019361	vapor
22.460	24.477	2.0894	0.47860	0.76507	0.92790	41.729	13.135	25.873	368.54	0.20114	1.2067	0.019361	vapor
22.460	24.482	2.0900	0.47848	0.76506	0.92788	41.727	13.135	25.875	368.54	0.20115	1.2067	0.019362	vapor
22.460	24.488	2.0905	0.47835	0.76505	0.92787	41.724	13.136	25.877	368.53	0.20115	1.2067	0.019362	vapor
22.460	24.493	2.0911	0.47823	0.76504	0.92785	41.722	13.136	25.879	368.52	0.20116	1.2067	0.019362	vapor
22.460	24.499	2.0916	0.47810	0.76503	0.92784	41.720	13.136	25.881	368.52	0.20116	1.2067	0.019363	vapor
22.460	24.504	2.0922	0.47797	0.76502	0.92782	41.717	13.136	25.883	368.51	0.20117	1.2068	0.019363	vapor
22.460	24.510	2.0927	0.47785	0.76501	0.92780	41.715	13.137	25.885	368.50	0.20117	1.2068	0.019363	vapor
22.460	24.515	2.0933	0.47772	0.76500	0.92779	41.713	13.137	25.887	368.50	0.20118	1.2068	0.019364	vapor
22.460	24.521	2.0938	0.47760	0.76499	0.92777	41.710	13.137	25.889	368.49	0.20118	1.2068	0.019364	vapor
22.460	24.526	2.0944	0.47747	0.76498	0.92776	41.708	13.138	25.891	368.48	0.20119	1.2068	0.019365	vapor
22.460	24.532	2.0949	0.47735	0.76497	0.92774	41.706	13.138	25.893	368.48	0.20119	1.2068	0.019365	vapor
22.460	24.537	2.0955	0.47722	0.76496	0.92772	41.703	13.138	25.895	368.47	0.20120	1.2068	0.019365	vapor
22.460	24.543	2.0960	0.47710	0.76495	0.92771	41.701	13.139	25.897	368.46	0.20120	1.2068	0.019366	vapor
22.460	24.548	2.0966	0.47697	0.76495	0.92769	41.699	13.139	25.899	368.46	0.20121	1.2069	0.019366	vapor
22.460	24.554	2.0971	0.47684	0.76494	0.92768	41.696	13.139	25.900	368.45	0.20121	1.2069	0.019367	vapor
22.460	24.559	2.0977	0.47672	0.76493	0.92766	41.694	13.139	25.902	368.44	0.20122	1.2069	0.019367	vapor
22.460	24.565	2.0982	0.47659	0.76492	0.92764	41.692	13.140	25.904	368.44	0.20123	1.2069	0.019367	vapor
22.460	24.570	2.0988	0.47647	0.76491	0.92763	41.689	13.140	25.906	368.43	0.20123	1.2069	0.019368	vapor
22.460	24.576	2.0993	0.47634	0.76490	0.92761	41.687	13.140	25.908	368.42	0.20124	1.2069	0.019368	vapor
22.460	24.581	2.0999	0.47622	0.76489	0.92760	41.685	13.141	25.910	368.41	0.20124	1.2069	0.019368	vapor
22.460	24.587	2.1004	0.47609	0.76488	0.92758	41.682	13.141	25.912	368.41	0.20125	1.2069	0.019369	vapor
22.460	24.592	2.1010	0.47597	0.76487	0.92756	41.680	13.141	25.914	368.40	0.20125	1.2070	0.019369	vapor
22.460	24.598	2.1015	0.47584	0.76486	0.92755	41.678	13.142	25.916	368.39	0.20126	1.2070	0.019370	vapor
22.460	24.603	2.1021	0.47572	0.76485	0.92753	41.675	13.142	25.918	368.39	0.20126	1.2070	0.019370	vapor
22.460	24.609	2.1026	0.47560	0.76484	0.92752	41.673	13.142	25.920	368.38	0.20127	1.2070	0.019370	vapor
22.460	24.614	2.1032	0.47547	0.76483	0.92750	41.671	13.142	25.922	368.37	0.20127	1.2070	0.019371	vapor
22.460	24.620	2.1037	0.47535	0.76482	0.92748	41.668	13.143	25.924	368.37	0.20128	1.2070	0.019371	vapor
22.460	24.625	2.1043	0.47522	0.76481	0.92747	41.666	13.143	25.926	368.36	0.20128	1.2070	0.019371	vapor
22.460	24.631	2.1048	0.47510	0.76480	0.92745	41.664	13.143	25.928	368.35	0.20129	1.2070	0.019372	vapor
22.460	24.636	2.1054	0.47497	0.76479	0.92744	41.661	13.144	25.930	368.35	0.20129	1.2071	0.019372	vapor
22.460	24.642	2.1059	0.47485	0.76478	0.92742	41.659	13.144	25.932	368.34	0.20130	1.2071	0.019373	vapor
22.460	24.647	2.1065	0.47472	0.76477	0.92741	41.657	13.144	25.934	368.33	0.20130	1.2071	0.019373	vapor
22.460	24.653	2.1070	0.47460	0.76476	0.92739	41.654	13.144	25.936	368.33	0.20131	1.2071	0.019373	vapor
22.460	24.658	2.1076	0.47448	0.76475	0.92737	41.652	13.145	25.938	368.32	0.20131	1.2071	0.019374	vapor
22.460	24.664	2.1081	0.47435	0.76474	0.92736	41.650	13.145	25.940	368.31	0.20132	1.2071	0.019374	vapor
22.460	24.669	2.1087	0.47423	0.76473	0.92734	41.647	13.145	25.942	368.31	0.20132	1.2071	0.019375	vapor
22.460	24.675	2.1092	0.47410	0.76472	0.92733	41.645	13.146	25.944	368.30	0.20133	1.2071	0.019375	vapor
22.460	24.680	2.1098	0.47398	0.76471	0.92731	41.643	13.146	25.946	368.29	0.20133	1.2072	0.019375	vapor
22.460	24.686	2.1103	0.47386	0.76470	0.92729	41.640	13.146	25.948	368.29	0.20134	1.2072	0.019376	vapor
22.460	24.691	2.1109	0.47373	0.76469	0.92728	41.638	13.147	25.950	368.28	0.20134	1.2072	0.019376	vapor
22.460	24.697	2.1115	0.47361	0.76468	0.92726	41.636	13.147	25.952	368.27	0.20135	1.2072	0.019376	vapor
22.460	24.702	2.1120	0.47348	0.76467	0.92725	41.633	13.147	25.954	368.27	0.20135	1.2072	0.019377	vapor
22.460	24.708	2.1126	0.47336	0.76466	0.92723	41.631	13.147	25.956	368.26	0.20136	1.2072	0.019377	vapor
22.460	24.713	2.1131	0.47324	0.76466	0.92721	41.629	13.148	25.958	368.25	0.20137	1.2072	0.019378	vapor
22.460	24.719	2.1137	0.47311	0.76465	0.92720	41.626	13.148	25.960	368.25	0.20137	1.2072	0.019378	vapor
22.460	24.724	2.1142	0.47299	0.76464	0.92718	41.624	13.148	25.962	368.24	0.20138	1.2073	0.019378	vapor
22.460	24.730	2.1148	0.47287	0.76463	0.92717	41.622	13.149	25.964	368.23	0.20138	1.2073	0.019379	vapor
22.460	24.735	2.1153	0.47274	0.76462	0.92715	41.620	13.149	25.966	368.23	0.20139	1.2073	0.019379	vapor
22.460	24.741	2.1159	0.47262	0.76461	0.92713	41.617	13.149	25.968	368.22	0.20139	1.2073	0.019379	vapor
22.460	24.746	2.1164	0.47250	0.76460	0.92712	41.615	13.150	25.970	368.21	0.20140	1.2073	0.019380	vapor
22.460	24.752	2.1170	0.47237	0.76459	0.92710	41.613	13.150	25.972	368.20	0.20140	1.2073	0.019380	vapor
22.460	24.757	2.1175	0.47225	0.76458	0.92709	41.610	13.150	25.974	368.20	0.20141	1.2073	0.019381	vapor
22.460	24.763	2.1181	0.47213	0.76457	0.92707	41.608	13.150	25.976	368.19	0.20141	1.2074	0.019381	vapor
22.460	24.768	2.1186	0.47200	0.76456	0.92705	41.606	13.151	25.978	368.18	0.20142	1.2074	0.019381	vapor
22.460	24.774	2.1192	0.47188	0.76455	0.92704	41.603	13.151	25.980	368.18	0.20142	1.2074	0.019382	vapor
22.460	24.779	2.1197	0.47176	0.76454	0.92702	41.601	13.151	25.982	368.17	0.20143	1.2074	0.019382	vapor
22.460	24.785	2.1203	0.47163	0.76453	0.92701	41.599	13.152	25.984	368.16	0.20143	1.2074	0.019383	vapor
22.460	24.790	2.1208	0.47151	0.76452	0.92699	41.596	13.152	25.986	368.16	0.20144	1.2074	0.019383	vapor
22.460	24.796	2.1214	0.47139	0.76451	0.92697	41.594	13.152	25.988	368.15	0.20144	1.2074	0.019383	vapor
22.460	24.801	2.1219	0.47127	0.76450	0.92696	41.592	13.153	25.990	368.14	0.20145	1.2074	0.019384	vapor
22.460	24.807	2.1225	0.47114	0.76449	0.92694	41.589	13.153	25.992	368.14	0.20145	1.2075	0.019384	vapor
22.460	24.812	2.1231	0.47102	0.76448	0.92693	41.587	13.153	25.994	368.13	0.20146	1.2075	0.019384	vapor
22.460	24.818	2.1236	0.47090	0.76447	0.92691	41.585	13.154	25.996	368.12	0.20146	1.2075	0.019385	vapor
22.460	24.823	2.1242	0.47077	0.76446	0.92689	41.582	13.154	25.998	368.12	0.20147	1.2075	0.019385	vapor
22.460	24.829	2.1247	0.47065	0.76445	0.92688	41.580	13.154	26.000	368.11	0.20147	1.2075	0.019386	vapor
22.460	24.834	2.1253	0.47053	0.76444	0.92686	41.578	13.154	26.002	368.10	0.20148	1.2075	0.019386	vapor
22.460	24.840	2.1258	0.47041	0.76443	0.92685	41.576	13.155	26.004	368.10	0.20148	1.2075	0.019386	vapor
22.460	24.845	2.1264	0.47028	0.76442	0.92683	41.573	13.155	26.006	368.09	0.20149	1.2075	0.019387	vapor
22.460	24.851	2.1269	0.47016	0.76441	0.92681	41.571	13.155	26.008	368.08	0.20149	1.2076	0.019387	vapor
22.460	24.856	2.1275	0.47004	0.76440	0.92680	41.569	13.156	26.010	368.08	0.20150	1.2076	0.019388	vapor
22.460	24.862	2.1280	0.46992	0.76439	0.92678	41.566	13.156	26.012	368.07	0.20151	1.2076	0.019388	vapor
22.460	24.867	2.1286	0.46980	0.76438	0.92677	41.564	13.156	26.014	368.06	0.20151	1.2076	0.019388	vapor
22.460	24.873	2.1291	0.46967	0.76437	0.92675	41.562	13.157	26.016	368.06	0.20152	1.2076	0.019389	vapor
22.460	24.878	2.1297	0.46955	0.76436	0.92673	41.559	13.157	26.018	368.05	0.20152	1.2076	0.019389	vapor
22.460	24.884	2.1302	0.46943	0.76435	0.92672	41.557	13.157	26.020	368.04	0.20153	1.2076	0.019389	vapor
22.460	24.889	2.1308	0.46931	0.76434	0.92670	41.555	13.157	26.022	368.03	0.20153	1.2076	0.019390	vapor
22.460	24.895	2.1314	0.46919	0.76434	0.92669	41.552	13.158	26.024	368.03	0.20154	1.2077	0.019390	vapor
22.460	24.900	2.1319	0.46906	0.76433	0.92667	41.550	13.158	26.026	368.02	0.20154	1.2077	0.019391	vapor
22.460	24.906	2.1325	0.46894	0.76432	0.92665	41.548	13.158	26.028	368.01	0.20155	1.2077	0.019391	vapor
22.460	24.911	2.1330	0.46882	0.76431	0.92664	41.545	13.159	26.030	368.01	0.20155	1.2077	0.019391	vapor
22.460	24.917	2.1336	0.46870	0.76430	0.92662	41.543	13.159	26.032	368.00	0.20156	1.2077	0.019392	vapor
22.460	24.922	2.1341	0.46858	0.76429	0.92661	41.541	13.159	26.034	367.99	0.20156	1.2077	0.019392	vapor
22.460	24.928	2.1347	0.46845	0.76428	0.92659	41.539	13.160	26.036	367.99	0.20157	1.2077	0.019393	vapor
22.460	24.933	2.1352	0.46833	0.76427	0.92657	41.536	13.160	26.038	367.98	0.20157	1.2077	0.019393	vapor
22.460	24.939	2.1358	0.46821	0.76426	0.92656	41.534	13.160	26.040	367.97	0.20158	1.2078	0.019393	vapor
22.460	24.944	2.1363	0.46809	0.76425	0.92654	41.532	13.160	26.042	367.97	0.20158	1.2078	0.019394	vapor
22.460	24.950	2.1369	0.46797	0.76424	0.92653	41.529	13.161	26.044	367.96	0.20159	1.2078	0.019394	vapor
22.460	24.955	2.1374	0.46785	0.76423	0.92651	41.527	13.161	26.046	367.95	0.20159	1.2078	0.019394	vapor
22.460	24.961	2.1380	0.46773	0.76422	0.92649	41.525	13.161	26.048	367.95	0.20160	1.2078	0.019395	vapor
22.460	24.966	2.1386	0.46760	0.76421	0.92648	41.522	13.162	26.050	367.94	0.20160	1.2078	0.019395	vapor
22.460	24.972	2.1391	0.46748	0.76420	0.92646	41.520	13.162	26.052	367.93	0.20161	1.2078	0.019396	vapor
22.460	24.977	2.1397	0.46736	0.76419	0.92644	41.518	13.162	26.054	367.93	0.20161	1.2079	0.019396	vapor
22.460	24.983	2.1402	0.46724	0.76418	0.92643	41.515	13.163	26.056	367.92	0.20162	1.2079	0.019396	vapor
22.460	24.988	2.1408	0.46712	0.76417	0.92641	41.513	13.163	26.058	367.91	0.20162	1.2079	0.019397	vapor
22.460	24.994	2.1413	0.46700	0.76416	0.92640	41.511	13.163	26.060	367.90	0.20163	1.2079	0.019397	vapor
22.460	24.999	2.1419	0.46688	0.76415	0.92638	41.509	13.164	26.062	367.90	0.20164	1.2079	0.019398	vapor
22.460	25.005	2.1424	0.46676	0.76414	0.92636	41.506	13.164	26.064	367.89	0.20164	1.2079	0.019398	vapor
22.460	25.010	2.1430	0.46664	0.76413	0.92635	41.504	13.164	26.066	367.88	0.20165	1.2079	0.019398	vapor
22.460	25.016	2.1435	0.46652	0.76412	0.92633	41.502	13.164	26.068	367.88	0.20165	1.2079	0.019399	vapor
22.460	25.021	2.1441	0.46640	0.76411	0.92632	41.499	13.165	26.070	367.87	0.20166	1.2080	0.019399	vapor
22.460	25.027	2.1447	0.46627	0.76410	0.92630	41.497	13.165	26.073	367.86	0.20166	1.2080	0.019399	vapor
22.460	25.032	2.1452	0.46615	0.76409	0.92628	41.495	13.165	26.075	367.86	0.20167	1.2080	0.019400	vapor
22.460	25.038	2.1458	0.46603	0.76408	0.92627	41.492	13.166	26.077	367.85	0.20167	1.2080	0.019400	vapor
22.460	25.043	2.1463	0.46591	0.76407	0.92625	41.490	13.166	26.079	367.84	0.20168	1.2080	0.019401	vapor
22.460	25.049	2.1469	0.46579	0.76406	0.92624	41.488	13.166	26.081	367.84	0.20168	1.2080	0.019401	vapor
22.460	25.054	2.1474	0.46567	0.76405	0.92622	41.486	13.167	26.083	367.83	0.20169	1.2080	0.019401	vapor
22.460	25.060	2.1480	0.46555	0.76404	0.92620	41.483	13.167	26.085	367.82	0.20169	1.2080	0.019402	vapor
22.460	25.065	2.1485	0.46543	0.76403	0.92619	41.481	13.167	26.087	367.82	0.20170	1.2081	0.019402	vapor
22.460	25.071	2.1491	0.46531	0.76402	0.92617	41.479	13.167	26.089	367.81	0.20170	1.2081	0.019403	vapor
22.460	25.076	2.1497	0.46519	0.76401	0.92616	41.476	13.168	26.091	367.80	0.20171	1.2081	0.019403	vapor
22.460	25.082	2.1502	0.46507	0.76400	0.92614	41.474	13.168	26.093	367.80	0.20171	1.2081	0.019403	vapor
22.460	25.087	2.1508	0.46495	0.76399	0.92612	41.472	13.168	26.095	367.79	0.20172	1.2081	0.019404	vapor
22.460	25.093	2.1513	0.46483	0.76398	0.92611	41.469	13.169	26.097	367.78	0.20172	1.2081	0.019404	vapor
22.460	25.098	2.1519	0.46471	0.76398	0.92609	41.467	13.169	26.099	367.78	0.20173	1.2081	0.019404	vapor
22.460	25.104	2.1524	0.46459	0.76397	0.92608	41.465	13.169	26.101	367.77	0.20173	1.2081	0.019405	vapor
22.460	25.109	2.1530	0.46447	0.76396	0.92606	41.463	13.170	26.103	367.76	0.20174	1.2082	0.019405	vapor
22.460	25.115	2.1535	0.46435	0.76395	0.92604	41.460	13.170	26.105	367.75	0.20174	1.2082	0.019406	vapor
22.460	25.120	2.1541	0.46423	0.76394	0.92603	41.458	13.170	26.107	367.75	0.20175	1.2082	0.019406	vapor
22.460	25.126	2.1547	0.46411	0.76393	0.92601	41.456	13.171	26.109	367.74	0.20175	1.2082	0.019406	vapor
22.460	25.131	2.1552	0.46399	0.76392	0.92599	41.453	13.171	26.111	367.73	0.20176	1.2082	0.019407	vapor
22.460	25.137	2.1558	0.46387	0.76391	0.92598	41.451	13.171	26.113	367.73	0.20177	1.2082	0.019407	vapor
22.460	25.142	2.1563	0.46375	0.76390	0.92596	41.449	13.171	26.115	367.72	0.20177	1.2082	0.019408	vapor
22.460	25.148	2.1569	0.46363	0.76389	0.92595	41.446	13.172	26.117	367.71	0.20178	1.2083	0.019408	vapor
22.460	25.153	2.1574	0.46351	0.76388	0.92593	41.444	13.172	26.119	367.71	0.20178	1.2083	0.019408	vapor
22.460	25.159	2.1580	0.46339	0.76387	0.92591	41.442	13.172	26.121	367.70	0.20179	1.2083	0.019409	vapor
22.460	25.164	2.1585	0.46327	0.76386	0.92590	41.440	13.173	26.123	367.69	0.20179	1.2083	0.019409	vapor
22.460	25.170	2.1591	0.46315	0.76385	0.92588	41.437	13.173	26.125	367.69	0.20180	1.2083	0.019409	vapor
22.460	25.175	2.1597	0.46304	0.76384	0.92587	41.435	13.173	26.128	367.68	0.20180	1.2083	0.019410	vapor
22.460	25.181	2.1602	0.46292	0.76383	0.92585	41.433	13.174	26.130	367.67	0.20181	1.2083	0.019410	vapor
22.460	25.186	2.1608	0.46280	0.76382	0.92583	41.430	13.174	26.132	367.67	0.20181	1.2083	0.019411	vapor
22.460	25.192	2.1613	0.46268	0.76381	0.92582	41.428	13.174	26.134	367.66	0.20182	1.2084	0.019411	vapor
22.460	25.197	2.1619	0.46256	0.76380	0.92580	41.426	13.175	26.136	367.65	0.20182	1.2084	0.019411	vapor
22.460	25.203	2.1624	0.46244	0.76379	0.92579	41.424	13.175	26.138	367.64	0.20183	1.2084	0.019412	vapor
22.460	25.208	2.1630	0.46232	0.76378	0.92577	41.421	13.175	26.140	367.64	0.20183	1.2084	0.019412	vapor
22.460	25.214	2.1636	0.46220	0.76377	0.92575	41.419	13.175	26.142	367.63	0.20184	1.2084	0.019413	vapor
22.460	25.219	2.1641	0.46208	0.76376	0.92574	41.417	13.176	26.144	367.62	0.20184	1.2084	0.019413	vapor
22.460	25.225	2.1647	0.46196	0.76375	0.92572	41.414	13.176	26.146	367.62	0.20185	1.2084	0.019413	vapor
22.460	25.230	2.1652	0.46185	0.76374	0.92570	41.412	13.176	26.148	367.61	0.20185	1.2084	0.019414	vapor
22.460	25.236	2.1658	0.46173	0.76373	0.92569	41.410	13.177	26.150	367.60	0.20186	1.2085	0.019414	vapor
22.460	25.241	2.1663	0.46161	0.76372	0.92567	41.407	13.177	26.152	367.60	0.20186	1.2085	0.019414	vapor
22.460	25.247	2.1669	0.46149	0.76371	0.92566	41.405	13.177	26.154	367.59	0.20187	1.2085	0.019415	vapor
22.460	25.252	2.1675	0.46137	0.76370	0.92564	41.403	13.178	26.156	367.58	0.20187	1.2085	0.019415	vapor
22.460	25.258	2.1680	0.46125	0.76369	0.92562	41.401	13.178	26.158	367.58	0.20188	1.2085	0.019416	vapor
22.460	25.263	2.1686	0.46113	0.76368	0.92561	41.398	13.178	26.160	367.57	0.20189	1.2085	0.019416	vapor
22.460	25.269	2.1691	0.46101	0.76367	0.92559	41.396	13.179	26.162	367.56	0.20189	1.2085	0.019416	vapor
22.460	25.274	2.1697	0.46090	0.76366	0.92558	41.394	13.179	26.164	367.56	0.20190	1.2085	0.019417	vapor
22.460	25.280	2.1702	0.46078	0.76365	0.92556	41.391	13.179	26.166	367.55	0.20190	1.2086	0.019417	vapor
22.460	25.285	2.1708	0.46066	0.76364	0.92554	41.389	13.180	26.169	367.54	0.20191	1.2086	0.019418	vapor
22.460	25.291	2.1714	0.46054	0.76363	0.92553	41.387	13.180	26.171	367.54	0.20191	1.2086	0.019418	vapor
22.460	25.296	2.1719	0.46042	0.76362	0.92551	41.385	13.180	26.173	367.53	0.20192	1.2086	0.019418	vapor
22.460	25.302	2.1725	0.46031	0.76361	0.92550	41.382	13.180	26.175	367.52	0.20192	1.2086	0.019419	vapor
22.460	25.307	2.1730	0.46019	0.76360	0.92548	41.380	13.181	26.177	367.51	0.20193	1.2086	0.019419	vapor
22.460	25.313	2.1736	0.46007	0.76359	0.92546	41.378	13.181	26.179	367.51	0.20193	1.2086	0.019420	vapor
22.460	25.318	2.1741	0.45995	0.76358	0.92545	41.375	13.181	26.181	367.50	0.20194	1.2087	0.019420	vapor
22.460	25.324	2.1747	0.45983	0.76357	0.92543	41.373	13.182	26.183	367.49	0.20194	1.2087	0.019420	vapor
22.460	25.329	2.1753	0.45972	0.76356	0.92541	41.371	13.182	26.185	367.49	0.20195	1.2087	0.019421	vapor
22.460	25.335	2.1758	0.45960	0.76355	0.92540	41.369	13.182	26.187	367.48	0.20195	1.2087	0.019421	vapor
22.460	25.340	2.1764	0.45948	0.76354	0.92538	41.366	13.183	26.189	367.47	0.20196	1.2087	0.019421	vapor
22.460	25.346	2.1769	0.45936	0.76354	0.92537	41.364	13.183	26.191	367.47	0.20196	1.2087	0.019422	vapor
22.460	25.351	2.1775	0.45924	0.76353	0.92535	41.362	13.183	26.193	367.46	0.20197	1.2087	0.019422	vapor
22.460	25.357	2.1780	0.45913	0.76352	0.92533	41.359	13.184	26.195	367.45	0.20197	1.2087	0.019423	vapor
22.460	25.362	2.1786	0.45901	0.76351	0.92532	41.357	13.184	26.197	367.45	0.20198	1.2088	0.019423	vapor
22.460	25.368	2.1792	0.45889	0.76350	0.92530	41.355	13.184	26.199	367.44	0.20198	1.2088	0.019423	vapor
22.460	25.373	2.1797	0.45877	0.76349	0.92528	41.353	13.184	26.202	367.43	0.20199	1.2088	0.019424	vapor
22.460	25.379	2.1803	0.45866	0.76348	0.92527	41.350	13.185	26.204	367.43	0.20199	1.2088	0.019424	vapor
22.460	25.384	2.1808	0.45854	0.76347	0.92525	41.348	13.185	26.206	367.42	0.20200	1.2088	0.019425	vapor
22.460	25.390	2.1814	0.45842	0.76346	0.92524	41.346	13.185	26.208	367.41	0.20201	1.2088	0.019425	vapor
22.460	25.395	2.1820	0.45830	0.76345	0.92522	41.344	13.186	26.210	367.40	0.20201	1.2088	0.019425	vapor
22.460	25.401	2.1825	0.45819	0.76344	0.92520	41.341	13.186	26.212	367.40	0.20202	1.2088	0.019426	vapor
22.460	25.406	2.1831	0.45807	0.76343	0.92519	41.339	13.186	26.214	367.39	0.20202	1.2089	0.019426	vapor
22.460	25.412	2.1836	0.45795	0.76342	0.92517	41.337	13.187	26.216	367.38	0.20203	1.2089	0.019427	vapor
22.460	25.417	2.1842	0.45784	0.76341	0.92516	41.334	13.187	26.218	367.38	0.20203	1.2089	0.019427	vapor
22.460	25.423	2.1847	0.45772	0.76340	0.92514	41.332	13.187	26.220	367.37	0.20204	1.2089	0.019427	vapor
22.460	25.428	2.1853	0.45760	0.76339	0.92512	41.330	13.188	26.222	367.36	0.20204	1.2089	0.019428	vapor
22.460	25.434	2.1859	0.45748	0.76338	0.92511	41.328	13.188	26.224	367.36	0.20205	1.2089	0.019428	vapor
22.460	25.439	2.1864	0.45737	0.76337	0.92509	41.325	13.188	26.226	367.35	0.20205	1.2089	0.019428	vapor
22.460	25.445	2.1870	0.45725	0.76336	0.92507	41.323	13.189	26.228	367.34	0.20206	1.2089	0.019429	vapor
22.460	25.450	2.1875	0.45713	0.76335	0.92506	41.321	13.189	26.231	367.34	0.20206	1.2090	0.019429	vapor
22.460	25.456	2.1881	0.45702	0.76334	0.92504	41.318	13.189	26.233	367.33	0.20207	1.2090	0.019430	vapor
22.460	25.461	2.1887	0.45690	0.76333	0.92503	41.316	13.189	26.235	367.32	0.20207	1.2090	0.019430	vapor
22.460	25.467	2.1892	0.45678	0.76332	0.92501	41.314	13.190	26.237	367.31	0.20208	1.2090	0.019430	vapor
22.460	25.472	2.1898	0.45667	0.76331	0.92499	41.312	13.190	26.239	367.31	0.20208	1.2090	0.019431	vapor
22.460	25.478	2.1903	0.45655	0.76330	0.92498	41.309	13.190	26.241	367.30	0.20209	1.2090	0.019431	vapor
22.460	25.483	2.1909	0.45643	0.76329	0.92496	41.307	13.191	26.243	367.29	0.20209	1.2090	0.019432	vapor
22.460	25.489	2.1915	0.45632	0.76328	0.92495	41.305	13.191	26.245	367.29	0.20210	1.2091	0.019432	vapor
22.460	25.494	2.1920	0.45620	0.76327	0.92493	41.303	13.191	26.247	367.28	0.20210	1.2091	0.019432	vapor
22.460	25.500	2.1926	0.45608	0.76326	0.92491	41.300	13.192	26.249	367.27	0.20211	1.2091	0.019433	vapor
22.460	25.505	2.1931	0.45597	0.76325	0.92490	41.298	13.192	26.251	367.27	0.20211	1.2091	0.019433	vapor
22.460	25.511	2.1937	0.45585	0.76324	0.92488	41.296	13.192	26.253	367.26	0.20212	1.2091	0.019433	vapor
22.460	25.516	2.1943	0.45574	0.76323	0.92486	41.293	13.193	26.256	367.25	0.20213	1.2091	0.019434	vapor
22.460	25.522	2.1948	0.45562	0.76322	0.92485	41.291	13.193	26.258	367.25	0.20213	1.2091	0.019434	vapor
22.460	25.527	2.1954	0.45550	0.76321	0.92483	41.289	13.193	26.260	367.24	0.20214	1.2091	0.019435	vapor
22.460	25.533	2.1959	0.45539	0.76320	0.92482	41.287	13.194	26.262	367.23	0.20214	1.2092	0.019435	vapor
22.460	25.538	2.1965	0.45527	0.76319	0.92480	41.284	13.194	26.264	367.22	0.20215	1.2092	0.019435	vapor
22.460	25.544	2.1971	0.45516	0.76318	0.92478	41.282	13.194	26.266	367.22	0.20215	1.2092	0.019436	vapor
22.460	25.549	2.1976	0.45504	0.76317	0.92477	41.280	13.195	26.268	367.21	0.20216	1.2092	0.019436	vapor
22.460	25.555	2.1982	0.45492	0.76316	0.92475	41.278	13.195	26.270	367.20	0.20216	1.2092	0.019437	vapor
22.460	25.560	2.1987	0.45481	0.76315	0.92473	41.275	13.195	26.272	367.20	0.20217	1.2092	0.019437	vapor
22.460	25.566	2.1993	0.45469	0.76314	0.92472	41.273	13.195	26.274	367.19	0.20217	1.2092	0.019437	vapor
22.460	25.571	2.1999	0.45458	0.76313	0.92470	41.271	13.196	26.276	367.18	0.20218	1.2092	0.019438	vapor
22.460	25.577	2.2004	0.45446	0.76312	0.92469	41.268	13.196	26.279	367.18	0.20218	1.2093	0.019438	vapor
22.460	25.582	2.2010	0.45434	0.76311	0.92467	41.266	13.196	26.281	367.17	0.20219	1.2093	0.019439	vapor
22.460	25.588	2.2015	0.45423	0.76310	0.92465	41.264	13.197	26.283	367.16	0.20219	1.2093	0.019439	vapor
22.460	25.593	2.2021	0.45411	0.76309	0.92464	41.262	13.197	26.285	367.16	0.20220	1.2093	0.019439	vapor
22.460	25.599	2.2027	0.45400	0.76308	0.92462	41.259	13.197	26.287	367.15	0.20220	1.2093	0.019440	vapor
22.460	25.604	2.2032	0.45388	0.76307	0.92460	41.257	13.198	26.289	367.14	0.20221	1.2093	0.019440	vapor
22.460	25.610	2.2038	0.45377	0.76306	0.92459	41.255	13.198	26.291	367.14	0.20221	1.2093	0.019441	vapor
22.460	25.615	2.2043	0.45365	0.76305	0.92457	41.253	13.198	26.293	367.13	0.20222	1.2094	0.019441	vapor
22.460	25.621	2.2049	0.45354	0.76304	0.92456	41.250	13.199	26.295	367.12	0.20222	1.2094	0.019441	vapor
22.460	25.626	2.2055	0.45342	0.76303	0.92454	41.248	13.199	26.297	367.11	0.20223	1.2094	0.019442	vapor
22.460	25.632	2.2060	0.45331	0.76302	0.92452	41.246	13.199	26.300	367.11	0.20223	1.2094	0.019442	vapor
22.460	25.637	2.2066	0.45319	0.76301	0.92451	41.243	13.200	26.302	367.10	0.20224	1.2094	0.019442	vapor
22.460	25.643	2.2071	0.45308	0.76300	0.92449	41.241	13.200	26.304	367.09	0.20225	1.2094	0.019443	vapor
22.460	25.648	2.2077	0.45296	0.76299	0.92447	41.239	13.200	26.306	367.09	0.20225	1.2094	0.019443	vapor
22.460	25.654	2.2083	0.45285	0.76298	0.92446	41.237	13.201	26.308	367.08	0.20226	1.2094	0.019444	vapor
22.460	25.659	2.2088	0.45273	0.76297	0.92444	41.234	13.201	26.310	367.07	0.20226	1.2095	0.019444	vapor
22.460	25.665	2.2094	0.45262	0.76296	0.92443	41.232	13.201	26.312	367.07	0.20227	1.2095	0.019444	vapor
22.460	25.670	2.2099	0.45250	0.76295	0.92441	41.230	13.201	26.314	367.06	0.20227	1.2095	0.019445	vapor
22.460	25.676	2.2105	0.45239	0.76294	0.92439	41.228	13.202	26.316	367.05	0.20228	1.2095	0.019445	vapor
22.460	25.681	2.2111	0.45227	0.76294	0.92438	41.225	13.202	26.318	367.04	0.20228	1.2095	0.019446	vapor
22.460	25.687	2.2116	0.45216	0.76293	0.92436	41.223	13.202	26.321	367.04	0.20229	1.2095	0.019446	vapor
22.460	25.692	2.2122	0.45204	0.76292	0.92434	41.221	13.203	26.323	367.03	0.20229	1.2095	0.019446	vapor
22.460	25.698	2.2127	0.45193	0.76291	0.92433	41.219	13.203	26.325	367.02	0.20230	1.2095	0.019447	vapor
22.460	25.703	2.2133	0.45181	0.76290	0.92431	41.216	13.203	26.327	367.02	0.20230	1.2096	0.019447	vapor
22.460	25.709	2.2139	0.45170	0.76289	0.92430	41.214	13.204	26.329	367.01	0.20231	1.2096	0.019448	vapor
22.460	25.714	2.2144	0.45158	0.76288	0.92428	41.212	13.204	26.331	367.00	0.20231	1.2096	0.019448	vapor
22.460	25.720	2.2150	0.45147	0.76287	0.92426	41.210	13.204	26.333	367.00	0.20232	1.2096	0.019448	vapor
22.460	25.725	2.2156	0.45135	0.76286	0.92425	41.207	13.205	26.335	366.99	0.20232	1.2096	0.019449	vapor
22.460	25.731	2.2161	0.45124	0.76285	0.92423	41.205	13.205	26.337	366.98	0.20233	1.2096	0.019449	vapor
22.460	25.736	2.2167	0.45113	0.76284	0.92421	41.203	13.205	26.340	366.98	0.20233	1.2096	0.019449	vapor
22.460	25.742	2.2172	0.45101	0.76283	0.92420	41.200	13.206	26.342	366.97	0.20234	1.2097	0.019450	vapor
22.460	25.747	2.2178	0.45090	0.76282	0.92418	41.198	13.206	26.344	366.96	0.20234	1.2097	0.019450	vapor
22.460	25.753	2.2184	0.45078	0.76281	0.92417	41.196	13.206	26.346	366.95	0.20235	1.2097	0.019451	vapor
22.460	25.758	2.2189	0.45067	0.76280	0.92415	41.194	13.207	26.348	366.95	0.20236	1.2097	0.019451	vapor
22.460	25.764	2.2195	0.45055	0.76279	0.92413	41.191	13.207	26.350	366.94	0.20236	1.2097	0.019451	vapor
22.460	25.769	2.2200	0.45044	0.76278	0.92412	41.189	13.207	26.352	366.93	0.20237	1.2097	0.019452	vapor
22.460	25.775	2.2206	0.45033	0.76277	0.92410	41.187	13.208	26.354	366.93	0.20237	1.2097	0.019452	vapor
22.460	25.780	2.2212	0.45021	0.76276	0.92408	41.185	13.208	26.356	366.92	0.20238	1.2097	0.019453	vapor
22.460	25.786	2.2217	0.45010	0.76275	0.92407	41.182	13.208	26.359	366.91	0.20238	1.2098	0.019453	vapor
22.460	25.791	2.2223	0.44998	0.76274	0.92405	41.180	13.208	26.361	366.91	0.20239	1.2098	0.019453	vapor
22.460	25.797	2.2229	0.44987	0.76273	0.92403	41.178	13.209	26.363	366.90	0.20239	1.2098	0.019454	vapor
22.460	25.802	2.2234	0.44976	0.76272	0.92402	41.176	13.209	26.365	366.89	0.20240	1.2098	0.019454	vapor
22.460	25.808	2.2240	0.44964	0.76271	0.92400	41.173	13.209	26.367	366.89	0.20240	1.2098	0.019455	vapor
22.460	25.813	2.2245	0.44953	0.76270	0.92399	41.171	13.210	26.369	366.88	0.20241	1.2098	0.019455	vapor
22.460	25.819	2.2251	0.44942	0.76269	0.92397	41.169	13.210	26.371	366.87	0.20241	1.2098	0.019455	vapor
22.460	25.824	2.2257	0.44930	0.76268	0.92395	41.167	13.210	26.373	366.86	0.20242	1.2098	0.019456	vapor
22.460	25.830	2.2262	0.44919	0.76267	0.92394	41.164	13.211	26.376	366.86	0.20242	1.2099	0.019456	vapor
22.460	25.835	2.2268	0.44908	0.76266	0.92392	41.162	13.211	26.378	366.85	0.20243	1.2099	0.019457	vapor
22.460	25.841	2.2274	0.44896	0.76265	0.92390	41.160	13.211	26.380	366.84	0.20243	1.2099	0.019457	vapor
22.460	25.846	2.2279	0.44885	0.76264	0.92389	41.158	13.212	26.382	366.84	0.20244	1.2099	0.019457	vapor
22.460	25.852	2.2285	0.44874	0.76263	0.92387	41.155	13.212	26.384	366.83	0.20244	1.2099	0.019458	vapor
22.460	25.857	2.2290	0.44862	0.76262	0.92386	41.153	13.212	26.386	366.82	0.20245	1.2099	0.019458	vapor
22.460	25.863	2.2296	0.44851	0.76261	0.92384	41.151	13.213	26.388	366.82	0.20245	1.2099	0.019458	vapor
22.460	25.868	2.2302	0.44840	0.76260	0.92382	41.149	13.213	26.390	366.81	0.20246	1.2100	0.019459	vapor
22.460	25.874	2.2307	0.44828	0.76259	0.92381	41.146	13.213	26.393	366.80	0.20247	1.2100	0.019459	vapor
22.460	25.879	2.2313	0.44817	0.76258	0.92379	41.144	13.214	26.395	366.79	0.20247	1.2100	0.019460	vapor
22.460	25.885	2.2319	0.44806	0.76257	0.92377	41.142	13.214	26.397	366.79	0.20248	1.2100	0.019460	vapor
22.460	25.890	2.2324	0.44794	0.76256	0.92376	41.140	13.214	26.399	366.78	0.20248	1.2100	0.019460	vapor
22.460	25.896	2.2330	0.44783	0.76255	0.92374	41.137	13.215	26.401	366.77	0.20249	1.2100	0.019461	vapor
22.460	25.901	2.2336	0.44772	0.76254	0.92372	41.135	13.215	26.403	366.77	0.20249	1.2100	0.019461	vapor
22.460	25.907	2.2341	0.44760	0.76253	0.92371	41.133	13.215	26.405	366.76	0.20250	1.2100	0.019462	vapor
22.460	25.912	2.2347	0.44749	0.76252	0.92369	41.131	13.216	26.408	366.75	0.20250	1.2101	0.019462	vapor
22.460	25.918	2.2352	0.44738	0.76251	0.92368	41.128	13.216	26.410	366.75	0.20251	1.2101	0.019462	vapor
22.460	25.923	2.2358	0.44727	0.76250	0.92366	41.126	13.216	26.412	366.74	0.20251	1.2101	0.019463	vapor
22.460	25.929	2.2364	0.44715	0.76249	0.92364	41.124	13.216	26.414	366.73	0.20252	1.2101	0.019463	vapor
22.460	25.934	2.2369	0.44704	0.76248	0.92363	41.122	13.217	26.416	366.73	0.20252	1.2101	0.019464	vapor
22.460	25.940	2.2375	0.44693	0.76247	0.92361	41.119	13.217	26.418	366.72	0.20253	1.2101	0.019464	vapor
22.460	25.945	2.2381	0.44682	0.76246	0.92359	41.117	13.217	26.420	366.71	0.20253	1.2101	0.019464	vapor
22.460	25.951	2.2386	0.44670	0.76245	0.92358	41.115	13.218	26.422	366.70	0.20254	1.2101	0.019465	vapor
22.460	25.954	2.2390	0.44663	0.76244	0.92357	41.113	13.218	26.424	366.70	0.20254	1.2102	0.019465	vapor
22.460	25.954	68.307	0.014640	0.039936	0.045218	2.0062	11.680	22.356	1055.5	-0.0089766	11.343	0.10532	liquid
22.460	25.956	68.307	0.014640	0.039936	0.045218	2.0061	11.680	22.356	1055.5	-0.0089766	11.343	0.10532	liquid
22.460	25.962	68.307	0.014640	0.039936	0.045218	2.0061	11.680	22.356	1055.5	-0.0089767	11.343	0.10532	liquid
22.460	25.967	68.307	0.014640	0.039935	0.045219	2.0061	11.680	22.356	1055.5	-0.0089767	11.343	0.10532	liquid
22.460	25.973	68.307	0.014640	0.039935	0.045220	2.0061	11.680	22.356	1055.5	-0.0089768	11.343	0.10532	liquid
22.460	25.978	68.307	0.014640	0.039934	0.045220	2.0061	11.680	22.356	1055.5	-0.0089769	11.343	0.10532	liquid
22.460	25.984	68.307	0.014640	0.039934	0.045221	2.0060	11.680	22.356	1055.5	-0.0089769	11.343	0.10532	liquid
22.460	25.989	68.307	0.014640	0.039933	0.045222	2.0060	11.680	22.356	1055.5	-0.0089770	11.343	0.10532	liquid
22.460	25.995	68.308	0.014640	0.039933	0.045222	2.0060	11.680	22.356	1055.5	-0.0089771	11.343	0.10532	liquid
22.460	26.000	68.308	0.014640	0.039932	0.045223	2.0060	11.680	22.356	1055.5	-0.0089771	11.343	0.10532	liquid
22.460	26.006	68.308	0.014640	0.039932	0.045223	2.0059	11.680	22.356	1055.5	-0.0089772	11.343	0.10532	liquid
22.460	26.011	68.308	0.014640	0.039931	0.045224	2.0059	11.680	22.356	1055.5	-0.0089773	11.343	0.10532	liquid
22.460	26.017	68.308	0.014640	0.039931	0.045225	2.0059	11.680	22.356	1055.5	-0.0089774	11.343	0.10532	liquid
22.460	26.022	68.308	0.014640	0.039930	0.045225	2.0059	11.680	22.355	1055.5	-0.0089774	11.343	0.10532	liquid
22.460	26.028	68.308	0.014640	0.039930	0.045226	2.0059	11.680	22.355	1055.5	-0.0089775	11.343	0.10532	liquid
22.460	26.033	68.308	0.014640	0.039929	0.045226	2.0058	11.680	22.355	1055.5	-0.0089776	11.343	0.10532	liquid
22.460	26.039	68.308	0.014640	0.039929	0.045227	2.0058	11.680	22.355	1055.5	-0.0089776	11.343	0.10532	liquid
22.460	26.044	68.308	0.014640	0.039928	0.045228	2.0058	11.680	22.355	1055.5	-0.0089777	11.343	0.10532	liquid
22.460	26.050	68.308	0.014640	0.039928	0.045228	2.0058	11.680	22.355	1055.5	-0.0089778	11.343	0.10532	liquid
22.460	26.055	68.308	0.014640	0.039927	0.045229	2.0057	11.680	22.355	1055.5	-0.0089778	11.343	0.10532	liquid
22.460	26.061	68.308	0.014639	0.039927	0.045230	2.0057	11.680	22.355	1055.5	-0.0089779	11.343	0.10532	liquid
22.460	26.066	68.308	0.014639	0.039926	0.045230	2.0057	11.680	22.355	1055.5	-0.0089780	11.343	0.10532	liquid
22.460	26.072	68.308	0.014639	0.039926	0.045231	2.0057	11.680	22.355	1055.5	-0.0089780	11.343	0.10532	liquid
22.460	26.077	68.309	0.014639	0.039925	0.045231	2.0057	11.680	22.355	1055.5	-0.0089781	11.343	0.10532	liquid
22.460	26.083	68.309	0.014639	0.039925	0.045232	2.0056	11.680	22.355	1055.5	-0.0089782	11.343	0.10532	liquid
22.460	26.088	68.309	0.014639	0.039924	0.045233	2.0056	11.680	22.355	1055.5	-0.0089782	11.343	0.10532	liquid
22.460	26.094	68.309	0.014639	0.039924	0.045233	2.0056	11.680	22.355	1055.5	-0.0089783	11.343	0.10532	liquid
22.460	26.099	68.309	0.014639	0.039923	0.045234	2.0056	11.680	22.355	1055.5	-0.0089784	11.344	0.10532	liquid
22.460	26.105	68.309	0.014639	0.039923	0.045234	2.0055	11.680	22.355	1055.5	-0.0089784	11.344	0.10532	liquid
22.460	26.110	68.309	0.014639	0.039922	0.045235	2.0055	11.680	22.354	1055.5	-0.0089785	11.344	0.10532	liquid
22.460	26.116	68.309	0.014639	0.039922	0.045236	2.0055	11.680	22.354	1055.5	-0.0089786	11.344	0.10532	liquid
22.460	26.121	68.309	0.014639	0.039921	0.045236	2.0055	11.680	22.354	1055.5	-0.0089786	11.344	0.10532	liquid
22.460	26.127	68.309	0.014639	0.039921	0.045237	2.0054	11.680	22.354	1055.5	-0.0089787	11.344	0.10532	liquid
22.460	26.132	68.309	0.014639	0.039920	0.045237	2.0054	11.680	22.354	1055.5	-0.0089788	11.344	0.10532	liquid
22.460	26.138	68.309	0.014639	0.039920	0.045238	2.0054	11.680	22.354	1055.5	-0.0089788	11.344	0.10532	liquid
22.460	26.143	68.309	0.014639	0.039919	0.045239	2.0054	11.680	22.354	1055.5	-0.0089789	11.344	0.10532	liquid
22.460	26.149	68.309	0.014639	0.039919	0.045239	2.0054	11.680	22.354	1055.5	-0.0089790	11.344	0.10532	liquid
22.460	26.154	68.309	0.014639	0.039918	0.045240	2.0053	11.680	22.354	1055.5	-0.0089790	11.344	0.10532	liquid
22.460	26.160	68.310	0.014639	0.039918	0.045241	2.0053	11.680	22.354	1055.5	-0.0089791	11.344	0.10532	liquid
22.460	26.165	68.310	0.014639	0.039917	0.045241	2.0053	11.680	22.354	1055.6	-0.0089792	11.344	0.10532	liquid
22.460	26.171	68.310	0.014639	0.039917	0.045242	2.0053	11.680	22.354	1055.6	-0.0089792	11.344	0.10532	liquid
22.460	26.176	68.310	0.014639	0.039916	0.045242	2.0052	11.680	22.354	1055.6	-0.0089793	11.344	0.10532	liquid
22.460	26.182	68.310	0.014639	0.039916	0.045243	2.0052	11.680	22.354	1055.6	-0.0089794	11.344	0.10532	liquid
22.460	26.187	68.310	0.014639	0.039915	0.045244	2.0052	11.680	22.354	1055.6	-0.0089794	11.344	0.10532	liquid
22.460	26.193	68.310	0.014639	0.039915	0.045244	2.0052	11.680	22.354	1055.6	-0.0089795	11.344	0.10532	liquid
22.460	26.198	68.310	0.014639	0.039914	0.045245	2.0052	11.680	22.353	1055.6	-0.0089796	11.344	0.10532	liquid
22.460	26.204	68.310	0.014639	0.039914	0.045245	2.0051	11.680	22.353	1055.6	-0.0089796	11.344	0.10532	liquid
22.460	26.209	68.310	0.014639	0.039913	0.045246	2.0051	11.680	22.353	1055.6	-0.0089797	11.344	0.10532	liquid
22.460	26.215	68.310	0.014639	0.039913	0.045247	2.0051	11.680	22.353	1055.6	-0.0089798	11.344	0.10532	liquid
22.460	26.220	68.310	0.014639	0.039912	0.045247	2.0051	11.680	22.353	1055.6	-0.0089799	11.344	0.10532	liquid
22.460	26.226	68.310	0.014639	0.039912	0.045248	2.0050	11.680	22.353	1055.6	-0.0089799	11.344	0.10532	liquid
22.460	26.231	68.310	0.014639	0.039911	0.045249	2.0050	11.680	22.353	1055.6	-0.0089800	11.344	0.10532	liquid
22.460	26.237	68.310	0.014639	0.039911	0.045249	2.0050	11.680	22.353	1055.6	-0.0089801	11.344	0.10532	liquid
22.460	26.242	68.310	0.014639	0.039910	0.045250	2.0050	11.680	22.353	1055.6	-0.0089801	11.344	0.10532	liquid
22.460	26.248	68.311	0.014639	0.039910	0.045250	2.0050	11.680	22.353	1055.6	-0.0089802	11.344	0.10532	liquid
22.460	26.253	68.311	0.014639	0.039909	0.045251	2.0049	11.680	22.353	1055.6	-0.0089803	11.345	0.10532	liquid
22.460	26.259	68.311	0.014639	0.039909	0.045252	2.0049	11.680	22.353	1055.6	-0.0089803	11.345	0.10532	liquid
22.460	26.264	68.311	0.014639	0.039908	0.045252	2.0049	11.680	22.353	1055.6	-0.0089804	11.345	0.10532	liquid
22.460	26.270	68.311	0.014639	0.039908	0.045253	2.0049	11.680	22.353	1055.6	-0.0089805	11.345	0.10532	liquid
22.460	26.275	68.311	0.014639	0.039907	0.045253	2.0048	11.680	22.353	1055.6	-0.0089805	11.345	0.10532	liquid
22.460	26.281	68.311	0.014639	0.039907	0.045254	2.0048	11.680	22.353	1055.6	-0.0089806	11.345	0.10532	liquid
22.460	26.286	68.311	0.014639	0.039906	0.045255	2.0048	11.680	22.352	1055.6	-0.0089807	11.345	0.10532	liquid
22.460	26.292	68.311	0.014639	0.039906	0.045255	2.0048	11.680	22.352	1055.6	-0.0089807	11.345	0.10532	liquid
22.460	26.297	68.311	0.014639	0.039905	0.045256	2.0048	11.680	22.352	1055.6	-0.0089808	11.345	0.10532	liquid
22.460	26.303	68.311	0.014639	0.039905	0.045257	2.0047	11.680	22.352	1055.6	-0.0089809	11.345	0.10532	liquid
22.460	26.308	68.311	0.014639	0.039904	0.045257	2.0047	11.680	22.352	1055.6	-0.0089809	11.345	0.10532	liquid
22.460	26.314	68.311	0.014639	0.039904	0.045258	2.0047	11.680	22.352	1055.6	-0.0089810	11.345	0.10532	liquid
22.460	26.319	68.311	0.014639	0.039903	0.045258	2.0047	11.680	22.352	1055.6	-0.0089811	11.345	0.10532	liquid
22.460	26.325	68.311	0.014639	0.039903	0.045259	2.0046	11.680	22.352	1055.6	-0.0089811	11.345	0.10532	liquid
22.460	26.330	68.312	0.014639	0.039902	0.045260	2.0046	11.680	22.352	1055.6	-0.0089812	11.345	0.10532	liquid
22.460	26.336	68.312	0.014639	0.039902	0.045260	2.0046	11.680	22.352	1055.6	-0.0089813	11.345	0.10532	liquid
22.460	26.341	68.312	0.014639	0.039901	0.045261	2.0046	11.680	22.352	1055.6	-0.0089813	11.345	0.10532	liquid
22.460	26.347	68.312	0.014639	0.039901	0.045261	2.0045	11.680	22.352	1055.6	-0.0089814	11.345	0.10532	liquid
22.460	26.352	68.312	0.014639	0.039900	0.045262	2.0045	11.680	22.352	1055.6	-0.0089815	11.345	0.10532	liquid
22.460	26.358	68.312	0.014639	0.039900	0.045263	2.0045	11.680	22.352	1055.6	-0.0089815	11.345	0.10532	liquid
22.460	26.363	68.312	0.014639	0.039899	0.045263	2.0045	11.680	22.352	1055.6	-0.0089816	11.345	0.10532	liquid
22.460	26.369	68.312	0.014639	0.039899	0.045264	2.0045	11.680	22.351	1055.6	-0.0089817	11.345	0.10532	liquid
22.460	26.374	68.312	0.014639	0.039898	0.045264	2.0044	11.680	22.351	1055.6	-0.0089817	11.345	0.10532	liquid
22.460	26.380	68.312	0.014639	0.039898	0.045265	2.0044	11.680	22.351	1055.6	-0.0089818	11.345	0.10533	liquid
22.460	26.385	68.312	0.014639	0.039897	0.045266	2.0044	11.680	22.351	1055.7	-0.0089819	11.345	0.10533	liquid
22.460	26.391	68.312	0.014639	0.039897	0.045266	2.0044	11.680	22.351	1055.7	-0.0089819	11.345	0.10533	liquid
22.460	26.396	68.312	0.014639	0.039896	0.045267	2.0043	11.680	22.351	1055.7	-0.0089820	11.345	0.10533	liquid
22.460	26.402	68.312	0.014639	0.039896	0.045268	2.0043	11.680	22.351	1055.7	-0.0089821	11.345	0.10533	liquid
22.460	26.407	68.312	0.014639	0.039895	0.045268	2.0043	11.680	22.351	1055.7	-0.0089821	11.345	0.10533	liquid
22.460	26.413	68.313	0.014639	0.039895	0.045269	2.0043	11.680	22.351	1055.7	-0.0089822	11.346	0.10533	liquid
22.460	26.418	68.313	0.014639	0.039894	0.045269	2.0043	11.680	22.351	1055.7	-0.0089823	11.346	0.10533	liquid
22.460	26.424	68.313	0.014639	0.039894	0.045270	2.0042	11.680	22.351	1055.7	-0.0089824	11.346	0.10533	liquid
22.460	26.429	68.313	0.014639	0.039893	0.045271	2.0042	11.680	22.351	1055.7	-0.0089824	11.346	0.10533	liquid
22.460	26.435	68.313	0.014639	0.039893	0.045271	2.0042	11.680	22.351	1055.7	-0.0089825	11.346	0.10533	liquid
22.460	26.440	68.313	0.014639	0.039892	0.045272	2.0042	11.680	22.351	1055.7	-0.0089826	11.346	0.10533	liquid
22.460	26.446	68.313	0.014639	0.039892	0.045272	2.0041	11.680	22.351	1055.7	-0.0089826	11.346	0.10533	liquid
22.460	26.451	68.313	0.014639	0.039891	0.045273	2.0041	11.680	22.351	1055.7	-0.0089827	11.346	0.10533	liquid
22.460	26.457	68.313	0.014638	0.039891	0.045274	2.0041	11.680	22.350	1055.7	-0.0089828	11.346	0.10533	liquid
22.460	26.462	68.313	0.014638	0.039890	0.045274	2.0041	11.680	22.350	1055.7	-0.0089828	11.346	0.10533	liquid
22.460	26.468	68.313	0.014638	0.039890	0.045275	2.0041	11.680	22.350	1055.7	-0.0089829	11.346	0.10533	liquid
22.460	26.473	68.313	0.014638	0.039889	0.045276	2.0040	11.680	22.350	1055.7	-0.0089830	11.346	0.10533	liquid
22.460	26.479	68.313	0.014638	0.039889	0.045276	2.0040	11.680	22.350	1055.7	-0.0089830	11.346	0.10533	liquid
22.460	26.484	68.313	0.014638	0.039888	0.045277	2.0040	11.680	22.350	1055.7	-0.0089831	11.346	0.10533	liquid
22.460	26.490	68.313	0.014638	0.039888	0.045277	2.0040	11.680	22.350	1055.7	-0.0089832	11.346	0.10533	liquid
22.460	26.495	68.313	0.014638	0.039887	0.045278	2.0039	11.680	22.350	1055.7	-0.0089832	11.346	0.10533	liquid
22.460	26.501	68.314	0.014638	0.039887	0.045279	2.0039	11.680	22.350	1055.7	-0.0089833	11.346	0.10533	liquid
22.460	26.506	68.314	0.014638	0.039886	0.045279	2.0039	11.680	22.350	1055.7	-0.0089834	11.346	0.10533	liquid
22.460	26.512	68.314	0.014638	0.039886	0.045280	2.0039	11.680	22.350	1055.7	-0.0089834	11.346	0.10533	liquid
22.460	26.517	68.314	0.014638	0.039885	0.045280	2.0039	11.680	22.350	1055.7	-0.0089835	11.346	0.10533	liquid
22.460	26.523	68.314	0.014638	0.039885	0.045281	2.0038	11.680	22.350	1055.7	-0.0089836	11.346	0.10533	liquid
22.460	26.528	68.314	0.014638	0.039884	0.045282	2.0038	11.680	22.350	1055.7	-0.0089836	11.346	0.10533	liquid
22.460	26.534	68.314	0.014638	0.039884	0.045282	2.0038	11.680	22.350	1055.7	-0.0089837	11.346	0.10533	liquid
22.460	26.539	68.314	0.014638	0.039883	0.045283	2.0038	11.680	22.350	1055.7	-0.0089838	11.346	0.10533	liquid
22.460	26.545	68.314	0.014638	0.039883	0.045283	2.0037	11.680	22.349	1055.7	-0.0089838	11.346	0.10533	liquid
22.460	26.550	68.314	0.014638	0.039882	0.045284	2.0037	11.680	22.349	1055.7	-0.0089839	11.346	0.10533	liquid
22.460	26.556	68.314	0.014638	0.039882	0.045285	2.0037	11.680	22.349	1055.7	-0.0089840	11.346	0.10533	liquid
22.460	26.561	68.314	0.014638	0.039881	0.045285	2.0037	11.680	22.349	1055.7	-0.0089840	11.346	0.10533	liquid
22.460	26.567	68.314	0.014638	0.039881	0.045286	2.0036	11.680	22.349	1055.7	-0.0089841	11.347	0.10533	liquid
22.460	26.572	68.314	0.014638	0.039880	0.045287	2.0036	11.680	22.349	1055.7	-0.0089842	11.347	0.10533	liquid
22.460	26.578	68.314	0.014638	0.039880	0.045287	2.0036	11.680	22.349	1055.7	-0.0089842	11.347	0.10533	liquid
22.460	26.583	68.315	0.014638	0.039879	0.045288	2.0036	11.680	22.349	1055.7	-0.0089843	11.347	0.10533	liquid
22.460	26.589	68.315	0.014638	0.039879	0.045288	2.0036	11.680	22.349	1055.7	-0.0089844	11.347	0.10533	liquid
22.460	26.594	68.315	0.014638	0.039878	0.045289	2.0035	11.680	22.349	1055.7	-0.0089844	11.347	0.10533	liquid
22.460	26.600	68.315	0.014638	0.039878	0.045290	2.0035	11.680	22.349	1055.7	-0.0089845	11.347	0.10533	liquid
22.460	26.605	68.315	0.014638	0.039877	0.045290	2.0035	11.680	22.349	1055.8	-0.0089846	11.347	0.10533	liquid
22.460	26.611	68.315	0.014638	0.039877	0.045291	2.0035	11.680	22.349	1055.8	-0.0089846	11.347	0.10533	liquid
22.460	26.616	68.315	0.014638	0.039876	0.045291	2.0034	11.680	22.349	1055.8	-0.0089847	11.347	0.10533	liquid
22.460	26.622	68.315	0.014638	0.039876	0.045292	2.0034	11.680	22.349	1055.8	-0.0089848	11.347	0.10533	liquid
22.460	26.627	68.315	0.014638	0.039875	0.045293	2.0034	11.680	22.349	1055.8	-0.0089849	11.347	0.10533	liquid
22.460	26.633	68.315	0.014638	0.039875	0.045293	2.0034	11.680	22.348	1055.8	-0.0089849	11.347	0.10533	liquid
22.460	26.638	68.315	0.014638	0.039874	0.045294	2.0034	11.680	22.348	1055.8	-0.0089850	11.347	0.10533	liquid
22.460	26.644	68.315	0.014638	0.039874	0.045295	2.0033	11.680	22.348	1055.8	-0.0089851	11.347	0.10533	liquid
22.460	26.649	68.315	0.014638	0.039873	0.045295	2.0033	11.680	22.348	1055.8	-0.0089851	11.347	0.10533	liquid
22.460	26.655	68.315	0.014638	0.039873	0.045296	2.0033	11.680	22.348	1055.8	-0.0089852	11.347	0.10533	liquid
22.460	26.660	68.315	0.014638	0.039872	0.045296	2.0033	11.680	22.348	1055.8	-0.0089853	11.347	0.10533	liquid
22.460	26.666	68.316	0.014638	0.039872	0.045297	2.0032	11.680	22.348	1055.8	-0.0089853	11.347	0.10533	liquid
22.460	26.671	68.316	0.014638	0.039871	0.045298	2.0032	11.680	22.348	1055.8	-0.0089854	11.347	0.10533	liquid
22.460	26.677	68.316	0.014638	0.039871	0.045298	2.0032	11.680	22.348	1055.8	-0.0089855	11.347	0.10533	liquid
22.460	26.682	68.316	0.014638	0.039870	0.045299	2.0032	11.680	22.348	1055.8	-0.0089855	11.347	0.10533	liquid
22.460	26.688	68.316	0.014638	0.039870	0.045299	2.0032	11.680	22.348	1055.8	-0.0089856	11.347	0.10533	liquid
22.460	26.693	68.316	0.014638	0.039869	0.045300	2.0031	11.680	22.348	1055.8	-0.0089857	11.347	0.10533	liquid
22.460	26.699	68.316	0.014638	0.039869	0.045301	2.0031	11.680	22.348	1055.8	-0.0089857	11.347	0.10533	liquid
22.460	26.704	68.316	0.014638	0.039868	0.045301	2.0031	11.680	22.348	1055.8	-0.0089858	11.347	0.10533	liquid
22.460	26.710	68.316	0.014638	0.039868	0.045302	2.0031	11.680	22.348	1055.8	-0.0089859	11.347	0.10533	liquid
22.460	26.715	68.316	0.014638	0.039867	0.045303	2.0030	11.680	22.348	1055.8	-0.0089859	11.347	0.10533	liquid
22.460	26.721	68.316	0.014638	0.039867	0.045303	2.0030	11.680	22.347	1055.8	-0.0089860	11.348	0.10533	liquid
22.460	26.726	68.316	0.014638	0.039866	0.045304	2.0030	11.680	22.347	1055.8	-0.0089861	11.348	0.10533	liquid
22.460	26.732	68.316	0.014638	0.039866	0.045304	2.0030	11.680	22.347	1055.8	-0.0089861	11.348	0.10533	liquid
22.460	26.737	68.316	0.014638	0.039865	0.045305	2.0030	11.680	22.347	1055.8	-0.0089862	11.348	0.10533	liquid
22.460	26.743	68.316	0.014638	0.039865	0.045306	2.0029	11.680	22.347	1055.8	-0.0089863	11.348	0.10533	liquid
22.460	26.748	68.316	0.014638	0.039864	0.045306	2.0029	11.680	22.347	1055.8	-0.0089863	11.348	0.10533	liquid
22.460	26.754	68.317	0.014638	0.039864	0.045307	2.0029	11.680	22.347	1055.8	-0.0089864	11.348	0.10533	liquid
22.460	26.759	68.317	0.014638	0.039863	0.045307	2.0029	11.680	22.347	1055.8	-0.0089865	11.348	0.10533	liquid
22.460	26.765	68.317	0.014638	0.039863	0.045308	2.0028	11.680	22.347	1055.8	-0.0089865	11.348	0.10533	liquid
22.460	26.770	68.317	0.014638	0.039862	0.045309	2.0028	11.680	22.347	1055.8	-0.0089866	11.348	0.10533	liquid
22.460	26.776	68.317	0.014638	0.039862	0.045309	2.0028	11.680	22.347	1055.8	-0.0089867	11.348	0.10533	liquid
22.460	26.781	68.317	0.014638	0.039861	0.045310	2.0028	11.680	22.347	1055.8	-0.0089867	11.348	0.10533	liquid
22.460	26.787	68.317	0.014638	0.039861	0.045310	2.0027	11.680	22.347	1055.8	-0.0089868	11.348	0.10533	liquid
22.460	26.792	68.317	0.014638	0.039860	0.045311	2.0027	11.680	22.347	1055.8	-0.0089869	11.348	0.10533	liquid
22.460	26.798	68.317	0.014638	0.039860	0.045312	2.0027	11.680	22.347	1055.8	-0.0089869	11.348	0.10533	liquid
22.460	26.803	68.317	0.014638	0.039859	0.045312	2.0027	11.680	22.347	1055.8	-0.0089870	11.348	0.10533	liquid
22.460	26.809	68.317	0.014638	0.039859	0.045313	2.0027	11.680	22.346	1055.8	-0.0089871	11.348	0.10533	liquid
22.460	26.814	68.317	0.014638	0.039858	0.045314	2.0026	11.680	22.346	1055.8	-0.0089871	11.348	0.10533	liquid
22.460	26.820	68.317	0.014638	0.039858	0.045314	2.0026	11.680	22.346	1055.8	-0.0089872	11.348	0.10534	liquid
22.460	26.825	68.317	0.014638	0.039857	0.045315	2.0026	11.680	22.346	1055.9	-0.0089873	11.348	0.10534	liquid
22.460	26.831	68.317	0.014638	0.039857	0.045315	2.0026	11.680	22.346	1055.9	-0.0089873	11.348	0.10534	liquid
22.460	26.836	68.318	0.014638	0.039856	0.045316	2.0025	11.680	22.346	1055.9	-0.0089874	11.348	0.10534	liquid
22.460	26.842	68.318	0.014638	0.039856	0.045317	2.0025	11.680	22.346	1055.9	-0.0089875	11.348	0.10534	liquid
22.460	26.847	68.318	0.014638	0.039855	0.045317	2.0025	11.680	22.346	1055.9	-0.0089876	11.348	0.10534	liquid
22.460	26.853	68.318	0.014637	0.039855	0.045318	2.0025	11.680	22.346	1055.9	-0.0089876	11.348	0.10534	liquid
22.460	26.858	68.318	0.014637	0.039854	0.045318	2.0025	11.680	22.346	1055.9	-0.0089877	11.348	0.10534	liquid
22.460	26.864	68.318	0.014637	0.039854	0.045319	2.0024	11.680	22.346	1055.9	-0.0089878	11.348	0.10534	liquid
22.460	26.869	68.318	0.014637	0.039853	0.045320	2.0024	11.680	22.346	1055.9	-0.0089878	11.348	0.10534	liquid
22.460	26.875	68.318	0.014637	0.039853	0.045320	2.0024	11.680	22.346	1055.9	-0.0089879	11.348	0.10534	liquid
22.460	26.880	68.318	0.014637	0.039852	0.045321	2.0024	11.680	22.346	1055.9	-0.0089880	11.349	0.10534	liquid
22.460	26.886	68.318	0.014637	0.039852	0.045322	2.0023	11.680	22.346	1055.9	-0.0089880	11.349	0.10534	liquid
22.460	26.891	68.318	0.014637	0.039851	0.045322	2.0023	11.680	22.345	1055.9	-0.0089881	11.349	0.10534	liquid
22.460	26.897	68.318	0.014637	0.039851	0.045323	2.0023	11.680	22.345	1055.9	-0.0089882	11.349	0.10534	liquid
22.460	26.902	68.318	0.014637	0.039850	0.045323	2.0023	11.680	22.345	1055.9	-0.0089882	11.349	0.10534	liquid
22.460	26.908	68.318	0.014637	0.039850	0.045324	2.0023	11.680	22.345	1055.9	-0.0089883	11.349	0.10534	liquid
22.460	26.913	68.318	0.014637	0.039849	0.045325	2.0022	11.680	22.345	1055.9	-0.0089884	11.349	0.10534	liquid
22.460	26.919	68.319	0.014637	0.039849	0.045325	2.0022	11.680	22.345	1055.9	-0.0089884	11.349	0.10534	liquid
22.460	26.924	68.319	0.014637	0.039848	0.045326	2.0022	11.680	22.345	1055.9	-0.0089885	11.349	0.10534	liquid
22.460	26.930	68.319	0.014637	0.039848	0.045326	2.0022	11.680	22.345	1055.9	-0.0089886	11.349	0.10534	liquid
22.460	26.935	68.319	0.014637	0.039847	0.045327	2.0021	11.680	22.345	1055.9	-0.0089886	11.349	0.10534	liquid
22.460	26.941	68.319	0.014637	0.039847	0.045328	2.0021	11.680	22.345	1055.9	-0.0089887	11.349	0.10534	liquid
22.460	26.946	68.319	0.014637	0.039846	0.045328	2.0021	11.680	22.345	1055.9	-0.0089888	11.349	0.10534	liquid
22.460	26.952	68.319	0.014637	0.039846	0.045329	2.0021	11.680	22.345	1055.9	-0.0089888	11.349	0.10534	liquid
22.460	26.957	68.319	0.014637	0.039845	0.045330	2.0021	11.680	22.345	1055.9	-0.0089889	11.349	0.10534	liquid
22.460	26.963	68.319	0.014637	0.039845	0.045330	2.0020	11.680	22.345	1055.9	-0.0089890	11.349	0.10534	liquid
22.460	26.968	68.319	0.014637	0.039844	0.045331	2.0020	11.680	22.345	1055.9	-0.0089890	11.349	0.10534	liquid
22.460	26.974	68.319	0.014637	0.039844	0.045331	2.0020	11.680	22.345	1055.9	-0.0089891	11.349	0.10534	liquid
22.460	26.979	68.319	0.014637	0.039843	0.045332	2.0020	11.680	22.344	1055.9	-0.0089892	11.349	0.10534	liquid
22.460	26.985	68.319	0.014637	0.039843	0.045333	2.0019	11.680	22.344	1055.9	-0.0089892	11.349	0.10534	liquid
22.460	26.990	68.319	0.014637	0.039842	0.045333	2.0019	11.680	22.344	1055.9	-0.0089893	11.349	0.10534	liquid
22.460	26.996	68.319	0.014637	0.039842	0.045334	2.0019	11.680	22.344	1055.9	-0.0089894	11.349	0.10534	liquid
22.460	27.001	68.319	0.014637	0.039841	0.045334	2.0019	11.680	22.344	1055.9	-0.0089894	11.349	0.10534	liquid
22.460	27.007	68.320	0.014637	0.039841	0.045335	2.0018	11.680	22.344	1055.9	-0.0089895	11.349	0.10534	liquid
22.460	27.012	68.320	0.014637	0.039840	0.045336	2.0018	11.680	22.344	1055.9	-0.0089896	11.349	0.10534	liquid
22.460	27.018	68.320	0.014637	0.039840	0.045336	2.0018	11.680	22.344	1055.9	-0.0089896	11.349	0.10534	liquid
22.460	27.023	68.320	0.014637	0.039839	0.045337	2.0018	11.680	22.344	1055.9	-0.0089897	11.349	0.10534	liquid
22.460	27.029	68.320	0.014637	0.039839	0.045337	2.0018	11.680	22.344	1055.9	-0.0089898	11.349	0.10534	liquid
22.460	27.034	68.320	0.014637	0.039838	0.045338	2.0017	11.680	22.344	1055.9	-0.0089898	11.350	0.10534	liquid
22.460	27.040	68.320	0.014637	0.039838	0.045339	2.0017	11.680	22.344	1055.9	-0.0089899	11.350	0.10534	liquid
22.460	27.045	68.320	0.014637	0.039837	0.045339	2.0017	11.680	22.344	1056.0	-0.0089900	11.350	0.10534	liquid
22.460	27.051	68.320	0.014637	0.039837	0.045340	2.0017	11.680	22.344	1056.0	-0.0089900	11.350	0.10534	liquid
22.460	27.056	68.320	0.014637	0.039836	0.045341	2.0016	11.680	22.344	1056.0	-0.0089901	11.350	0.10534	liquid
22.460	27.062	68.320	0.014637	0.039836	0.045341	2.0016	11.680	22.344	1056.0	-0.0089902	11.350	0.10534	liquid
22.460	27.067	68.320	0.014637	0.039835	0.045342	2.0016	11.680	22.343	1056.0	-0.0089902	11.350	0.10534	liquid
22.460	27.073	68.320	0.014637	0.039835	0.045342	2.0016	11.680	22.343	1056.0	-0.0089903	11.350	0.10534	liquid
22.460	27.078	68.320	0.014637	0.039834	0.045343	2.0016	11.680	22.343	1056.0	-0.0089904	11.350	0.10534	liquid
22.460	27.084	68.320	0.014637	0.039834	0.045344	2.0015	11.680	22.343	1056.0	-0.0089905	11.350	0.10534	liquid
22.460	27.089	68.321	0.014637	0.039833	0.045344	2.0015	11.680	22.343	1056.0	-0.0089905	11.350	0.10534	liquid
22.460	27.095	68.321	0.014637	0.039833	0.045345	2.0015	11.680	22.343	1056.0	-0.0089906	11.350	0.10534	liquid
22.460	27.100	68.321	0.014637	0.039832	0.045345	2.0015	11.680	22.343	1056.0	-0.0089907	11.350	0.10534	liquid
22.460	27.106	68.321	0.014637	0.039832	0.045346	2.0014	11.680	22.343	1056.0	-0.0089907	11.350	0.10534	liquid
22.460	27.111	68.321	0.014637	0.039831	0.045347	2.0014	11.680	22.343	1056.0	-0.0089908	11.350	0.10534	liquid
22.460	27.117	68.321	0.014637	0.039831	0.045347	2.0014	11.680	22.343	1056.0	-0.0089909	11.350	0.10534	liquid
22.460	27.122	68.321	0.014637	0.039830	0.045348	2.0014	11.680	22.343	1056.0	-0.0089909	11.350	0.10534	liquid
22.460	27.128	68.321	0.014637	0.039830	0.045349	2.0014	11.680	22.343	1056.0	-0.0089910	11.350	0.10534	liquid
22.460	27.133	68.321	0.014637	0.039829	0.045349	2.0013	11.680	22.343	1056.0	-0.0089911	11.350	0.10534	liquid
22.460	27.139	68.321	0.014637	0.039829	0.045350	2.0013	11.680	22.343	1056.0	-0.0089911	11.350	0.10534	liquid
22.460	27.144	68.321	0.014637	0.039828	0.045350	2.0013	11.680	22.343	1056.0	-0.0089912	11.350	0.10534	liquid
22.460	27.150	68.321	0.014637	0.039828	0.045351	2.0013	11.680	22.343	1056.0	-0.0089913	11.350	0.10534	liquid
22.460	27.155	68.321	0.014637	0.039827	0.045352	2.0012	11.680	22.342	1056.0	-0.0089913	11.350	0.10534	liquid
22.460	27.161	68.321	0.014637	0.039827	0.045352	2.0012	11.680	22.342	1056.0	-0.0089914	11.350	0.10534	liquid
22.460	27.166	68.321	0.014637	0.039826	0.045353	2.0012	11.680	22.342	1056.0	-0.0089915	11.350	0.10534	liquid
22.460	27.172	68.321	0.014637	0.039826	0.045353	2.0012	11.680	22.342	1056.0	-0.0089915	11.350	0.10534	liquid
22.460	27.177	68.322	0.014637	0.039825	0.045354	2.0012	11.680	22.342	1056.0	-0.0089916	11.350	0.10534	liquid
22.460	27.183	68.322	0.014637	0.039825	0.045355	2.0011	11.680	22.342	1056.0	-0.0089917	11.350	0.10534	liquid
22.460	27.188	68.322	0.014637	0.039824	0.045355	2.0011	11.680	22.342	1056.0	-0.0089917	11.351	0.10534	liquid
22.460	27.194	68.322	0.014637	0.039824	0.045356	2.0011	11.680	22.342	1056.0	-0.0089918	11.351	0.10534	liquid
22.460	27.199	68.322	0.014637	0.039823	0.045357	2.0011	11.680	22.342	1056.0	-0.0089919	11.351	0.10534	liquid
22.460	27.205	68.322	0.014637	0.039823	0.045357	2.0010	11.680	22.342	1056.0	-0.0089919	11.351	0.10534	liquid
22.460	27.210	68.322	0.014637	0.039822	0.045358	2.0010	11.680	22.342	1056.0	-0.0089920	11.351	0.10534	liquid
22.460	27.216	68.322	0.014637	0.039822	0.045358	2.0010	11.680	22.342	1056.0	-0.0089921	11.351	0.10534	liquid
22.460	27.221	68.322	0.014637	0.039821	0.045359	2.0010	11.680	22.342	1056.0	-0.0089921	11.351	0.10534	liquid
22.460	27.227	68.322	0.014637	0.039821	0.045360	2.0009	11.680	22.342	1056.0	-0.0089922	11.351	0.10534	liquid
22.460	27.232	68.322	0.014637	0.039820	0.045360	2.0009	11.680	22.342	1056.0	-0.0089923	11.351	0.10534	liquid
22.460	27.238	68.322	0.014637	0.039820	0.045361	2.0009	11.680	22.342	1056.0	-0.0089923	11.351	0.10534	liquid
22.460	27.243	68.322	0.014637	0.039819	0.045361	2.0009	11.680	22.341	1056.0	-0.0089924	11.351	0.10534	liquid
22.460	27.249	68.322	0.014636	0.039819	0.045362	2.0009	11.680	22.341	1056.0	-0.0089925	11.351	0.10534	liquid
22.460	27.254	68.322	0.014636	0.039818	0.045363	2.0008	11.680	22.341	1056.0	-0.0089925	11.351	0.10534	liquid
22.460	27.260	68.323	0.014636	0.039818	0.045363	2.0008	11.680	22.341	1056.0	-0.0089926	11.351	0.10535	liquid
22.460	27.265	68.323	0.014636	0.039817	0.045364	2.0008	11.680	22.341	1056.1	-0.0089927	11.351	0.10535	liquid
22.460	27.271	68.323	0.014636	0.039817	0.045364	2.0008	11.680	22.341	1056.1	-0.0089927	11.351	0.10535	liquid
22.460	27.276	68.323	0.014636	0.039816	0.045365	2.0007	11.680	22.341	1056.1	-0.0089928	11.351	0.10535	liquid
22.460	27.282	68.323	0.014636	0.039816	0.045366	2.0007	11.680	22.341	1056.1	-0.0089929	11.351	0.10535	liquid
22.460	27.287	68.323	0.014636	0.039815	0.045366	2.0007	11.680	22.341	1056.1	-0.0089929	11.351	0.10535	liquid
22.460	27.293	68.323	0.014636	0.039815	0.045367	2.0007	11.680	22.341	1056.1	-0.0089930	11.351	0.10535	liquid
22.460	27.298	68.323	0.014636	0.039814	0.045368	2.0007	11.680	22.341	1056.1	-0.0089931	11.351	0.10535	liquid
22.460	27.304	68.323	0.014636	0.039814	0.045368	2.0006	11.680	22.341	1056.1	-0.0089931	11.351	0.10535	liquid
22.460	27.309	68.323	0.014636	0.039813	0.045369	2.0006	11.680	22.341	1056.1	-0.0089932	11.351	0.10535	liquid
22.460	27.315	68.323	0.014636	0.039813	0.045369	2.0006	11.680	22.341	1056.1	-0.0089933	11.351	0.10535	liquid
22.460	27.320	68.323	0.014636	0.039812	0.045370	2.0006	11.680	22.341	1056.1	-0.0089933	11.351	0.10535	liquid
22.460	27.326	68.323	0.014636	0.039812	0.045371	2.0005	11.680	22.341	1056.1	-0.0089934	11.351	0.10535	liquid
22.460	27.331	68.323	0.014636	0.039811	0.045371	2.0005	11.680	22.340	1056.1	-0.0089935	11.351	0.10535	liquid
22.460	27.337	68.323	0.014636	0.039811	0.045372	2.0005	11.680	22.340	1056.1	-0.0089936	11.351	0.10535	liquid
22.460	27.342	68.324	0.014636	0.039810	0.045372	2.0005	11.680	22.340	1056.1	-0.0089936	11.351	0.10535	liquid
22.460	27.348	68.324	0.014636	0.039810	0.045373	2.0005	11.680	22.340	1056.1	-0.0089937	11.352	0.10535	liquid
22.460	27.353	68.324	0.014636	0.039809	0.045374	2.0004	11.680	22.340	1056.1	-0.0089938	11.352	0.10535	liquid
22.460	27.359	68.324	0.014636	0.039809	0.045374	2.0004	11.680	22.340	1056.1	-0.0089938	11.352	0.10535	liquid
22.460	27.364	68.324	0.014636	0.039808	0.045375	2.0004	11.680	22.340	1056.1	-0.0089939	11.352	0.10535	liquid
22.460	27.370	68.324	0.014636	0.039808	0.045376	2.0004	11.680	22.340	1056.1	-0.0089940	11.352	0.10535	liquid
22.460	27.375	68.324	0.014636	0.039807	0.045376	2.0003	11.680	22.340	1056.1	-0.0089940	11.352	0.10535	liquid
22.460	27.381	68.324	0.014636	0.039807	0.045377	2.0003	11.680	22.340	1056.1	-0.0089941	11.352	0.10535	liquid
22.460	27.386	68.324	0.014636	0.039806	0.045377	2.0003	11.680	22.340	1056.1	-0.0089942	11.352	0.10535	liquid
22.460	27.392	68.324	0.014636	0.039806	0.045378	2.0003	11.680	22.340	1056.1	-0.0089942	11.352	0.10535	liquid
22.460	27.397	68.324	0.014636	0.039805	0.045379	2.0003	11.680	22.340	1056.1	-0.0089943	11.352	0.10535	liquid
22.460	27.403	68.324	0.014636	0.039805	0.045379	2.0002	11.680	22.340	1056.1	-0.0089944	11.352	0.10535	liquid
22.460	27.408	68.324	0.014636	0.039804	0.045380	2.0002	11.680	22.340	1056.1	-0.0089944	11.352	0.10535	liquid
22.460	27.414	68.324	0.014636	0.039804	0.045380	2.0002	11.680	22.340	1056.1	-0.0089945	11.352	0.10535	liquid
22.460	27.419	68.324	0.014636	0.039803	0.045381	2.0002	11.680	22.339	1056.1	-0.0089946	11.352	0.10535	liquid
22.460	27.425	68.324	0.014636	0.039803	0.045382	2.0001	11.680	22.339	1056.1	-0.0089946	11.352	0.10535	liquid
22.460	27.430	68.325	0.014636	0.039802	0.045382	2.0001	11.680	22.339	1056.1	-0.0089947	11.352	0.10535	liquid
22.460	27.436	68.325	0.014636	0.039802	0.045383	2.0001	11.680	22.339	1056.1	-0.0089948	11.352	0.10535	liquid
22.460	27.441	68.325	0.014636	0.039801	0.045384	2.0001	11.680	22.339	1056.1	-0.0089948	11.352	0.10535	liquid
22.460	27.447	68.325	0.014636	0.039801	0.045384	2.0000	11.680	22.339	1056.1	-0.0089949	11.352	0.10535	liquid
22.460	27.452	68.325	0.014636	0.039800	0.045385	2.0000	11.680	22.339	1056.1	-0.0089950	11.352	0.10535	liquid
22.460	27.458	68.325	0.014636	0.039800	0.045385	2.0000	11.680	22.339	1056.1	-0.0089950	11.352	0.10535	liquid
22.460	27.463	68.325	0.014636	0.039799	0.045386	2.0000	11.680	22.339	1056.1	-0.0089951	11.352	0.10535	liquid
22.460	27.469	68.325	0.014636	0.039799	0.045387	2.0000	11.680	22.339	1056.1	-0.0089952	11.352	0.10535	liquid
22.460	27.474	68.325	0.014636	0.039798	0.045387	1.9999	11.680	22.339	1056.1	-0.0089952	11.352	0.10535	liquid
22.460	27.480	68.325	0.014636	0.039798	0.045388	1.9999	11.680	22.339	1056.1	-0.0089953	11.352	0.10535	liquid
22.460	27.485	68.325	0.014636	0.039797	0.045388	1.9999	11.680	22.339	1056.2	-0.0089954	11.352	0.10535	liquid
22.460	27.491	68.325	0.014636	0.039797	0.045389	1.9999	11.680	22.339	1056.2	-0.0089954	11.352	0.10535	liquid
22.460	27.496	68.325	0.014636	0.039796	0.045390	1.9998	11.680	22.339	1056.2	-0.0089955	11.352	0.10535	liquid
22.460	27.502	68.325	0.014636	0.039796	0.045390	1.9998	11.680	22.338	1056.2	-0.0089956	11.353	0.10535	liquid
22.460	27.507	68.325	0.014636	0.039795	0.045391	1.9998	11.680	22.338	1056.2	-0.0089956	11.353	0.10535	liquid
22.460	27.513	68.326	0.014636	0.039795	0.045392	1.9998	11.680	22.338	1056.2	-0.0089957	11.353	0.10535	liquid
22.460	27.518	68.326	0.014636	0.039794	0.045392	1.9998	11.680	22.338	1056.2	-0.0089958	11.353	0.10535	liquid
22.460	27.524	68.326	0.014636	0.039794	0.045393	1.9997	11.680	22.338	1056.2	-0.0089958	11.353	0.10535	liquid
22.460	27.529	68.326	0.014636	0.039793	0.045393	1.9997	11.680	22.338	1056.2	-0.0089959	11.353	0.10535	liquid
22.460	27.535	68.326	0.014636	0.039793	0.045394	1.9997	11.680	22.338	1056.2	-0.0089960	11.353	0.10535	liquid
22.460	27.540	68.326	0.014636	0.039792	0.045395	1.9997	11.680	22.338	1056.2	-0.0089960	11.353	0.10535	liquid
22.460	27.546	68.326	0.014636	0.039792	0.045395	1.9996	11.680	22.338	1056.2	-0.0089961	11.353	0.10535	liquid
22.460	27.551	68.326	0.014636	0.039791	0.045396	1.9996	11.680	22.338	1056.2	-0.0089962	11.353	0.10535	liquid
22.460	27.557	68.326	0.014636	0.039791	0.045396	1.9996	11.680	22.338	1056.2	-0.0089962	11.353	0.10535	liquid
22.460	27.562	68.326	0.014636	0.039790	0.045397	1.9996	11.680	22.338	1056.2	-0.0089963	11.353	0.10535	liquid
22.460	27.568	68.326	0.014636	0.039790	0.045398	1.9996	11.680	22.338	1056.2	-0.0089964	11.353	0.10535	liquid
22.460	27.573	68.326	0.014636	0.039789	0.045398	1.9995	11.680	22.338	1056.2	-0.0089964	11.353	0.10535	liquid
22.460	27.579	68.326	0.014636	0.039789	0.045399	1.9995	11.680	22.338	1056.2	-0.0089965	11.353	0.10535	liquid
22.460	27.584	68.326	0.014636	0.039788	0.045399	1.9995	11.680	22.338	1056.2	-0.0089966	11.353	0.10535	liquid
22.460	27.590	68.326	0.014636	0.039788	0.045400	1.9995	11.680	22.337	1056.2	-0.0089966	11.353	0.10535	liquid
22.460	27.595	68.327	0.014636	0.039787	0.045401	1.9994	11.680	22.337	1056.2	-0.0089967	11.353	0.10535	liquid
22.460	27.601	68.327	0.014636	0.039787	0.045401	1.9994	11.680	22.337	1056.2	-0.0089968	11.353	0.10535	liquid
22.460	27.606	68.327	0.014636	0.039786	0.045402	1.9994	11.680	22.337	1056.2	-0.0089969	11.353	0.10535	liquid
22.460	27.612	68.327	0.014636	0.039786	0.045403	1.9994	11.680	22.337	1056.2	-0.0089969	11.353	0.10535	liquid
22.460	27.617	68.327	0.014636	0.039785	0.045403	1.9994	11.680	22.337	1056.2	-0.0089970	11.353	0.10535	liquid
22.460	27.623	68.327	0.014636	0.039785	0.045404	1.9993	11.680	22.337	1056.2	-0.0089971	11.353	0.10535	liquid
22.460	27.628	68.327	0.014636	0.039784	0.045404	1.9993	11.680	22.337	1056.2	-0.0089971	11.353	0.10535	liquid
22.460	27.634	68.327	0.014636	0.039784	0.045405	1.9993	11.680	22.337	1056.2	-0.0089972	11.353	0.10535	liquid
22.460	27.639	68.327	0.014635	0.039783	0.045406	1.9993	11.680	22.337	1056.2	-0.0089973	11.353	0.10535	liquid
22.460	27.645	68.327	0.014635	0.039783	0.045406	1.9992	11.680	22.337	1056.2	-0.0089973	11.353	0.10535	liquid
22.460	27.650	68.327	0.014635	0.039782	0.045407	1.9992	11.680	22.337	1056.2	-0.0089974	11.353	0.10535	liquid
22.460	27.656	68.327	0.014635	0.039782	0.045407	1.9992	11.680	22.337	1056.2	-0.0089975	11.353	0.10535	liquid
22.460	27.661	68.327	0.014635	0.039781	0.045408	1.9992	11.680	22.337	1056.2	-0.0089975	11.354	0.10535	liquid
22.460	27.667	68.327	0.014635	0.039781	0.045409	1.9992	11.680	22.337	1056.2	-0.0089976	11.354	0.10535	liquid
22.460	27.672	68.327	0.014635	0.039780	0.045409	1.9991	11.680	22.337	1056.2	-0.0089977	11.354	0.10535	liquid
22.460	27.678	68.327	0.014635	0.039780	0.045410	1.9991	11.680	22.336	1056.2	-0.0089977	11.354	0.10535	liquid
22.460	27.683	68.328	0.014635	0.039779	0.045411	1.9991	11.680	22.336	1056.2	-0.0089978	11.354	0.10535	liquid
22.460	27.689	68.328	0.014635	0.039779	0.045411	1.9991	11.680	22.336	1056.2	-0.0089979	11.354	0.10535	liquid
22.460	27.694	68.328	0.014635	0.039778	0.045412	1.9990	11.680	22.336	1056.2	-0.0089979	11.354	0.10535	liquid
22.460	27.700	68.328	0.014635	0.039778	0.045412	1.9990	11.680	22.336	1056.2	-0.0089980	11.354	0.10536	liquid
