Temperature (K)	Pressure (psia)	Density (kg/m3)	Volume (m3/kg)	Internal Energy (kJ/mol)	Enthalpy (kJ/mol)	Entropy (J/mol*K)	Cv (J/mol*K)	Cp (J/mol*K)	Sound Spd. (m/s)	Joule-Thomson (F/psia)	Viscosity (uPa*s)	Therm. Cond. (W/m*K)	Phase
22.440	25.600	2.2056	0.45338	0.76277	0.92409	41.236	13.202	26.312	366.90	0.20254	1.2083	0.019425	vapor
22.440	25.603	2.2059	0.45332	0.76276	0.92408	41.234	13.203	26.313	366.90	0.20254	1.2083	0.019425	vapor
22.440	25.606	2.2063	0.45326	0.76276	0.92407	41.233	13.203	26.314	366.89	0.20255	1.2083	0.019425	vapor
22.440	25.609	2.2066	0.45319	0.76275	0.92406	41.232	13.203	26.315	366.89	0.20255	1.2083	0.019426	vapor
22.440	25.612	2.2069	0.45313	0.76274	0.92406	41.231	13.203	26.316	366.88	0.20255	1.2084	0.019426	vapor
22.440	25.615	2.2072	0.45307	0.76274	0.92405	41.229	13.203	26.317	366.88	0.20256	1.2084	0.019426	vapor
22.440	25.618	2.2075	0.45301	0.76273	0.92404	41.228	13.203	26.319	366.88	0.20256	1.2084	0.019426	vapor
22.440	25.621	2.2078	0.45294	0.76273	0.92403	41.227	13.204	26.320	366.87	0.20256	1.2084	0.019426	vapor
22.440	25.624	2.2081	0.45288	0.76272	0.92402	41.226	13.204	26.321	366.87	0.20256	1.2084	0.019427	vapor
22.440	25.627	2.2084	0.45282	0.76272	0.92401	41.224	13.204	26.322	366.87	0.20257	1.2084	0.019427	vapor
22.440	25.630	2.2087	0.45275	0.76271	0.92400	41.223	13.204	26.323	366.86	0.20257	1.2084	0.019427	vapor
22.440	25.633	2.2090	0.45269	0.76271	0.92399	41.222	13.204	26.324	366.86	0.20257	1.2084	0.019427	vapor
22.440	25.636	2.2093	0.45263	0.76270	0.92398	41.221	13.204	26.325	366.85	0.20258	1.2084	0.019427	vapor
22.440	25.639	2.2096	0.45257	0.76270	0.92398	41.219	13.205	26.327	366.85	0.20258	1.2084	0.019428	vapor
22.440	25.642	2.2099	0.45250	0.76269	0.92397	41.218	13.205	26.328	366.85	0.20258	1.2084	0.019428	vapor
22.440	25.645	2.2102	0.45244	0.76269	0.92396	41.217	13.205	26.329	366.84	0.20258	1.2084	0.019428	vapor
22.440	25.648	2.2105	0.45238	0.76268	0.92395	41.216	13.205	26.330	366.84	0.20259	1.2084	0.019428	vapor
22.440	25.651	2.2108	0.45232	0.76267	0.92394	41.214	13.205	26.331	366.84	0.20259	1.2084	0.019428	vapor
22.440	25.654	2.2112	0.45225	0.76267	0.92393	41.213	13.205	26.332	366.83	0.20259	1.2085	0.019429	vapor
22.440	25.657	2.2115	0.45219	0.76266	0.92392	41.212	13.206	26.334	366.83	0.20260	1.2085	0.019429	vapor
22.440	25.660	2.2118	0.45213	0.76266	0.92391	41.211	13.206	26.335	366.82	0.20260	1.2085	0.019429	vapor
22.440	25.663	2.2121	0.45206	0.76265	0.92390	41.210	13.206	26.336	366.82	0.20260	1.2085	0.019429	vapor
22.440	25.666	2.2124	0.45200	0.76265	0.92390	41.208	13.206	26.337	366.82	0.20260	1.2085	0.019430	vapor
22.440	25.669	2.2127	0.45194	0.76264	0.92389	41.207	13.206	26.338	366.81	0.20261	1.2085	0.019430	vapor
22.440	25.672	2.2130	0.45188	0.76264	0.92388	41.206	13.207	26.339	366.81	0.20261	1.2085	0.019430	vapor
22.440	25.675	2.2133	0.45181	0.76263	0.92387	41.205	13.207	26.340	366.80	0.20261	1.2085	0.019430	vapor
22.440	25.678	2.2136	0.45175	0.76263	0.92386	41.203	13.207	26.342	366.80	0.20262	1.2085	0.019430	vapor
22.440	25.681	2.2139	0.45169	0.76262	0.92385	41.202	13.207	26.343	366.80	0.20262	1.2085	0.019431	vapor
22.440	25.684	2.2142	0.45163	0.76262	0.92384	41.201	13.207	26.344	366.79	0.20262	1.2085	0.019431	vapor
22.440	25.687	2.2145	0.45156	0.76261	0.92383	41.200	13.207	26.345	366.79	0.20262	1.2085	0.019431	vapor
22.440	25.690	2.2148	0.45150	0.76260	0.92382	41.198	13.208	26.346	366.79	0.20263	1.2085	0.019431	vapor
22.440	25.693	2.2151	0.45144	0.76260	0.92382	41.197	13.208	26.347	366.78	0.20263	1.2085	0.019431	vapor
22.440	25.696	2.2154	0.45138	0.76259	0.92381	41.196	13.208	26.349	366.78	0.20263	1.2086	0.019432	vapor
22.440	25.699	2.2158	0.45131	0.76259	0.92380	41.195	13.208	26.350	366.77	0.20264	1.2086	0.019432	vapor
22.440	25.702	2.2161	0.45125	0.76258	0.92379	41.193	13.208	26.351	366.77	0.20264	1.2086	0.019432	vapor
22.440	25.705	2.2164	0.45119	0.76258	0.92378	41.192	13.208	26.352	366.77	0.20264	1.2086	0.019432	vapor
22.440	25.708	2.2167	0.45113	0.76257	0.92377	41.191	13.209	26.353	366.76	0.20264	1.2086	0.019433	vapor
22.440	25.711	2.2170	0.45106	0.76257	0.92376	41.190	13.209	26.354	366.76	0.20265	1.2086	0.019433	vapor
22.440	25.714	2.2173	0.45100	0.76256	0.92375	41.189	13.209	26.355	366.76	0.20265	1.2086	0.019433	vapor
22.440	25.717	2.2176	0.45094	0.76256	0.92374	41.187	13.209	26.357	366.75	0.20265	1.2086	0.019433	vapor
22.440	25.720	2.2179	0.45088	0.76255	0.92374	41.186	13.209	26.358	366.75	0.20266	1.2086	0.019433	vapor
22.440	25.723	2.2182	0.45081	0.76255	0.92373	41.185	13.209	26.359	366.74	0.20266	1.2086	0.019434	vapor
22.440	25.726	2.2185	0.45075	0.76254	0.92372	41.184	13.210	26.360	366.74	0.20266	1.2086	0.019434	vapor
22.440	25.729	2.2188	0.45069	0.76253	0.92371	41.182	13.210	26.361	366.74	0.20266	1.2086	0.019434	vapor
22.440	25.732	2.2191	0.45063	0.76253	0.92370	41.181	13.210	26.362	366.73	0.20267	1.2086	0.019434	vapor
22.440	25.735	2.2194	0.45056	0.76252	0.92369	41.180	13.210	26.364	366.73	0.20267	1.2086	0.019434	vapor
22.440	25.738	2.2197	0.45050	0.76252	0.92368	41.179	13.210	26.365	366.73	0.20267	1.2087	0.019435	vapor
22.440	25.741	2.2200	0.45044	0.76251	0.92367	41.177	13.211	26.366	366.72	0.20268	1.2087	0.019435	vapor
22.440	25.744	2.2204	0.45038	0.76251	0.92366	41.176	13.211	26.367	366.72	0.20268	1.2087	0.019435	vapor
22.440	25.747	2.2207	0.45032	0.76250	0.92366	41.175	13.211	26.368	366.71	0.20268	1.2087	0.019435	vapor
22.440	25.750	2.2210	0.45025	0.76250	0.92365	41.174	13.211	26.369	366.71	0.20268	1.2087	0.019436	vapor
22.440	25.753	2.2213	0.45019	0.76249	0.92364	41.172	13.211	26.371	366.71	0.20269	1.2087	0.019436	vapor
22.440	25.756	2.2216	0.45013	0.76249	0.92363	41.171	13.211	26.372	366.70	0.20269	1.2087	0.019436	vapor
22.440	25.759	2.2219	0.45007	0.76248	0.92362	41.170	13.212	26.373	366.70	0.20269	1.2087	0.019436	vapor
22.440	25.762	2.2222	0.45000	0.76247	0.92361	41.169	13.212	26.374	366.69	0.20270	1.2087	0.019436	vapor
22.440	25.765	2.2225	0.44994	0.76247	0.92360	41.168	13.212	26.375	366.69	0.20270	1.2087	0.019437	vapor
22.440	25.768	2.2228	0.44988	0.76246	0.92359	41.166	13.212	26.376	366.69	0.20270	1.2087	0.019437	vapor
22.440	25.771	2.2231	0.44982	0.76246	0.92358	41.165	13.212	26.378	366.68	0.20270	1.2087	0.019437	vapor
22.440	25.774	2.2234	0.44976	0.76245	0.92358	41.164	13.212	26.379	366.68	0.20271	1.2087	0.019437	vapor
22.440	25.777	2.2237	0.44969	0.76245	0.92357	41.163	13.213	26.380	366.68	0.20271	1.2087	0.019437	vapor
22.440	25.780	2.2240	0.44963	0.76244	0.92356	41.161	13.213	26.381	366.67	0.20271	1.2088	0.019438	vapor
22.440	25.783	2.2243	0.44957	0.76244	0.92355	41.160	13.213	26.382	366.67	0.20272	1.2088	0.019438	vapor
22.440	25.786	2.2247	0.44951	0.76243	0.92354	41.159	13.213	26.383	366.66	0.20272	1.2088	0.019438	vapor
22.440	25.789	2.2250	0.44945	0.76243	0.92353	41.158	13.213	26.385	366.66	0.20272	1.2088	0.019438	vapor
22.440	25.792	2.2253	0.44938	0.76242	0.92352	41.156	13.214	26.386	366.66	0.20272	1.2088	0.019439	vapor
22.440	25.795	2.2256	0.44932	0.76242	0.92351	41.155	13.214	26.387	366.65	0.20273	1.2088	0.019439	vapor
22.440	25.798	2.2259	0.44926	0.76241	0.92350	41.154	13.214	26.388	366.65	0.20273	1.2088	0.019439	vapor
22.440	25.801	2.2262	0.44920	0.76240	0.92350	41.153	13.214	26.389	366.65	0.20273	1.2088	0.019439	vapor
22.440	25.804	2.2265	0.44914	0.76240	0.92349	41.152	13.214	26.390	366.64	0.20274	1.2088	0.019439	vapor
22.440	25.807	2.2268	0.44907	0.76239	0.92348	41.150	13.214	26.391	366.64	0.20274	1.2088	0.019440	vapor
22.440	25.810	2.2271	0.44901	0.76239	0.92347	41.149	13.215	26.393	366.63	0.20274	1.2088	0.019440	vapor
22.440	25.813	2.2274	0.44895	0.76238	0.92346	41.148	13.215	26.394	366.63	0.20274	1.2088	0.019440	vapor
22.440	25.816	2.2277	0.44889	0.76238	0.92345	41.147	13.215	26.395	366.63	0.20275	1.2088	0.019440	vapor
22.440	25.819	2.2280	0.44883	0.76237	0.92344	41.145	13.215	26.396	366.62	0.20275	1.2088	0.019440	vapor
22.440	25.822	2.2283	0.44876	0.76237	0.92343	41.144	13.215	26.397	366.62	0.20275	1.2089	0.019441	vapor
22.440	25.824	2.2286	0.44872	0.76236	0.92343	41.143	13.215	26.398	366.62	0.20276	1.2089	0.019441	vapor
22.440	25.824	68.333	0.014634	0.039503	0.044756	1.9868	11.677	22.328	1056.1	-0.0090056	11.359	0.10531	liquid
22.440	25.825	68.333	0.014634	0.039503	0.044756	1.9868	11.677	22.328	1056.1	-0.0090057	11.359	0.10531	liquid
22.440	25.828	68.333	0.014634	0.039503	0.044757	1.9868	11.677	22.327	1056.1	-0.0090057	11.359	0.10531	liquid
22.440	25.831	68.333	0.014634	0.039503	0.044757	1.9868	11.677	22.327	1056.1	-0.0090057	11.359	0.10531	liquid
22.440	25.834	68.333	0.014634	0.039503	0.044757	1.9867	11.677	22.327	1056.1	-0.0090058	11.359	0.10531	liquid
22.440	25.837	68.333	0.014634	0.039502	0.044758	1.9867	11.677	22.327	1056.1	-0.0090058	11.359	0.10531	liquid
22.440	25.840	68.333	0.014634	0.039502	0.044758	1.9867	11.677	22.327	1056.1	-0.0090058	11.359	0.10531	liquid
22.440	25.843	68.333	0.014634	0.039502	0.044758	1.9867	11.677	22.327	1056.1	-0.0090059	11.359	0.10531	liquid
22.440	25.846	68.333	0.014634	0.039501	0.044759	1.9867	11.677	22.327	1056.1	-0.0090059	11.359	0.10531	liquid
22.440	25.849	68.333	0.014634	0.039501	0.044759	1.9867	11.677	22.327	1056.1	-0.0090060	11.360	0.10531	liquid
22.440	25.852	68.333	0.014634	0.039501	0.044759	1.9867	11.677	22.327	1056.1	-0.0090060	11.360	0.10531	liquid
22.440	25.855	68.333	0.014634	0.039501	0.044760	1.9867	11.677	22.327	1056.1	-0.0090060	11.360	0.10531	liquid
22.440	25.858	68.333	0.014634	0.039500	0.044760	1.9866	11.677	22.327	1056.1	-0.0090061	11.360	0.10531	liquid
22.440	25.861	68.333	0.014634	0.039500	0.044760	1.9866	11.677	22.327	1056.1	-0.0090061	11.360	0.10531	liquid
22.440	25.864	68.333	0.014634	0.039500	0.044761	1.9866	11.677	22.327	1056.1	-0.0090061	11.360	0.10531	liquid
22.440	25.867	68.334	0.014634	0.039500	0.044761	1.9866	11.677	22.327	1056.1	-0.0090062	11.360	0.10531	liquid
22.440	25.870	68.334	0.014634	0.039499	0.044761	1.9866	11.677	22.327	1056.1	-0.0090062	11.360	0.10531	liquid
22.440	25.873	68.334	0.014634	0.039499	0.044762	1.9866	11.677	22.327	1056.1	-0.0090062	11.360	0.10531	liquid
22.440	25.876	68.334	0.014634	0.039499	0.044762	1.9866	11.677	22.327	1056.1	-0.0090063	11.360	0.10531	liquid
22.440	25.879	68.334	0.014634	0.039498	0.044762	1.9866	11.677	22.327	1056.1	-0.0090063	11.360	0.10531	liquid
22.440	25.882	68.334	0.014634	0.039498	0.044763	1.9865	11.677	22.327	1056.1	-0.0090064	11.360	0.10531	liquid
22.440	25.885	68.334	0.014634	0.039498	0.044763	1.9865	11.677	22.327	1056.1	-0.0090064	11.360	0.10531	liquid
22.440	25.888	68.334	0.014634	0.039498	0.044763	1.9865	11.677	22.327	1056.1	-0.0090064	11.360	0.10531	liquid
22.440	25.891	68.334	0.014634	0.039497	0.044764	1.9865	11.677	22.327	1056.1	-0.0090065	11.360	0.10531	liquid
22.440	25.894	68.334	0.014634	0.039497	0.044764	1.9865	11.677	22.327	1056.1	-0.0090065	11.360	0.10531	liquid
22.440	25.897	68.334	0.014634	0.039497	0.044764	1.9865	11.677	22.327	1056.1	-0.0090065	11.360	0.10531	liquid
22.440	25.900	68.334	0.014634	0.039497	0.044765	1.9865	11.677	22.327	1056.1	-0.0090066	11.360	0.10531	liquid
22.440	25.903	68.334	0.014634	0.039496	0.044765	1.9865	11.677	22.327	1056.1	-0.0090066	11.360	0.10531	liquid
22.440	25.906	68.334	0.014634	0.039496	0.044765	1.9865	11.677	22.327	1056.1	-0.0090066	11.360	0.10531	liquid
22.440	25.909	68.334	0.014634	0.039496	0.044766	1.9864	11.677	22.327	1056.1	-0.0090067	11.360	0.10531	liquid
22.440	25.912	68.334	0.014634	0.039495	0.044766	1.9864	11.677	22.327	1056.1	-0.0090067	11.360	0.10531	liquid
22.440	25.915	68.334	0.014634	0.039495	0.044766	1.9864	11.677	22.326	1056.1	-0.0090068	11.360	0.10531	liquid
22.440	25.918	68.334	0.014634	0.039495	0.044767	1.9864	11.677	22.326	1056.1	-0.0090068	11.360	0.10531	liquid
22.440	25.921	68.334	0.014634	0.039495	0.044767	1.9864	11.677	22.326	1056.2	-0.0090068	11.360	0.10531	liquid
22.440	25.924	68.334	0.014634	0.039494	0.044767	1.9864	11.677	22.326	1056.2	-0.0090069	11.360	0.10531	liquid
22.440	25.927	68.334	0.014634	0.039494	0.044768	1.9864	11.677	22.326	1056.2	-0.0090069	11.360	0.10531	liquid
22.440	25.930	68.334	0.014634	0.039494	0.044768	1.9864	11.677	22.326	1056.2	-0.0090069	11.360	0.10531	liquid
22.440	25.933	68.334	0.014634	0.039494	0.044768	1.9863	11.677	22.326	1056.2	-0.0090070	11.360	0.10531	liquid
22.440	25.936	68.334	0.014634	0.039493	0.044769	1.9863	11.677	22.326	1056.2	-0.0090070	11.360	0.10531	liquid
22.440	25.939	68.334	0.014634	0.039493	0.044769	1.9863	11.677	22.326	1056.2	-0.0090071	11.360	0.10531	liquid
22.440	25.942	68.334	0.014634	0.039493	0.044769	1.9863	11.677	22.326	1056.2	-0.0090071	11.360	0.10531	liquid
22.440	25.945	68.334	0.014634	0.039492	0.044770	1.9863	11.677	22.326	1056.2	-0.0090071	11.360	0.10531	liquid
22.440	25.948	68.334	0.014634	0.039492	0.044770	1.9863	11.677	22.326	1056.2	-0.0090072	11.360	0.10531	liquid
22.440	25.951	68.335	0.014634	0.039492	0.044770	1.9863	11.677	22.326	1056.2	-0.0090072	11.360	0.10531	liquid
22.440	25.954	68.335	0.014634	0.039492	0.044771	1.9863	11.677	22.326	1056.2	-0.0090072	11.360	0.10532	liquid
22.440	25.957	68.335	0.014634	0.039491	0.044771	1.9862	11.677	22.326	1056.2	-0.0090073	11.360	0.10532	liquid
22.440	25.960	68.335	0.014634	0.039491	0.044771	1.9862	11.677	22.326	1056.2	-0.0090073	11.360	0.10532	liquid
22.440	25.963	68.335	0.014634	0.039491	0.044772	1.9862	11.677	22.326	1056.2	-0.0090073	11.360	0.10532	liquid
22.440	25.966	68.335	0.014634	0.039491	0.044772	1.9862	11.677	22.326	1056.2	-0.0090074	11.360	0.10532	liquid
22.440	25.969	68.335	0.014634	0.039490	0.044772	1.9862	11.677	22.326	1056.2	-0.0090074	11.360	0.10532	liquid
22.440	25.972	68.335	0.014634	0.039490	0.044773	1.9862	11.677	22.326	1056.2	-0.0090075	11.360	0.10532	liquid
22.440	25.975	68.335	0.014634	0.039490	0.044773	1.9862	11.677	22.326	1056.2	-0.0090075	11.360	0.10532	liquid
22.440	25.978	68.335	0.014634	0.039489	0.044773	1.9862	11.677	22.326	1056.2	-0.0090075	11.360	0.10532	liquid
22.440	25.981	68.335	0.014634	0.039489	0.044774	1.9861	11.677	22.326	1056.2	-0.0090076	11.360	0.10532	liquid
22.440	25.984	68.335	0.014634	0.039489	0.044774	1.9861	11.677	22.326	1056.2	-0.0090076	11.360	0.10532	liquid
22.440	25.987	68.335	0.014634	0.039489	0.044774	1.9861	11.677	22.326	1056.2	-0.0090076	11.360	0.10532	liquid
22.440	25.990	68.335	0.014634	0.039488	0.044775	1.9861	11.677	22.326	1056.2	-0.0090077	11.360	0.10532	liquid
22.440	25.993	68.335	0.014634	0.039488	0.044775	1.9861	11.677	22.326	1056.2	-0.0090077	11.360	0.10532	liquid
22.440	25.996	68.335	0.014634	0.039488	0.044775	1.9861	11.677	22.326	1056.2	-0.0090078	11.360	0.10532	liquid
22.440	25.999	68.335	0.014634	0.039488	0.044776	1.9861	11.677	22.326	1056.2	-0.0090078	11.360	0.10532	liquid
22.440	26.002	68.335	0.014634	0.039487	0.044776	1.9861	11.677	22.326	1056.2	-0.0090078	11.360	0.10532	liquid
22.440	26.005	68.335	0.014634	0.039487	0.044776	1.9860	11.677	22.325	1056.2	-0.0090079	11.361	0.10532	liquid
22.440	26.008	68.335	0.014634	0.039487	0.044777	1.9860	11.677	22.325	1056.2	-0.0090079	11.361	0.10532	liquid
22.440	26.011	68.335	0.014634	0.039486	0.044777	1.9860	11.677	22.325	1056.2	-0.0090079	11.361	0.10532	liquid
22.440	26.014	68.335	0.014634	0.039486	0.044777	1.9860	11.677	22.325	1056.2	-0.0090080	11.361	0.10532	liquid
22.440	26.017	68.335	0.014634	0.039486	0.044778	1.9860	11.677	22.325	1056.2	-0.0090080	11.361	0.10532	liquid
22.440	26.020	68.335	0.014634	0.039486	0.044778	1.9860	11.677	22.325	1056.2	-0.0090080	11.361	0.10532	liquid
22.440	26.023	68.335	0.014634	0.039485	0.044778	1.9860	11.677	22.325	1056.2	-0.0090081	11.361	0.10532	liquid
22.440	26.026	68.335	0.014634	0.039485	0.044779	1.9860	11.677	22.325	1056.2	-0.0090081	11.361	0.10532	liquid
22.440	26.029	68.335	0.014634	0.039485	0.044779	1.9859	11.677	22.325	1056.2	-0.0090082	11.361	0.10532	liquid
22.440	26.032	68.335	0.014634	0.039485	0.044779	1.9859	11.677	22.325	1056.2	-0.0090082	11.361	0.10532	liquid
22.440	26.035	68.336	0.014634	0.039484	0.044780	1.9859	11.677	22.325	1056.2	-0.0090082	11.361	0.10532	liquid
22.440	26.038	68.336	0.014634	0.039484	0.044780	1.9859	11.677	22.325	1056.2	-0.0090083	11.361	0.10532	liquid
22.440	26.041	68.336	0.014634	0.039484	0.044780	1.9859	11.677	22.325	1056.2	-0.0090083	11.361	0.10532	liquid
22.440	26.044	68.336	0.014634	0.039483	0.044781	1.9859	11.677	22.325	1056.2	-0.0090083	11.361	0.10532	liquid
22.440	26.047	68.336	0.014634	0.039483	0.044781	1.9859	11.677	22.325	1056.2	-0.0090084	11.361	0.10532	liquid
22.440	26.050	68.336	0.014634	0.039483	0.044781	1.9859	11.677	22.325	1056.2	-0.0090084	11.361	0.10532	liquid
22.440	26.053	68.336	0.014634	0.039483	0.044782	1.9859	11.677	22.325	1056.2	-0.0090084	11.361	0.10532	liquid
22.440	26.056	68.336	0.014634	0.039482	0.044782	1.9858	11.677	22.325	1056.2	-0.0090085	11.361	0.10532	liquid
22.440	26.059	68.336	0.014634	0.039482	0.044782	1.9858	11.677	22.325	1056.2	-0.0090085	11.361	0.10532	liquid
22.440	26.062	68.336	0.014634	0.039482	0.044783	1.9858	11.677	22.325	1056.2	-0.0090086	11.361	0.10532	liquid
22.440	26.065	68.336	0.014634	0.039482	0.044783	1.9858	11.677	22.325	1056.2	-0.0090086	11.361	0.10532	liquid
22.440	26.068	68.336	0.014634	0.039481	0.044783	1.9858	11.677	22.325	1056.2	-0.0090086	11.361	0.10532	liquid
22.440	26.071	68.336	0.014634	0.039481	0.044784	1.9858	11.677	22.325	1056.2	-0.0090087	11.361	0.10532	liquid
22.440	26.074	68.336	0.014634	0.039481	0.044784	1.9858	11.677	22.325	1056.2	-0.0090087	11.361	0.10532	liquid
22.440	26.077	68.336	0.014634	0.039480	0.044785	1.9858	11.677	22.325	1056.2	-0.0090087	11.361	0.10532	liquid
22.440	26.080	68.336	0.014634	0.039480	0.044785	1.9857	11.677	22.325	1056.2	-0.0090088	11.361	0.10532	liquid
22.440	26.083	68.336	0.014634	0.039480	0.044785	1.9857	11.677	22.325	1056.2	-0.0090088	11.361	0.10532	liquid
22.440	26.086	68.336	0.014634	0.039480	0.044786	1.9857	11.677	22.325	1056.2	-0.0090089	11.361	0.10532	liquid
22.440	26.089	68.336	0.014634	0.039479	0.044786	1.9857	11.677	22.325	1056.2	-0.0090089	11.361	0.10532	liquid
22.440	26.092	68.336	0.014634	0.039479	0.044786	1.9857	11.677	22.324	1056.2	-0.0090089	11.361	0.10532	liquid
22.440	26.095	68.336	0.014634	0.039479	0.044787	1.9857	11.677	22.324	1056.2	-0.0090090	11.361	0.10532	liquid
22.440	26.098	68.336	0.014634	0.039479	0.044787	1.9857	11.677	22.324	1056.2	-0.0090090	11.361	0.10532	liquid
22.440	26.101	68.336	0.014634	0.039478	0.044787	1.9857	11.677	22.324	1056.2	-0.0090090	11.361	0.10532	liquid
22.440	26.104	68.336	0.014634	0.039478	0.044788	1.9856	11.677	22.324	1056.2	-0.0090091	11.361	0.10532	liquid
22.440	26.107	68.336	0.014633	0.039478	0.044788	1.9856	11.677	22.324	1056.2	-0.0090091	11.361	0.10532	liquid
22.440	26.110	68.336	0.014633	0.039477	0.044788	1.9856	11.677	22.324	1056.2	-0.0090091	11.361	0.10532	liquid
22.440	26.113	68.336	0.014633	0.039477	0.044789	1.9856	11.677	22.324	1056.2	-0.0090092	11.361	0.10532	liquid
22.440	26.116	68.336	0.014633	0.039477	0.044789	1.9856	11.677	22.324	1056.2	-0.0090092	11.361	0.10532	liquid
22.440	26.119	68.337	0.014633	0.039477	0.044789	1.9856	11.677	22.324	1056.2	-0.0090093	11.361	0.10532	liquid
22.440	26.122	68.337	0.014633	0.039476	0.044790	1.9856	11.677	22.324	1056.2	-0.0090093	11.361	0.10532	liquid
22.440	26.125	68.337	0.014633	0.039476	0.044790	1.9856	11.677	22.324	1056.2	-0.0090093	11.361	0.10532	liquid
22.440	26.128	68.337	0.014633	0.039476	0.044790	1.9855	11.677	22.324	1056.2	-0.0090094	11.361	0.10532	liquid
22.440	26.131	68.337	0.014633	0.039476	0.044791	1.9855	11.677	22.324	1056.2	-0.0090094	11.361	0.10532	liquid
22.440	26.134	68.337	0.014633	0.039475	0.044791	1.9855	11.677	22.324	1056.2	-0.0090094	11.361	0.10532	liquid
22.440	26.137	68.337	0.014633	0.039475	0.044791	1.9855	11.677	22.324	1056.2	-0.0090095	11.361	0.10532	liquid
22.440	26.140	68.337	0.014633	0.039475	0.044792	1.9855	11.677	22.324	1056.3	-0.0090095	11.361	0.10532	liquid
22.440	26.143	68.337	0.014633	0.039475	0.044792	1.9855	11.677	22.324	1056.3	-0.0090095	11.361	0.10532	liquid
22.440	26.146	68.337	0.014633	0.039474	0.044792	1.9855	11.677	22.324	1056.3	-0.0090096	11.361	0.10532	liquid
22.440	26.149	68.337	0.014633	0.039474	0.044793	1.9855	11.677	22.324	1056.3	-0.0090096	11.361	0.10532	liquid
22.440	26.152	68.337	0.014633	0.039474	0.044793	1.9854	11.677	22.324	1056.3	-0.0090097	11.361	0.10532	liquid
22.440	26.155	68.337	0.014633	0.039473	0.044793	1.9854	11.677	22.324	1056.3	-0.0090097	11.361	0.10532	liquid
22.440	26.158	68.337	0.014633	0.039473	0.044794	1.9854	11.677	22.324	1056.3	-0.0090097	11.361	0.10532	liquid
22.440	26.161	68.337	0.014633	0.039473	0.044794	1.9854	11.677	22.324	1056.3	-0.0090098	11.362	0.10532	liquid
22.440	26.164	68.337	0.014633	0.039473	0.044794	1.9854	11.677	22.324	1056.3	-0.0090098	11.362	0.10532	liquid
22.440	26.167	68.337	0.014633	0.039472	0.044795	1.9854	11.677	22.324	1056.3	-0.0090098	11.362	0.10532	liquid
22.440	26.170	68.337	0.014633	0.039472	0.044795	1.9854	11.677	22.324	1056.3	-0.0090099	11.362	0.10532	liquid
22.440	26.173	68.337	0.014633	0.039472	0.044795	1.9854	11.677	22.324	1056.3	-0.0090099	11.362	0.10532	liquid
22.440	26.176	68.337	0.014633	0.039472	0.044796	1.9853	11.677	22.324	1056.3	-0.0090100	11.362	0.10532	liquid
22.440	26.179	68.337	0.014633	0.039471	0.044796	1.9853	11.677	22.323	1056.3	-0.0090100	11.362	0.10532	liquid
22.440	26.182	68.337	0.014633	0.039471	0.044796	1.9853	11.677	22.323	1056.3	-0.0090100	11.362	0.10532	liquid
22.440	26.185	68.337	0.014633	0.039471	0.044797	1.9853	11.677	22.323	1056.3	-0.0090101	11.362	0.10532	liquid
22.440	26.188	68.337	0.014633	0.039470	0.044797	1.9853	11.677	22.323	1056.3	-0.0090101	11.362	0.10532	liquid
22.440	26.191	68.337	0.014633	0.039470	0.044797	1.9853	11.677	22.323	1056.3	-0.0090101	11.362	0.10532	liquid
22.440	26.194	68.337	0.014633	0.039470	0.044798	1.9853	11.677	22.323	1056.3	-0.0090102	11.362	0.10532	liquid
22.440	26.197	68.337	0.014633	0.039470	0.044798	1.9853	11.677	22.323	1056.3	-0.0090102	11.362	0.10532	liquid
22.440	26.200	68.337	0.014633	0.039469	0.044798	1.9852	11.677	22.323	1056.3	-0.0090102	11.362	0.10532	liquid
22.440	26.203	68.337	0.014633	0.039469	0.044799	1.9852	11.677	22.323	1056.3	-0.0090103	11.362	0.10532	liquid
22.440	26.206	68.338	0.014633	0.039469	0.044799	1.9852	11.677	22.323	1056.3	-0.0090103	11.362	0.10532	liquid
22.440	26.209	68.338	0.014633	0.039469	0.044799	1.9852	11.677	22.323	1056.3	-0.0090104	11.362	0.10532	liquid
22.440	26.212	68.338	0.014633	0.039468	0.044800	1.9852	11.677	22.323	1056.3	-0.0090104	11.362	0.10532	liquid
22.440	26.215	68.338	0.014633	0.039468	0.044800	1.9852	11.677	22.323	1056.3	-0.0090104	11.362	0.10532	liquid
22.440	26.218	68.338	0.014633	0.039468	0.044800	1.9852	11.677	22.323	1056.3	-0.0090105	11.362	0.10532	liquid
22.440	26.221	68.338	0.014633	0.039467	0.044801	1.9852	11.677	22.323	1056.3	-0.0090105	11.362	0.10532	liquid
22.440	26.224	68.338	0.014633	0.039467	0.044801	1.9852	11.677	22.323	1056.3	-0.0090105	11.362	0.10532	liquid
22.440	26.227	68.338	0.014633	0.039467	0.044801	1.9851	11.677	22.323	1056.3	-0.0090106	11.362	0.10532	liquid
22.440	26.230	68.338	0.014633	0.039467	0.044802	1.9851	11.677	22.323	1056.3	-0.0090106	11.362	0.10532	liquid
22.440	26.233	68.338	0.014633	0.039466	0.044802	1.9851	11.677	22.323	1056.3	-0.0090107	11.362	0.10532	liquid
22.440	26.236	68.338	0.014633	0.039466	0.044802	1.9851	11.677	22.323	1056.3	-0.0090107	11.362	0.10532	liquid
22.440	26.239	68.338	0.014633	0.039466	0.044803	1.9851	11.677	22.323	1056.3	-0.0090107	11.362	0.10532	liquid
22.440	26.242	68.338	0.014633	0.039466	0.044803	1.9851	11.677	22.323	1056.3	-0.0090108	11.362	0.10532	liquid
22.440	26.245	68.338	0.014633	0.039465	0.044803	1.9851	11.677	22.323	1056.3	-0.0090108	11.362	0.10532	liquid
22.440	26.248	68.338	0.014633	0.039465	0.044804	1.9851	11.677	22.323	1056.3	-0.0090108	11.362	0.10532	liquid
22.440	26.251	68.338	0.014633	0.039465	0.044804	1.9850	11.677	22.323	1056.3	-0.0090109	11.362	0.10532	liquid
22.440	26.254	68.338	0.014633	0.039464	0.044804	1.9850	11.677	22.323	1056.3	-0.0090109	11.362	0.10532	liquid
22.440	26.257	68.338	0.014633	0.039464	0.044805	1.9850	11.677	22.323	1056.3	-0.0090109	11.362	0.10532	liquid
22.440	26.260	68.338	0.014633	0.039464	0.044805	1.9850	11.677	22.323	1056.3	-0.0090110	11.362	0.10532	liquid
22.440	26.263	68.338	0.014633	0.039464	0.044805	1.9850	11.677	22.323	1056.3	-0.0090110	11.362	0.10532	liquid
22.440	26.266	68.338	0.014633	0.039463	0.044806	1.9850	11.677	22.322	1056.3	-0.0090111	11.362	0.10532	liquid
22.440	26.269	68.338	0.014633	0.039463	0.044806	1.9850	11.677	22.322	1056.3	-0.0090111	11.362	0.10532	liquid
22.440	26.272	68.338	0.014633	0.039463	0.044806	1.9850	11.677	22.322	1056.3	-0.0090111	11.362	0.10532	liquid
22.440	26.275	68.338	0.014633	0.039463	0.044807	1.9849	11.677	22.322	1056.3	-0.0090112	11.362	0.10532	liquid
22.440	26.278	68.338	0.014633	0.039462	0.044807	1.9849	11.677	22.322	1056.3	-0.0090112	11.362	0.10532	liquid
22.440	26.281	68.338	0.014633	0.039462	0.044807	1.9849	11.677	22.322	1056.3	-0.0090112	11.362	0.10532	liquid
22.440	26.284	68.338	0.014633	0.039462	0.044808	1.9849	11.677	22.322	1056.3	-0.0090113	11.362	0.10532	liquid
22.440	26.287	68.338	0.014633	0.039461	0.044808	1.9849	11.677	22.322	1056.3	-0.0090113	11.362	0.10532	liquid
22.440	26.290	68.339	0.014633	0.039461	0.044808	1.9849	11.677	22.322	1056.3	-0.0090113	11.362	0.10532	liquid
22.440	26.293	68.339	0.014633	0.039461	0.044809	1.9849	11.677	22.322	1056.3	-0.0090114	11.362	0.10532	liquid
22.440	26.296	68.339	0.014633	0.039461	0.044809	1.9849	11.677	22.322	1056.3	-0.0090114	11.362	0.10532	liquid
22.440	26.299	68.339	0.014633	0.039460	0.044809	1.9848	11.677	22.322	1056.3	-0.0090115	11.362	0.10532	liquid
22.440	26.302	68.339	0.014633	0.039460	0.044810	1.9848	11.677	22.322	1056.3	-0.0090115	11.362	0.10532	liquid
22.440	26.305	68.339	0.014633	0.039460	0.044810	1.9848	11.677	22.322	1056.3	-0.0090115	11.362	0.10532	liquid
22.440	26.308	68.339	0.014633	0.039460	0.044810	1.9848	11.677	22.322	1056.3	-0.0090116	11.362	0.10532	liquid
22.440	26.311	68.339	0.014633	0.039459	0.044811	1.9848	11.677	22.322	1056.3	-0.0090116	11.362	0.10532	liquid
22.440	26.314	68.339	0.014633	0.039459	0.044811	1.9848	11.677	22.322	1056.3	-0.0090116	11.362	0.10532	liquid
22.440	26.317	68.339	0.014633	0.039459	0.044811	1.9848	11.677	22.322	1056.3	-0.0090117	11.363	0.10532	liquid
22.440	26.320	68.339	0.014633	0.039458	0.044812	1.9848	11.677	22.322	1056.3	-0.0090117	11.363	0.10532	liquid
22.440	26.323	68.339	0.014633	0.039458	0.044812	1.9847	11.677	22.322	1056.3	-0.0090118	11.363	0.10532	liquid
22.440	26.326	68.339	0.014633	0.039458	0.044812	1.9847	11.677	22.322	1056.3	-0.0090118	11.363	0.10532	liquid
22.440	26.329	68.339	0.014633	0.039458	0.044813	1.9847	11.677	22.322	1056.3	-0.0090118	11.363	0.10532	liquid
22.440	26.332	68.339	0.014633	0.039457	0.044813	1.9847	11.677	22.322	1056.3	-0.0090119	11.363	0.10532	liquid
22.440	26.335	68.339	0.014633	0.039457	0.044813	1.9847	11.677	22.322	1056.3	-0.0090119	11.363	0.10532	liquid
22.440	26.338	68.339	0.014633	0.039457	0.044814	1.9847	11.677	22.322	1056.3	-0.0090119	11.363	0.10532	liquid
22.440	26.341	68.339	0.014633	0.039457	0.044814	1.9847	11.677	22.322	1056.3	-0.0090120	11.363	0.10532	liquid
22.440	26.344	68.339	0.014633	0.039456	0.044814	1.9847	11.677	22.322	1056.3	-0.0090120	11.363	0.10532	liquid
22.440	26.347	68.339	0.014633	0.039456	0.044815	1.9846	11.677	22.322	1056.3	-0.0090120	11.363	0.10532	liquid
22.440	26.350	68.339	0.014633	0.039456	0.044815	1.9846	11.677	22.322	1056.3	-0.0090121	11.363	0.10532	liquid
22.440	26.353	68.339	0.014633	0.039455	0.044815	1.9846	11.677	22.321	1056.3	-0.0090121	11.363	0.10532	liquid
22.440	26.356	68.339	0.014633	0.039455	0.044816	1.9846	11.677	22.321	1056.3	-0.0090122	11.363	0.10532	liquid
22.440	26.359	68.339	0.014633	0.039455	0.044816	1.9846	11.677	22.321	1056.3	-0.0090122	11.363	0.10532	liquid
22.440	26.362	68.339	0.014633	0.039455	0.044816	1.9846	11.677	22.321	1056.4	-0.0090122	11.363	0.10532	liquid
22.440	26.365	68.339	0.014633	0.039454	0.044817	1.9846	11.677	22.321	1056.4	-0.0090123	11.363	0.10532	liquid
22.440	26.368	68.339	0.014633	0.039454	0.044817	1.9846	11.677	22.321	1056.4	-0.0090123	11.363	0.10532	liquid
22.440	26.371	68.339	0.014633	0.039454	0.044817	1.9846	11.677	22.321	1056.4	-0.0090123	11.363	0.10532	liquid
22.440	26.374	68.340	0.014633	0.039454	0.044818	1.9845	11.677	22.321	1056.4	-0.0090124	11.363	0.10532	liquid
22.440	26.377	68.340	0.014633	0.039453	0.044818	1.9845	11.677	22.321	1056.4	-0.0090124	11.363	0.10532	liquid
22.440	26.380	68.340	0.014633	0.039453	0.044818	1.9845	11.677	22.321	1056.4	-0.0090124	11.363	0.10532	liquid
22.440	26.383	68.340	0.014633	0.039453	0.044819	1.9845	11.677	22.321	1056.4	-0.0090125	11.363	0.10532	liquid
22.440	26.386	68.340	0.014633	0.039452	0.044819	1.9845	11.677	22.321	1056.4	-0.0090125	11.363	0.10532	liquid
22.440	26.389	68.340	0.014633	0.039452	0.044819	1.9845	11.677	22.321	1056.4	-0.0090126	11.363	0.10532	liquid
22.440	26.392	68.340	0.014633	0.039452	0.044820	1.9845	11.677	22.321	1056.4	-0.0090126	11.363	0.10533	liquid
22.440	26.395	68.340	0.014633	0.039452	0.044820	1.9845	11.677	22.321	1056.4	-0.0090126	11.363	0.10533	liquid
22.440	26.398	68.340	0.014633	0.039451	0.044820	1.9844	11.677	22.321	1056.4	-0.0090127	11.363	0.10533	liquid
22.440	26.401	68.340	0.014633	0.039451	0.044821	1.9844	11.677	22.321	1056.4	-0.0090127	11.363	0.10533	liquid
22.440	26.404	68.340	0.014633	0.039451	0.044821	1.9844	11.677	22.321	1056.4	-0.0090127	11.363	0.10533	liquid
22.440	26.407	68.340	0.014633	0.039451	0.044821	1.9844	11.677	22.321	1056.4	-0.0090128	11.363	0.10533	liquid
22.440	26.410	68.340	0.014633	0.039450	0.044822	1.9844	11.677	22.321	1056.4	-0.0090128	11.363	0.10533	liquid
22.440	26.413	68.340	0.014633	0.039450	0.044822	1.9844	11.677	22.321	1056.4	-0.0090129	11.363	0.10533	liquid
22.440	26.416	68.340	0.014633	0.039450	0.044822	1.9844	11.677	22.321	1056.4	-0.0090129	11.363	0.10533	liquid
22.440	26.419	68.340	0.014633	0.039449	0.044823	1.9844	11.677	22.321	1056.4	-0.0090129	11.363	0.10533	liquid
22.440	26.422	68.340	0.014633	0.039449	0.044823	1.9843	11.677	22.321	1056.4	-0.0090130	11.363	0.10533	liquid
22.440	26.425	68.340	0.014633	0.039449	0.044823	1.9843	11.677	22.321	1056.4	-0.0090130	11.363	0.10533	liquid
22.440	26.428	68.340	0.014633	0.039449	0.044824	1.9843	11.677	22.321	1056.4	-0.0090130	11.363	0.10533	liquid
22.440	26.431	68.340	0.014633	0.039448	0.044824	1.9843	11.677	22.321	1056.4	-0.0090131	11.363	0.10533	liquid
22.440	26.434	68.340	0.014633	0.039448	0.044824	1.9843	11.677	22.321	1056.4	-0.0090131	11.363	0.10533	liquid
22.440	26.437	68.340	0.014633	0.039448	0.044825	1.9843	11.677	22.321	1056.4	-0.0090131	11.363	0.10533	liquid
22.440	26.440	68.340	0.014633	0.039448	0.044825	1.9843	11.677	22.320	1056.4	-0.0090132	11.363	0.10533	liquid
22.440	26.443	68.340	0.014633	0.039447	0.044825	1.9843	11.677	22.320	1056.4	-0.0090132	11.363	0.10533	liquid
22.440	26.446	68.340	0.014633	0.039447	0.044826	1.9842	11.677	22.320	1056.4	-0.0090133	11.363	0.10533	liquid
22.440	26.449	68.340	0.014633	0.039447	0.044826	1.9842	11.677	22.320	1056.4	-0.0090133	11.363	0.10533	liquid
22.440	26.452	68.340	0.014633	0.039446	0.044826	1.9842	11.677	22.320	1056.4	-0.0090133	11.363	0.10533	liquid
22.440	26.455	68.340	0.014633	0.039446	0.044827	1.9842	11.677	22.320	1056.4	-0.0090134	11.363	0.10533	liquid
22.440	26.458	68.341	0.014633	0.039446	0.044827	1.9842	11.677	22.320	1056.4	-0.0090134	11.363	0.10533	liquid
22.440	26.461	68.341	0.014633	0.039446	0.044827	1.9842	11.677	22.320	1056.4	-0.0090134	11.363	0.10533	liquid
22.440	26.464	68.341	0.014633	0.039445	0.044828	1.9842	11.677	22.320	1056.4	-0.0090135	11.363	0.10533	liquid
22.440	26.467	68.341	0.014633	0.039445	0.044828	1.9842	11.677	22.320	1056.4	-0.0090135	11.363	0.10533	liquid
22.440	26.470	68.341	0.014633	0.039445	0.044828	1.9841	11.677	22.320	1056.4	-0.0090135	11.363	0.10533	liquid
22.440	26.473	68.341	0.014633	0.039445	0.044829	1.9841	11.677	22.320	1056.4	-0.0090136	11.364	0.10533	liquid
22.440	26.476	68.341	0.014633	0.039444	0.044829	1.9841	11.677	22.320	1056.4	-0.0090136	11.364	0.10533	liquid
22.440	26.479	68.341	0.014633	0.039444	0.044829	1.9841	11.677	22.320	1056.4	-0.0090137	11.364	0.10533	liquid
22.440	26.482	68.341	0.014633	0.039444	0.044830	1.9841	11.677	22.320	1056.4	-0.0090137	11.364	0.10533	liquid
22.440	26.485	68.341	0.014633	0.039443	0.044830	1.9841	11.677	22.320	1056.4	-0.0090137	11.364	0.10533	liquid
22.440	26.488	68.341	0.014633	0.039443	0.044830	1.9841	11.677	22.320	1056.4	-0.0090138	11.364	0.10533	liquid
22.440	26.491	68.341	0.014633	0.039443	0.044831	1.9841	11.677	22.320	1056.4	-0.0090138	11.364	0.10533	liquid
22.440	26.494	68.341	0.014633	0.039443	0.044831	1.9840	11.677	22.320	1056.4	-0.0090138	11.364	0.10533	liquid
22.440	26.497	68.341	0.014633	0.039442	0.044831	1.9840	11.677	22.320	1056.4	-0.0090139	11.364	0.10533	liquid
22.440	26.500	68.341	0.014633	0.039442	0.044832	1.9840	11.677	22.320	1056.4	-0.0090139	11.364	0.10533	liquid
22.440	26.503	68.341	0.014632	0.039442	0.044832	1.9840	11.677	22.320	1056.4	-0.0090140	11.364	0.10533	liquid
22.440	26.506	68.341	0.014632	0.039442	0.044832	1.9840	11.677	22.320	1056.4	-0.0090140	11.364	0.10533	liquid
22.440	26.509	68.341	0.014632	0.039441	0.044833	1.9840	11.677	22.320	1056.4	-0.0090140	11.364	0.10533	liquid
22.440	26.512	68.341	0.014632	0.039441	0.044833	1.9840	11.677	22.320	1056.4	-0.0090141	11.364	0.10533	liquid
22.440	26.515	68.341	0.014632	0.039441	0.044833	1.9840	11.677	22.320	1056.4	-0.0090141	11.364	0.10533	liquid
22.440	26.518	68.341	0.014632	0.039440	0.044834	1.9840	11.677	22.320	1056.4	-0.0090141	11.364	0.10533	liquid
22.440	26.521	68.341	0.014632	0.039440	0.044834	1.9839	11.677	22.320	1056.4	-0.0090142	11.364	0.10533	liquid
22.440	26.524	68.341	0.014632	0.039440	0.044834	1.9839	11.677	22.320	1056.4	-0.0090142	11.364	0.10533	liquid
22.440	26.527	68.341	0.014632	0.039440	0.044835	1.9839	11.677	22.319	1056.4	-0.0090142	11.364	0.10533	liquid
22.440	26.530	68.341	0.014632	0.039439	0.044835	1.9839	11.677	22.319	1056.4	-0.0090143	11.364	0.10533	liquid
22.440	26.533	68.341	0.014632	0.039439	0.044835	1.9839	11.677	22.319	1056.4	-0.0090143	11.364	0.10533	liquid
22.440	26.536	68.341	0.014632	0.039439	0.044836	1.9839	11.677	22.319	1056.4	-0.0090144	11.364	0.10533	liquid
22.440	26.539	68.341	0.014632	0.039439	0.044836	1.9839	11.677	22.319	1056.4	-0.0090144	11.364	0.10533	liquid
22.440	26.542	68.341	0.014632	0.039438	0.044836	1.9839	11.677	22.319	1056.4	-0.0090144	11.364	0.10533	liquid
22.440	26.545	68.342	0.014632	0.039438	0.044837	1.9838	11.677	22.319	1056.4	-0.0090145	11.364	0.10533	liquid
22.440	26.548	68.342	0.014632	0.039438	0.044837	1.9838	11.677	22.319	1056.4	-0.0090145	11.364	0.10533	liquid
22.440	26.551	68.342	0.014632	0.039437	0.044837	1.9838	11.677	22.319	1056.4	-0.0090145	11.364	0.10533	liquid
22.440	26.554	68.342	0.014632	0.039437	0.044838	1.9838	11.677	22.319	1056.4	-0.0090146	11.364	0.10533	liquid
22.440	26.557	68.342	0.014632	0.039437	0.044838	1.9838	11.677	22.319	1056.4	-0.0090146	11.364	0.10533	liquid
22.440	26.560	68.342	0.014632	0.039437	0.044838	1.9838	11.677	22.319	1056.4	-0.0090146	11.364	0.10533	liquid
22.440	26.563	68.342	0.014632	0.039436	0.044839	1.9838	11.677	22.319	1056.4	-0.0090147	11.364	0.10533	liquid
22.440	26.566	68.342	0.014632	0.039436	0.044839	1.9838	11.677	22.319	1056.4	-0.0090147	11.364	0.10533	liquid
22.440	26.569	68.342	0.014632	0.039436	0.044839	1.9837	11.677	22.319	1056.4	-0.0090148	11.364	0.10533	liquid
22.440	26.572	68.342	0.014632	0.039436	0.044840	1.9837	11.677	22.319	1056.4	-0.0090148	11.364	0.10533	liquid
22.440	26.575	68.342	0.014632	0.039435	0.044840	1.9837	11.677	22.319	1056.4	-0.0090148	11.364	0.10533	liquid
22.440	26.578	68.342	0.014632	0.039435	0.044840	1.9837	11.677	22.319	1056.4	-0.0090149	11.364	0.10533	liquid
22.440	26.581	68.342	0.014632	0.039435	0.044841	1.9837	11.677	22.319	1056.5	-0.0090149	11.364	0.10533	liquid
22.440	26.584	68.342	0.014632	0.039435	0.044841	1.9837	11.677	22.319	1056.5	-0.0090149	11.364	0.10533	liquid
22.440	26.587	68.342	0.014632	0.039434	0.044841	1.9837	11.677	22.319	1056.5	-0.0090150	11.364	0.10533	liquid
22.440	26.590	68.342	0.014632	0.039434	0.044842	1.9837	11.677	22.319	1056.5	-0.0090150	11.364	0.10533	liquid
22.440	26.593	68.342	0.014632	0.039434	0.044842	1.9836	11.677	22.319	1056.5	-0.0090151	11.364	0.10533	liquid
22.440	26.596	68.342	0.014632	0.039433	0.044843	1.9836	11.677	22.319	1056.5	-0.0090151	11.364	0.10533	liquid
22.440	26.599	68.342	0.014632	0.039433	0.044843	1.9836	11.677	22.319	1056.5	-0.0090151	11.364	0.10533	liquid
22.440	26.602	68.342	0.014632	0.039433	0.044843	1.9836	11.677	22.319	1056.5	-0.0090152	11.364	0.10533	liquid
22.440	26.605	68.342	0.014632	0.039433	0.044844	1.9836	11.677	22.319	1056.5	-0.0090152	11.364	0.10533	liquid
22.440	26.608	68.342	0.014632	0.039432	0.044844	1.9836	11.677	22.319	1056.5	-0.0090152	11.364	0.10533	liquid
22.440	26.611	68.342	0.014632	0.039432	0.044844	1.9836	11.677	22.319	1056.5	-0.0090153	11.364	0.10533	liquid
22.440	26.614	68.342	0.014632	0.039432	0.044845	1.9836	11.677	22.319	1056.5	-0.0090153	11.364	0.10533	liquid
22.440	26.617	68.342	0.014632	0.039432	0.044845	1.9835	11.677	22.318	1056.5	-0.0090153	11.364	0.10533	liquid
22.440	26.620	68.342	0.014632	0.039431	0.044845	1.9835	11.677	22.318	1056.5	-0.0090154	11.364	0.10533	liquid
22.440	26.623	68.342	0.014632	0.039431	0.044846	1.9835	11.677	22.318	1056.5	-0.0090154	11.364	0.10533	liquid
22.440	26.626	68.342	0.014632	0.039431	0.044846	1.9835	11.677	22.318	1056.5	-0.0090155	11.364	0.10533	liquid
22.440	26.629	68.343	0.014632	0.039430	0.044846	1.9835	11.677	22.318	1056.5	-0.0090155	11.365	0.10533	liquid
22.440	26.632	68.343	0.014632	0.039430	0.044847	1.9835	11.677	22.318	1056.5	-0.0090155	11.365	0.10533	liquid
22.440	26.635	68.343	0.014632	0.039430	0.044847	1.9835	11.677	22.318	1056.5	-0.0090156	11.365	0.10533	liquid
22.440	26.638	68.343	0.014632	0.039430	0.044847	1.9835	11.677	22.318	1056.5	-0.0090156	11.365	0.10533	liquid
22.440	26.641	68.343	0.014632	0.039429	0.044848	1.9834	11.677	22.318	1056.5	-0.0090156	11.365	0.10533	liquid
22.440	26.644	68.343	0.014632	0.039429	0.044848	1.9834	11.677	22.318	1056.5	-0.0090157	11.365	0.10533	liquid
22.440	26.647	68.343	0.014632	0.039429	0.044848	1.9834	11.677	22.318	1056.5	-0.0090157	11.365	0.10533	liquid
22.440	26.650	68.343	0.014632	0.039429	0.044849	1.9834	11.677	22.318	1056.5	-0.0090157	11.365	0.10533	liquid
22.440	26.653	68.343	0.014632	0.039428	0.044849	1.9834	11.677	22.318	1056.5	-0.0090158	11.365	0.10533	liquid
22.440	26.656	68.343	0.014632	0.039428	0.044849	1.9834	11.677	22.318	1056.5	-0.0090158	11.365	0.10533	liquid
22.440	26.659	68.343	0.014632	0.039428	0.044850	1.9834	11.677	22.318	1056.5	-0.0090159	11.365	0.10533	liquid
22.440	26.662	68.343	0.014632	0.039427	0.044850	1.9834	11.677	22.318	1056.5	-0.0090159	11.365	0.10533	liquid
22.440	26.665	68.343	0.014632	0.039427	0.044850	1.9834	11.677	22.318	1056.5	-0.0090159	11.365	0.10533	liquid
22.440	26.668	68.343	0.014632	0.039427	0.044851	1.9833	11.677	22.318	1056.5	-0.0090160	11.365	0.10533	liquid
22.440	26.671	68.343	0.014632	0.039427	0.044851	1.9833	11.677	22.318	1056.5	-0.0090160	11.365	0.10533	liquid
22.440	26.674	68.343	0.014632	0.039426	0.044851	1.9833	11.677	22.318	1056.5	-0.0090160	11.365	0.10533	liquid
22.440	26.677	68.343	0.014632	0.039426	0.044852	1.9833	11.677	22.318	1056.5	-0.0090161	11.365	0.10533	liquid
22.440	26.680	68.343	0.014632	0.039426	0.044852	1.9833	11.677	22.318	1056.5	-0.0090161	11.365	0.10533	liquid
22.440	26.683	68.343	0.014632	0.039426	0.044852	1.9833	11.677	22.318	1056.5	-0.0090162	11.365	0.10533	liquid
22.440	26.686	68.343	0.014632	0.039425	0.044853	1.9833	11.677	22.318	1056.5	-0.0090162	11.365	0.10533	liquid
22.440	26.689	68.343	0.014632	0.039425	0.044853	1.9833	11.677	22.318	1056.5	-0.0090162	11.365	0.10533	liquid
22.440	26.692	68.343	0.014632	0.039425	0.044853	1.9832	11.677	22.318	1056.5	-0.0090163	11.365	0.10533	liquid
22.440	26.695	68.343	0.014632	0.039424	0.044854	1.9832	11.677	22.318	1056.5	-0.0090163	11.365	0.10533	liquid
22.440	26.698	68.343	0.014632	0.039424	0.044854	1.9832	11.677	22.318	1056.5	-0.0090163	11.365	0.10533	liquid
22.440	26.701	68.343	0.014632	0.039424	0.044854	1.9832	11.677	22.318	1056.5	-0.0090164	11.365	0.10533	liquid
22.440	26.704	68.343	0.014632	0.039424	0.044855	1.9832	11.677	22.317	1056.5	-0.0090164	11.365	0.10533	liquid
22.440	26.707	68.343	0.014632	0.039423	0.044855	1.9832	11.677	22.317	1056.5	-0.0090164	11.365	0.10533	liquid
22.440	26.710	68.343	0.014632	0.039423	0.044855	1.9832	11.677	22.317	1056.5	-0.0090165	11.365	0.10533	liquid
22.440	26.713	68.344	0.014632	0.039423	0.044856	1.9832	11.677	22.317	1056.5	-0.0090165	11.365	0.10533	liquid
22.440	26.716	68.344	0.014632	0.039423	0.044856	1.9831	11.677	22.317	1056.5	-0.0090166	11.365	0.10533	liquid
22.440	26.719	68.344	0.014632	0.039422	0.044856	1.9831	11.677	22.317	1056.5	-0.0090166	11.365	0.10533	liquid
22.440	26.722	68.344	0.014632	0.039422	0.044857	1.9831	11.677	22.317	1056.5	-0.0090166	11.365	0.10533	liquid
22.440	26.725	68.344	0.014632	0.039422	0.044857	1.9831	11.677	22.317	1056.5	-0.0090167	11.365	0.10533	liquid
22.440	26.728	68.344	0.014632	0.039421	0.044857	1.9831	11.677	22.317	1056.5	-0.0090167	11.365	0.10533	liquid
22.440	26.731	68.344	0.014632	0.039421	0.044858	1.9831	11.677	22.317	1056.5	-0.0090167	11.365	0.10533	liquid
22.440	26.734	68.344	0.014632	0.039421	0.044858	1.9831	11.677	22.317	1056.5	-0.0090168	11.365	0.10533	liquid
22.440	26.737	68.344	0.014632	0.039421	0.044858	1.9831	11.677	22.317	1056.5	-0.0090168	11.365	0.10533	liquid
22.440	26.740	68.344	0.014632	0.039420	0.044859	1.9830	11.677	22.317	1056.5	-0.0090168	11.365	0.10533	liquid
22.440	26.743	68.344	0.014632	0.039420	0.044859	1.9830	11.677	22.317	1056.5	-0.0090169	11.365	0.10533	liquid
22.440	26.746	68.344	0.014632	0.039420	0.044859	1.9830	11.677	22.317	1056.5	-0.0090169	11.365	0.10533	liquid
22.440	26.749	68.344	0.014632	0.039420	0.044860	1.9830	11.677	22.317	1056.5	-0.0090170	11.365	0.10533	liquid
22.440	26.752	68.344	0.014632	0.039419	0.044860	1.9830	11.677	22.317	1056.5	-0.0090170	11.365	0.10533	liquid
22.440	26.755	68.344	0.014632	0.039419	0.044860	1.9830	11.677	22.317	1056.5	-0.0090170	11.365	0.10533	liquid
22.440	26.758	68.344	0.014632	0.039419	0.044861	1.9830	11.677	22.317	1056.5	-0.0090171	11.365	0.10533	liquid
22.440	26.761	68.344	0.014632	0.039418	0.044861	1.9830	11.677	22.317	1056.5	-0.0090171	11.365	0.10533	liquid
22.440	26.764	68.344	0.014632	0.039418	0.044861	1.9829	11.677	22.317	1056.5	-0.0090171	11.365	0.10533	liquid
22.440	26.767	68.344	0.014632	0.039418	0.044862	1.9829	11.677	22.317	1056.5	-0.0090172	11.365	0.10533	liquid
22.440	26.770	68.344	0.014632	0.039418	0.044862	1.9829	11.677	22.317	1056.5	-0.0090172	11.365	0.10533	liquid
22.440	26.773	68.344	0.014632	0.039417	0.044862	1.9829	11.677	22.317	1056.5	-0.0090173	11.365	0.10533	liquid
22.440	26.776	68.344	0.014632	0.039417	0.044863	1.9829	11.677	22.317	1056.5	-0.0090173	11.365	0.10533	liquid
22.440	26.779	68.344	0.014632	0.039417	0.044863	1.9829	11.677	22.317	1056.5	-0.0090173	11.365	0.10533	liquid
22.440	26.782	68.344	0.014632	0.039417	0.044863	1.9829	11.677	22.317	1056.5	-0.0090174	11.365	0.10533	liquid
22.440	26.785	68.344	0.014632	0.039416	0.044864	1.9829	11.677	22.317	1056.5	-0.0090174	11.366	0.10533	liquid
22.440	26.788	68.344	0.014632	0.039416	0.044864	1.9828	11.677	22.317	1056.5	-0.0090174	11.366	0.10533	liquid
22.440	26.791	68.344	0.014632	0.039416	0.044864	1.9828	11.677	22.316	1056.5	-0.0090175	11.366	0.10533	liquid
22.440	26.794	68.344	0.014632	0.039415	0.044865	1.9828	11.677	22.316	1056.5	-0.0090175	11.366	0.10533	liquid
22.440	26.797	68.345	0.014632	0.039415	0.044865	1.9828	11.677	22.316	1056.5	-0.0090175	11.366	0.10533	liquid
22.440	26.800	68.345	0.014632	0.039415	0.044865	1.9828	11.677	22.316	1056.5	-0.0090176	11.366	0.10533	liquid
22.440	26.803	68.345	0.014632	0.039415	0.044866	1.9828	11.677	22.316	1056.6	-0.0090176	11.366	0.10533	liquid
22.440	26.806	68.345	0.014632	0.039414	0.044866	1.9828	11.677	22.316	1056.6	-0.0090177	11.366	0.10533	liquid
22.440	26.809	68.345	0.014632	0.039414	0.044866	1.9828	11.677	22.316	1056.6	-0.0090177	11.366	0.10533	liquid
22.440	26.812	68.345	0.014632	0.039414	0.044867	1.9828	11.677	22.316	1056.6	-0.0090177	11.366	0.10533	liquid
22.440	26.815	68.345	0.014632	0.039414	0.044867	1.9827	11.677	22.316	1056.6	-0.0090178	11.366	0.10533	liquid
22.440	26.818	68.345	0.014632	0.039413	0.044867	1.9827	11.677	22.316	1056.6	-0.0090178	11.366	0.10533	liquid
22.440	26.821	68.345	0.014632	0.039413	0.044868	1.9827	11.677	22.316	1056.6	-0.0090178	11.366	0.10533	liquid
22.440	26.824	68.345	0.014632	0.039413	0.044868	1.9827	11.677	22.316	1056.6	-0.0090179	11.366	0.10533	liquid
22.440	26.827	68.345	0.014632	0.039412	0.044868	1.9827	11.677	22.316	1056.6	-0.0090179	11.366	0.10533	liquid
22.440	26.830	68.345	0.014632	0.039412	0.044869	1.9827	11.677	22.316	1056.6	-0.0090179	11.366	0.10533	liquid
22.440	26.833	68.345	0.014632	0.039412	0.044869	1.9827	11.677	22.316	1056.6	-0.0090180	11.366	0.10534	liquid
22.440	26.836	68.345	0.014632	0.039412	0.044869	1.9827	11.677	22.316	1056.6	-0.0090180	11.366	0.10534	liquid
22.440	26.839	68.345	0.014632	0.039411	0.044870	1.9826	11.677	22.316	1056.6	-0.0090181	11.366	0.10534	liquid
22.440	26.842	68.345	0.014632	0.039411	0.044870	1.9826	11.677	22.316	1056.6	-0.0090181	11.366	0.10534	liquid
22.440	26.845	68.345	0.014632	0.039411	0.044870	1.9826	11.677	22.316	1056.6	-0.0090181	11.366	0.10534	liquid
22.440	26.848	68.345	0.014632	0.039411	0.044871	1.9826	11.677	22.316	1056.6	-0.0090182	11.366	0.10534	liquid
22.440	26.851	68.345	0.014632	0.039410	0.044871	1.9826	11.677	22.316	1056.6	-0.0090182	11.366	0.10534	liquid
22.440	26.854	68.345	0.014632	0.039410	0.044871	1.9826	11.677	22.316	1056.6	-0.0090182	11.366	0.10534	liquid
22.440	26.857	68.345	0.014632	0.039410	0.044872	1.9826	11.677	22.316	1056.6	-0.0090183	11.366	0.10534	liquid
22.440	26.860	68.345	0.014632	0.039409	0.044872	1.9826	11.677	22.316	1056.6	-0.0090183	11.366	0.10534	liquid
22.440	26.863	68.345	0.014632	0.039409	0.044872	1.9825	11.677	22.316	1056.6	-0.0090184	11.366	0.10534	liquid
22.440	26.866	68.345	0.014632	0.039409	0.044873	1.9825	11.677	22.316	1056.6	-0.0090184	11.366	0.10534	liquid
22.440	26.869	68.345	0.014632	0.039409	0.044873	1.9825	11.677	22.316	1056.6	-0.0090184	11.366	0.10534	liquid
22.440	26.872	68.345	0.014632	0.039408	0.044873	1.9825	11.677	22.316	1056.6	-0.0090185	11.366	0.10534	liquid
22.440	26.875	68.345	0.014632	0.039408	0.044874	1.9825	11.677	22.316	1056.6	-0.0090185	11.366	0.10534	liquid
22.440	26.878	68.345	0.014632	0.039408	0.044874	1.9825	11.677	22.315	1056.6	-0.0090185	11.366	0.10534	liquid
22.440	26.881	68.346	0.014632	0.039408	0.044874	1.9825	11.677	22.315	1056.6	-0.0090186	11.366	0.10534	liquid
22.440	26.884	68.346	0.014632	0.039407	0.044875	1.9825	11.677	22.315	1056.6	-0.0090186	11.366	0.10534	liquid
22.440	26.887	68.346	0.014632	0.039407	0.044875	1.9824	11.677	22.315	1056.6	-0.0090186	11.366	0.10534	liquid
22.440	26.890	68.346	0.014632	0.039407	0.044875	1.9824	11.677	22.315	1056.6	-0.0090187	11.366	0.10534	liquid
22.440	26.893	68.346	0.014632	0.039406	0.044876	1.9824	11.677	22.315	1056.6	-0.0090187	11.366	0.10534	liquid
22.440	26.896	68.346	0.014632	0.039406	0.044876	1.9824	11.677	22.315	1056.6	-0.0090188	11.366	0.10534	liquid
22.440	26.899	68.346	0.014631	0.039406	0.044876	1.9824	11.677	22.315	1056.6	-0.0090188	11.366	0.10534	liquid
22.440	26.902	68.346	0.014631	0.039406	0.044877	1.9824	11.677	22.315	1056.6	-0.0090188	11.366	0.10534	liquid
22.440	26.905	68.346	0.014631	0.039405	0.044877	1.9824	11.677	22.315	1056.6	-0.0090189	11.366	0.10534	liquid
22.440	26.908	68.346	0.014631	0.039405	0.044877	1.9824	11.677	22.315	1056.6	-0.0090189	11.366	0.10534	liquid
22.440	26.911	68.346	0.014631	0.039405	0.044878	1.9823	11.677	22.315	1056.6	-0.0090189	11.366	0.10534	liquid
22.440	26.914	68.346	0.014631	0.039405	0.044878	1.9823	11.677	22.315	1056.6	-0.0090190	11.366	0.10534	liquid
22.440	26.917	68.346	0.014631	0.039404	0.044878	1.9823	11.677	22.315	1056.6	-0.0090190	11.366	0.10534	liquid
22.440	26.920	68.346	0.014631	0.039404	0.044879	1.9823	11.677	22.315	1056.6	-0.0090190	11.366	0.10534	liquid
22.440	26.923	68.346	0.014631	0.039404	0.044879	1.9823	11.677	22.315	1056.6	-0.0090191	11.366	0.10534	liquid
22.440	26.926	68.346	0.014631	0.039404	0.044879	1.9823	11.677	22.315	1056.6	-0.0090191	11.366	0.10534	liquid
22.440	26.929	68.346	0.014631	0.039403	0.044880	1.9823	11.677	22.315	1056.6	-0.0090192	11.366	0.10534	liquid
22.440	26.932	68.346	0.014631	0.039403	0.044880	1.9823	11.677	22.315	1056.6	-0.0090192	11.366	0.10534	liquid
22.440	26.935	68.346	0.014631	0.039403	0.044880	1.9822	11.677	22.315	1056.6	-0.0090192	11.366	0.10534	liquid
22.440	26.938	68.346	0.014631	0.039402	0.044881	1.9822	11.677	22.315	1056.6	-0.0090193	11.366	0.10534	liquid
22.440	26.941	68.346	0.014631	0.039402	0.044881	1.9822	11.677	22.315	1056.6	-0.0090193	11.367	0.10534	liquid
22.440	26.944	68.346	0.014631	0.039402	0.044881	1.9822	11.677	22.315	1056.6	-0.0090193	11.367	0.10534	liquid
22.440	26.947	68.346	0.014631	0.039402	0.044882	1.9822	11.677	22.315	1056.6	-0.0090194	11.367	0.10534	liquid
22.440	26.950	68.346	0.014631	0.039401	0.044882	1.9822	11.677	22.315	1056.6	-0.0090194	11.367	0.10534	liquid
22.440	26.953	68.346	0.014631	0.039401	0.044882	1.9822	11.677	22.315	1056.6	-0.0090195	11.367	0.10534	liquid
22.440	26.956	68.346	0.014631	0.039401	0.044883	1.9822	11.677	22.315	1056.6	-0.0090195	11.367	0.10534	liquid
22.440	26.959	68.346	0.014631	0.039401	0.044883	1.9822	11.677	22.315	1056.6	-0.0090195	11.367	0.10534	liquid
22.440	26.962	68.346	0.014631	0.039400	0.044883	1.9821	11.677	22.315	1056.6	-0.0090196	11.367	0.10534	liquid
22.440	26.965	68.346	0.014631	0.039400	0.044884	1.9821	11.677	22.314	1056.6	-0.0090196	11.367	0.10534	liquid
22.440	26.968	68.347	0.014631	0.039400	0.044884	1.9821	11.677	22.314	1056.6	-0.0090196	11.367	0.10534	liquid
22.440	26.971	68.347	0.014631	0.039399	0.044884	1.9821	11.677	22.314	1056.6	-0.0090197	11.367	0.10534	liquid
22.440	26.974	68.347	0.014631	0.039399	0.044885	1.9821	11.677	22.314	1056.6	-0.0090197	11.367	0.10534	liquid
22.440	26.977	68.347	0.014631	0.039399	0.044885	1.9821	11.677	22.314	1056.6	-0.0090197	11.367	0.10534	liquid
22.440	26.980	68.347	0.014631	0.039399	0.044885	1.9821	11.677	22.314	1056.6	-0.0090198	11.367	0.10534	liquid
22.440	26.983	68.347	0.014631	0.039398	0.044886	1.9821	11.677	22.314	1056.6	-0.0090198	11.367	0.10534	liquid
22.440	26.986	68.347	0.014631	0.039398	0.044886	1.9820	11.677	22.314	1056.6	-0.0090199	11.367	0.10534	liquid
22.440	26.989	68.347	0.014631	0.039398	0.044886	1.9820	11.677	22.314	1056.6	-0.0090199	11.367	0.10534	liquid
22.440	26.992	68.347	0.014631	0.039398	0.044887	1.9820	11.677	22.314	1056.6	-0.0090199	11.367	0.10534	liquid
22.440	26.995	68.347	0.014631	0.039397	0.044887	1.9820	11.677	22.314	1056.6	-0.0090200	11.367	0.10534	liquid
22.440	26.998	68.347	0.014631	0.039397	0.044887	1.9820	11.677	22.314	1056.6	-0.0090200	11.367	0.10534	liquid
22.440	27.001	68.347	0.014631	0.039397	0.044888	1.9820	11.677	22.314	1056.6	-0.0090200	11.367	0.10534	liquid
22.440	27.004	68.347	0.014631	0.039396	0.044888	1.9820	11.677	22.314	1056.6	-0.0090201	11.367	0.10534	liquid
22.440	27.007	68.347	0.014631	0.039396	0.044888	1.9820	11.677	22.314	1056.6	-0.0090201	11.367	0.10534	liquid
22.440	27.010	68.347	0.014631	0.039396	0.044889	1.9819	11.677	22.314	1056.6	-0.0090201	11.367	0.10534	liquid
22.440	27.013	68.347	0.014631	0.039396	0.044889	1.9819	11.677	22.314	1056.6	-0.0090202	11.367	0.10534	liquid
22.440	27.016	68.347	0.014631	0.039395	0.044889	1.9819	11.677	22.314	1056.6	-0.0090202	11.367	0.10534	liquid
22.440	27.019	68.347	0.014631	0.039395	0.044890	1.9819	11.677	22.314	1056.6	-0.0090203	11.367	0.10534	liquid
22.440	27.022	68.347	0.014631	0.039395	0.044890	1.9819	11.677	22.314	1056.7	-0.0090203	11.367	0.10534	liquid
22.440	27.025	68.347	0.014631	0.039395	0.044890	1.9819	11.677	22.314	1056.7	-0.0090203	11.367	0.10534	liquid
22.440	27.028	68.347	0.014631	0.039394	0.044891	1.9819	11.677	22.314	1056.7	-0.0090204	11.367	0.10534	liquid
22.440	27.031	68.347	0.014631	0.039394	0.044891	1.9819	11.677	22.314	1056.7	-0.0090204	11.367	0.10534	liquid
22.440	27.034	68.347	0.014631	0.039394	0.044891	1.9818	11.677	22.314	1056.7	-0.0090204	11.367	0.10534	liquid
22.440	27.037	68.347	0.014631	0.039393	0.044892	1.9818	11.677	22.314	1056.7	-0.0090205	11.367	0.10534	liquid
22.440	27.040	68.347	0.014631	0.039393	0.044892	1.9818	11.677	22.314	1056.7	-0.0090205	11.367	0.10534	liquid
22.440	27.043	68.347	0.014631	0.039393	0.044892	1.9818	11.677	22.314	1056.7	-0.0090205	11.367	0.10534	liquid
22.440	27.046	68.347	0.014631	0.039393	0.044893	1.9818	11.677	22.314	1056.7	-0.0090206	11.367	0.10534	liquid
22.440	27.049	68.347	0.014631	0.039392	0.044893	1.9818	11.677	22.314	1056.7	-0.0090206	11.367	0.10534	liquid
22.440	27.052	68.348	0.014631	0.039392	0.044893	1.9818	11.677	22.314	1056.7	-0.0090207	11.367	0.10534	liquid
22.440	27.055	68.348	0.014631	0.039392	0.044894	1.9818	11.677	22.313	1056.7	-0.0090207	11.367	0.10534	liquid
22.440	27.058	68.348	0.014631	0.039392	0.044894	1.9817	11.677	22.313	1056.7	-0.0090207	11.367	0.10534	liquid
22.440	27.061	68.348	0.014631	0.039391	0.044894	1.9817	11.677	22.313	1056.7	-0.0090208	11.367	0.10534	liquid
22.440	27.064	68.348	0.014631	0.039391	0.044895	1.9817	11.677	22.313	1056.7	-0.0090208	11.367	0.10534	liquid
22.440	27.067	68.348	0.014631	0.039391	0.044895	1.9817	11.677	22.313	1056.7	-0.0090208	11.367	0.10534	liquid
22.440	27.070	68.348	0.014631	0.039390	0.044895	1.9817	11.677	22.313	1056.7	-0.0090209	11.367	0.10534	liquid
22.440	27.073	68.348	0.014631	0.039390	0.044896	1.9817	11.677	22.313	1056.7	-0.0090209	11.367	0.10534	liquid
22.440	27.076	68.348	0.014631	0.039390	0.044896	1.9817	11.677	22.313	1056.7	-0.0090210	11.367	0.10534	liquid
22.440	27.079	68.348	0.014631	0.039390	0.044897	1.9817	11.677	22.313	1056.7	-0.0090210	11.367	0.10534	liquid
22.440	27.082	68.348	0.014631	0.039389	0.044897	1.9816	11.677	22.313	1056.7	-0.0090210	11.367	0.10534	liquid
22.440	27.085	68.348	0.014631	0.039389	0.044897	1.9816	11.677	22.313	1056.7	-0.0090211	11.367	0.10534	liquid
22.440	27.088	68.348	0.014631	0.039389	0.044898	1.9816	11.677	22.313	1056.7	-0.0090211	11.367	0.10534	liquid
22.440	27.091	68.348	0.014631	0.039389	0.044898	1.9816	11.677	22.313	1056.7	-0.0090211	11.367	0.10534	liquid
22.440	27.094	68.348	0.014631	0.039388	0.044898	1.9816	11.677	22.313	1056.7	-0.0090212	11.367	0.10534	liquid
22.440	27.097	68.348	0.014631	0.039388	0.044899	1.9816	11.677	22.313	1056.7	-0.0090212	11.368	0.10534	liquid
22.440	27.100	68.348	0.014631	0.039388	0.044899	1.9816	11.677	22.313	1056.7	-0.0090212	11.368	0.10534	liquid
22.440	27.103	68.348	0.014631	0.039387	0.044899	1.9816	11.677	22.313	1056.7	-0.0090213	11.368	0.10534	liquid
22.440	27.106	68.348	0.014631	0.039387	0.044900	1.9816	11.677	22.313	1056.7	-0.0090213	11.368	0.10534	liquid
22.440	27.109	68.348	0.014631	0.039387	0.044900	1.9815	11.677	22.313	1056.7	-0.0090214	11.368	0.10534	liquid
22.440	27.112	68.348	0.014631	0.039387	0.044900	1.9815	11.677	22.313	1056.7	-0.0090214	11.368	0.10534	liquid
22.440	27.115	68.348	0.014631	0.039386	0.044901	1.9815	11.677	22.313	1056.7	-0.0090214	11.368	0.10534	liquid
22.440	27.118	68.348	0.014631	0.039386	0.044901	1.9815	11.677	22.313	1056.7	-0.0090215	11.368	0.10534	liquid
22.440	27.121	68.348	0.014631	0.039386	0.044901	1.9815	11.677	22.313	1056.7	-0.0090215	11.368	0.10534	liquid
22.440	27.124	68.348	0.014631	0.039386	0.044902	1.9815	11.677	22.313	1056.7	-0.0090215	11.368	0.10534	liquid
22.440	27.127	68.348	0.014631	0.039385	0.044902	1.9815	11.677	22.313	1056.7	-0.0090216	11.368	0.10534	liquid
22.440	27.130	68.348	0.014631	0.039385	0.044902	1.9815	11.677	22.313	1056.7	-0.0090216	11.368	0.10534	liquid
22.440	27.133	68.348	0.014631	0.039385	0.044903	1.9814	11.677	22.313	1056.7	-0.0090216	11.368	0.10534	liquid
22.440	27.136	68.349	0.014631	0.039384	0.044903	1.9814	11.677	22.313	1056.7	-0.0090217	11.368	0.10534	liquid
22.440	27.139	68.349	0.014631	0.039384	0.044903	1.9814	11.677	22.313	1056.7	-0.0090217	11.368	0.10534	liquid
22.440	27.142	68.349	0.014631	0.039384	0.044904	1.9814	11.677	22.312	1056.7	-0.0090218	11.368	0.10534	liquid
22.440	27.145	68.349	0.014631	0.039384	0.044904	1.9814	11.677	22.312	1056.7	-0.0090218	11.368	0.10534	liquid
22.440	27.148	68.349	0.014631	0.039383	0.044904	1.9814	11.677	22.312	1056.7	-0.0090218	11.368	0.10534	liquid
22.440	27.151	68.349	0.014631	0.039383	0.044905	1.9814	11.677	22.312	1056.7	-0.0090219	11.368	0.10534	liquid
22.440	27.154	68.349	0.014631	0.039383	0.044905	1.9814	11.677	22.312	1056.7	-0.0090219	11.368	0.10534	liquid
22.440	27.157	68.349	0.014631	0.039383	0.044905	1.9813	11.677	22.312	1056.7	-0.0090219	11.368	0.10534	liquid
22.440	27.160	68.349	0.014631	0.039382	0.044906	1.9813	11.677	22.312	1056.7	-0.0090220	11.368	0.10534	liquid
22.440	27.163	68.349	0.014631	0.039382	0.044906	1.9813	11.677	22.312	1056.7	-0.0090220	11.368	0.10534	liquid
22.440	27.166	68.349	0.014631	0.039382	0.044906	1.9813	11.677	22.312	1056.7	-0.0090221	11.368	0.10534	liquid
22.440	27.169	68.349	0.014631	0.039381	0.044907	1.9813	11.677	22.312	1056.7	-0.0090221	11.368	0.10534	liquid
22.440	27.172	68.349	0.014631	0.039381	0.044907	1.9813	11.677	22.312	1056.7	-0.0090221	11.368	0.10534	liquid
22.440	27.175	68.349	0.014631	0.039381	0.044907	1.9813	11.677	22.312	1056.7	-0.0090222	11.368	0.10534	liquid
22.440	27.178	68.349	0.014631	0.039381	0.044908	1.9813	11.677	22.312	1056.7	-0.0090222	11.368	0.10534	liquid
22.440	27.181	68.349	0.014631	0.039380	0.044908	1.9812	11.677	22.312	1056.7	-0.0090222	11.368	0.10534	liquid
22.440	27.184	68.349	0.014631	0.039380	0.044908	1.9812	11.677	22.312	1056.7	-0.0090223	11.368	0.10534	liquid
22.440	27.187	68.349	0.014631	0.039380	0.044909	1.9812	11.677	22.312	1056.7	-0.0090223	11.368	0.10534	liquid
22.440	27.190	68.349	0.014631	0.039380	0.044909	1.9812	11.677	22.312	1056.7	-0.0090223	11.368	0.10534	liquid
22.440	27.193	68.349	0.014631	0.039379	0.044909	1.9812	11.677	22.312	1056.7	-0.0090224	11.368	0.10534	liquid
22.440	27.196	68.349	0.014631	0.039379	0.044910	1.9812	11.677	22.312	1056.7	-0.0090224	11.368	0.10534	liquid
22.440	27.199	68.349	0.014631	0.039379	0.044910	1.9812	11.677	22.312	1056.7	-0.0090225	11.368	0.10534	liquid
22.440	27.202	68.349	0.014631	0.039379	0.044910	1.9812	11.677	22.312	1056.7	-0.0090225	11.368	0.10534	liquid
22.440	27.205	68.349	0.014631	0.039378	0.044911	1.9811	11.677	22.312	1056.7	-0.0090225	11.368	0.10534	liquid
22.440	27.208	68.349	0.014631	0.039378	0.044911	1.9811	11.677	22.312	1056.7	-0.0090226	11.368	0.10534	liquid
22.440	27.211	68.349	0.014631	0.039378	0.044911	1.9811	11.677	22.312	1056.7	-0.0090226	11.368	0.10534	liquid
22.440	27.214	68.349	0.014631	0.039377	0.044912	1.9811	11.677	22.312	1056.7	-0.0090226	11.368	0.10534	liquid
22.440	27.217	68.349	0.014631	0.039377	0.044912	1.9811	11.677	22.312	1056.7	-0.0090227	11.368	0.10534	liquid
22.440	27.220	68.350	0.014631	0.039377	0.044912	1.9811	11.677	22.312	1056.7	-0.0090227	11.368	0.10534	liquid
22.440	27.223	68.350	0.014631	0.039377	0.044913	1.9811	11.677	22.312	1056.7	-0.0090227	11.368	0.10534	liquid
22.440	27.226	68.350	0.014631	0.039376	0.044913	1.9811	11.677	22.312	1056.7	-0.0090228	11.368	0.10534	liquid
22.440	27.229	68.350	0.014631	0.039376	0.044913	1.9811	11.677	22.311	1056.7	-0.0090228	11.368	0.10534	liquid
22.440	27.232	68.350	0.014631	0.039376	0.044914	1.9810	11.677	22.311	1056.7	-0.0090229	11.368	0.10534	liquid
22.440	27.235	68.350	0.014631	0.039376	0.044914	1.9810	11.677	22.311	1056.7	-0.0090229	11.368	0.10534	liquid
22.440	27.238	68.350	0.014631	0.039375	0.044914	1.9810	11.677	22.311	1056.7	-0.0090229	11.368	0.10534	liquid
22.440	27.241	68.350	0.014631	0.039375	0.044915	1.9810	11.677	22.311	1056.7	-0.0090230	11.368	0.10534	liquid
22.440	27.244	68.350	0.014631	0.039375	0.044915	1.9810	11.677	22.311	1056.8	-0.0090230	11.368	0.10534	liquid
22.440	27.247	68.350	0.014631	0.039374	0.044915	1.9810	11.677	22.311	1056.8	-0.0090230	11.368	0.10534	liquid
22.440	27.250	68.350	0.014631	0.039374	0.044916	1.9810	11.677	22.311	1056.8	-0.0090231	11.368	0.10534	liquid
22.440	27.253	68.350	0.014631	0.039374	0.044916	1.9810	11.677	22.311	1056.8	-0.0090231	11.369	0.10534	liquid
22.440	27.256	68.350	0.014631	0.039374	0.044916	1.9809	11.677	22.311	1056.8	-0.0090231	11.369	0.10534	liquid
22.440	27.259	68.350	0.014631	0.039373	0.044917	1.9809	11.677	22.311	1056.8	-0.0090232	11.369	0.10534	liquid
22.440	27.262	68.350	0.014631	0.039373	0.044917	1.9809	11.677	22.311	1056.8	-0.0090232	11.369	0.10534	liquid
22.440	27.265	68.350	0.014631	0.039373	0.044917	1.9809	11.677	22.311	1056.8	-0.0090233	11.369	0.10534	liquid
22.440	27.268	68.350	0.014631	0.039373	0.044918	1.9809	11.677	22.311	1056.8	-0.0090233	11.369	0.10534	liquid
22.440	27.271	68.350	0.014631	0.039372	0.044918	1.9809	11.677	22.311	1056.8	-0.0090233	11.369	0.10535	liquid
22.440	27.274	68.350	0.014631	0.039372	0.044918	1.9809	11.677	22.311	1056.8	-0.0090234	11.369	0.10535	liquid
22.440	27.277	68.350	0.014631	0.039372	0.044919	1.9809	11.677	22.311	1056.8	-0.0090234	11.369	0.10535	liquid
22.440	27.280	68.350	0.014631	0.039371	0.044919	1.9808	11.677	22.311	1056.8	-0.0090234	11.369	0.10535	liquid
22.440	27.283	68.350	0.014631	0.039371	0.044919	1.9808	11.677	22.311	1056.8	-0.0090235	11.369	0.10535	liquid
22.440	27.286	68.350	0.014631	0.039371	0.044920	1.9808	11.677	22.311	1056.8	-0.0090235	11.369	0.10535	liquid
22.440	27.289	68.350	0.014631	0.039371	0.044920	1.9808	11.677	22.311	1056.8	-0.0090236	11.369	0.10535	liquid
22.440	27.292	68.350	0.014631	0.039370	0.044920	1.9808	11.677	22.311	1056.8	-0.0090236	11.369	0.10535	liquid
22.440	27.295	68.350	0.014630	0.039370	0.044921	1.9808	11.677	22.311	1056.8	-0.0090236	11.369	0.10535	liquid
22.440	27.298	68.350	0.014630	0.039370	0.044921	1.9808	11.677	22.311	1056.8	-0.0090237	11.369	0.10535	liquid
22.440	27.301	68.350	0.014630	0.039370	0.044921	1.9808	11.677	22.311	1056.8	-0.0090237	11.369	0.10535	liquid
22.440	27.304	68.350	0.014630	0.039369	0.044922	1.9807	11.677	22.311	1056.8	-0.0090237	11.369	0.10535	liquid
22.440	27.307	68.351	0.014630	0.039369	0.044922	1.9807	11.677	22.311	1056.8	-0.0090238	11.369	0.10535	liquid
22.440	27.310	68.351	0.014630	0.039369	0.044922	1.9807	11.677	22.311	1056.8	-0.0090238	11.369	0.10535	liquid
22.440	27.313	68.351	0.014630	0.039368	0.044923	1.9807	11.677	22.311	1056.8	-0.0090238	11.369	0.10535	liquid
22.440	27.316	68.351	0.014630	0.039368	0.044923	1.9807	11.677	22.310	1056.8	-0.0090239	11.369	0.10535	liquid
22.440	27.319	68.351	0.014630	0.039368	0.044923	1.9807	11.677	22.310	1056.8	-0.0090239	11.369	0.10535	liquid
22.440	27.322	68.351	0.014630	0.039368	0.044924	1.9807	11.677	22.310	1056.8	-0.0090240	11.369	0.10535	liquid
22.440	27.325	68.351	0.014630	0.039367	0.044924	1.9807	11.677	22.310	1056.8	-0.0090240	11.369	0.10535	liquid
22.440	27.328	68.351	0.014630	0.039367	0.044924	1.9806	11.677	22.310	1056.8	-0.0090240	11.369	0.10535	liquid
22.440	27.331	68.351	0.014630	0.039367	0.044925	1.9806	11.677	22.310	1056.8	-0.0090241	11.369	0.10535	liquid
22.440	27.334	68.351	0.014630	0.039367	0.044925	1.9806	11.677	22.310	1056.8	-0.0090241	11.369	0.10535	liquid
22.440	27.337	68.351	0.014630	0.039366	0.044925	1.9806	11.677	22.310	1056.8	-0.0090241	11.369	0.10535	liquid
22.440	27.340	68.351	0.014630	0.039366	0.044926	1.9806	11.677	22.310	1056.8	-0.0090242	11.369	0.10535	liquid
22.440	27.343	68.351	0.014630	0.039366	0.044926	1.9806	11.677	22.310	1056.8	-0.0090242	11.369	0.10535	liquid
22.440	27.346	68.351	0.014630	0.039365	0.044926	1.9806	11.677	22.310	1056.8	-0.0090242	11.369	0.10535	liquid
22.440	27.349	68.351	0.014630	0.039365	0.044927	1.9806	11.677	22.310	1056.8	-0.0090243	11.369	0.10535	liquid
22.440	27.352	68.351	0.014630	0.039365	0.044927	1.9805	11.677	22.310	1056.8	-0.0090243	11.369	0.10535	liquid
22.440	27.355	68.351	0.014630	0.039365	0.044927	1.9805	11.677	22.310	1056.8	-0.0090244	11.369	0.10535	liquid
22.440	27.358	68.351	0.014630	0.039364	0.044928	1.9805	11.677	22.310	1056.8	-0.0090244	11.369	0.10535	liquid
22.440	27.361	68.351	0.014630	0.039364	0.044928	1.9805	11.677	22.310	1056.8	-0.0090244	11.369	0.10535	liquid
22.440	27.364	68.351	0.014630	0.039364	0.044928	1.9805	11.677	22.310	1056.8	-0.0090245	11.369	0.10535	liquid
22.440	27.367	68.351	0.014630	0.039364	0.044929	1.9805	11.677	22.310	1056.8	-0.0090245	11.369	0.10535	liquid
22.440	27.370	68.351	0.014630	0.039363	0.044929	1.9805	11.677	22.310	1056.8	-0.0090245	11.369	0.10535	liquid
22.440	27.373	68.351	0.014630	0.039363	0.044929	1.9805	11.677	22.310	1056.8	-0.0090246	11.369	0.10535	liquid
22.440	27.376	68.351	0.014630	0.039363	0.044930	1.9805	11.677	22.310	1056.8	-0.0090246	11.369	0.10535	liquid
22.440	27.379	68.351	0.014630	0.039362	0.044930	1.9804	11.677	22.310	1056.8	-0.0090246	11.369	0.10535	liquid
22.440	27.382	68.351	0.014630	0.039362	0.044930	1.9804	11.677	22.310	1056.8	-0.0090247	11.369	0.10535	liquid
22.440	27.385	68.351	0.014630	0.039362	0.044931	1.9804	11.677	22.310	1056.8	-0.0090247	11.369	0.10535	liquid
22.440	27.388	68.351	0.014630	0.039362	0.044931	1.9804	11.677	22.310	1056.8	-0.0090248	11.369	0.10535	liquid
22.440	27.391	68.352	0.014630	0.039361	0.044931	1.9804	11.677	22.310	1056.8	-0.0090248	11.369	0.10535	liquid
22.440	27.394	68.352	0.014630	0.039361	0.044932	1.9804	11.677	22.310	1056.8	-0.0090248	11.369	0.10535	liquid
22.440	27.397	68.352	0.014630	0.039361	0.044932	1.9804	11.677	22.310	1056.8	-0.0090249	11.369	0.10535	liquid
22.440	27.400	68.352	0.014630	0.039361	0.044932	1.9804	11.677	22.310	1056.8	-0.0090249	11.369	0.10535	liquid
