Temperature (K)	Pressure (psia)	Density (kg/m3)	Volume (m3/kg)	Internal Energy (kJ/mol)	Enthalpy (kJ/mol)	Entropy (J/mol*K)	Cv (J/mol*K)	Cp (J/mol*K)	Sound Spd. (m/s)	Joule-Thomson (F/psia)	Viscosity (uPa*s)	Therm. Cond. (W/m*K)	Phase
22.380	25.600	68.413	0.014617	0.038193	0.043394	1.9280	11.670	22.240	1058.1	-0.0090946	11.411	0.10531	liquid
22.380	25.604	68.413	0.014617	0.038193	0.043395	1.9280	11.670	22.240	1058.1	-0.0090946	11.411	0.10531	liquid
22.380	25.607	68.413	0.014617	0.038192	0.043395	1.9280	11.670	22.240	1058.1	-0.0090947	11.411	0.10531	liquid
22.380	25.610	68.413	0.014617	0.038192	0.043395	1.9280	11.670	22.240	1058.1	-0.0090947	11.411	0.10531	liquid
22.380	25.614	68.413	0.014617	0.038192	0.043396	1.9280	11.670	22.240	1058.1	-0.0090947	11.411	0.10531	liquid
22.380	25.617	68.413	0.014617	0.038191	0.043396	1.9280	11.670	22.240	1058.1	-0.0090948	11.411	0.10531	liquid
22.380	25.621	68.413	0.014617	0.038191	0.043396	1.9280	11.670	22.240	1058.1	-0.0090948	11.411	0.10531	liquid
22.380	25.624	68.413	0.014617	0.038191	0.043397	1.9279	11.670	22.240	1058.1	-0.0090949	11.411	0.10531	liquid
22.380	25.628	68.413	0.014617	0.038190	0.043397	1.9279	11.670	22.240	1058.1	-0.0090949	11.411	0.10531	liquid
22.380	25.631	68.413	0.014617	0.038190	0.043398	1.9279	11.670	22.240	1058.1	-0.0090950	11.411	0.10531	liquid
22.380	25.635	68.413	0.014617	0.038190	0.043398	1.9279	11.670	22.240	1058.1	-0.0090950	11.411	0.10531	liquid
22.380	25.638	68.413	0.014617	0.038189	0.043398	1.9279	11.670	22.240	1058.2	-0.0090950	11.411	0.10531	liquid
22.380	25.642	68.413	0.014617	0.038189	0.043399	1.9279	11.670	22.239	1058.2	-0.0090951	11.411	0.10531	liquid
22.380	25.645	68.413	0.014617	0.038189	0.043399	1.9279	11.670	22.239	1058.2	-0.0090951	11.411	0.10531	liquid
22.380	25.649	68.413	0.014617	0.038189	0.043400	1.9278	11.670	22.239	1058.2	-0.0090952	11.411	0.10531	liquid
22.380	25.652	68.413	0.014617	0.038188	0.043400	1.9278	11.670	22.239	1058.2	-0.0090952	11.411	0.10531	liquid
22.380	25.656	68.413	0.014617	0.038188	0.043400	1.9278	11.670	22.239	1058.2	-0.0090953	11.411	0.10531	liquid
22.380	25.659	68.413	0.014617	0.038188	0.043401	1.9278	11.670	22.239	1058.2	-0.0090953	11.411	0.10531	liquid
22.380	25.663	68.413	0.014617	0.038187	0.043401	1.9278	11.670	22.239	1058.2	-0.0090953	11.411	0.10531	liquid
22.380	25.666	68.413	0.014617	0.038187	0.043402	1.9278	11.670	22.239	1058.2	-0.0090954	11.411	0.10531	liquid
22.380	25.670	68.413	0.014617	0.038187	0.043402	1.9278	11.670	22.239	1058.2	-0.0090954	11.411	0.10531	liquid
22.380	25.673	68.413	0.014617	0.038186	0.043402	1.9277	11.670	22.239	1058.2	-0.0090955	11.411	0.10531	liquid
22.380	25.677	68.413	0.014617	0.038186	0.043403	1.9277	11.670	22.239	1058.2	-0.0090955	11.411	0.10531	liquid
22.380	25.680	68.413	0.014617	0.038186	0.043403	1.9277	11.670	22.239	1058.2	-0.0090955	11.411	0.10531	liquid
22.380	25.684	68.414	0.014617	0.038185	0.043404	1.9277	11.670	22.239	1058.2	-0.0090956	11.411	0.10531	liquid
22.380	25.687	68.414	0.014617	0.038185	0.043404	1.9277	11.670	22.239	1058.2	-0.0090956	11.411	0.10531	liquid
22.380	25.691	68.414	0.014617	0.038185	0.043404	1.9277	11.670	22.239	1058.2	-0.0090957	11.411	0.10531	liquid
22.380	25.694	68.414	0.014617	0.038184	0.043405	1.9277	11.670	22.239	1058.2	-0.0090957	11.412	0.10531	liquid
22.380	25.698	68.414	0.014617	0.038184	0.043405	1.9276	11.670	22.239	1058.2	-0.0090958	11.412	0.10531	liquid
22.380	25.701	68.414	0.014617	0.038184	0.043406	1.9276	11.670	22.239	1058.2	-0.0090958	11.412	0.10531	liquid
22.380	25.705	68.414	0.014617	0.038184	0.043406	1.9276	11.670	22.239	1058.2	-0.0090958	11.412	0.10531	liquid
22.380	25.708	68.414	0.014617	0.038183	0.043406	1.9276	11.670	22.239	1058.2	-0.0090959	11.412	0.10531	liquid
22.380	25.712	68.414	0.014617	0.038183	0.043407	1.9276	11.670	22.239	1058.2	-0.0090959	11.412	0.10531	liquid
22.380	25.715	68.414	0.014617	0.038183	0.043407	1.9276	11.670	22.239	1058.2	-0.0090960	11.412	0.10531	liquid
22.380	25.719	68.414	0.014617	0.038182	0.043407	1.9276	11.670	22.239	1058.2	-0.0090960	11.412	0.10531	liquid
22.380	25.722	68.414	0.014617	0.038182	0.043408	1.9275	11.670	22.239	1058.2	-0.0090961	11.412	0.10531	liquid
22.380	25.726	68.414	0.014617	0.038182	0.043408	1.9275	11.670	22.239	1058.2	-0.0090961	11.412	0.10531	liquid
22.380	25.729	68.414	0.014617	0.038181	0.043409	1.9275	11.670	22.239	1058.2	-0.0090961	11.412	0.10531	liquid
22.380	25.733	68.414	0.014617	0.038181	0.043409	1.9275	11.670	22.238	1058.2	-0.0090962	11.412	0.10531	liquid
22.380	25.736	68.414	0.014617	0.038181	0.043409	1.9275	11.670	22.238	1058.2	-0.0090962	11.412	0.10531	liquid
22.380	25.740	68.414	0.014617	0.038180	0.043410	1.9275	11.670	22.238	1058.2	-0.0090963	11.412	0.10531	liquid
22.380	25.743	68.414	0.014617	0.038180	0.043410	1.9275	11.670	22.238	1058.2	-0.0090963	11.412	0.10531	liquid
22.380	25.747	68.414	0.014617	0.038180	0.043411	1.9274	11.670	22.238	1058.2	-0.0090964	11.412	0.10531	liquid
22.380	25.750	68.414	0.014617	0.038179	0.043411	1.9274	11.670	22.238	1058.2	-0.0090964	11.412	0.10531	liquid
22.380	25.754	68.414	0.014617	0.038179	0.043411	1.9274	11.670	22.238	1058.2	-0.0090964	11.412	0.10531	liquid
22.380	25.757	68.414	0.014617	0.038179	0.043412	1.9274	11.670	22.238	1058.2	-0.0090965	11.412	0.10531	liquid
22.380	25.761	68.414	0.014617	0.038178	0.043412	1.9274	11.670	22.238	1058.2	-0.0090965	11.412	0.10531	liquid
22.380	25.764	68.414	0.014617	0.038178	0.043413	1.9274	11.670	22.238	1058.2	-0.0090966	11.412	0.10531	liquid
22.380	25.768	68.415	0.014617	0.038178	0.043413	1.9274	11.670	22.238	1058.2	-0.0090966	11.412	0.10531	liquid
22.380	25.771	68.415	0.014617	0.038178	0.043413	1.9273	11.670	22.238	1058.2	-0.0090967	11.412	0.10531	liquid
22.380	25.775	68.415	0.014617	0.038177	0.043414	1.9273	11.670	22.238	1058.2	-0.0090967	11.412	0.10531	liquid
22.380	25.778	68.415	0.014617	0.038177	0.043414	1.9273	11.670	22.238	1058.2	-0.0090967	11.412	0.10531	liquid
22.380	25.782	68.415	0.014617	0.038177	0.043415	1.9273	11.670	22.238	1058.2	-0.0090968	11.412	0.10531	liquid
22.380	25.785	68.415	0.014617	0.038176	0.043415	1.9273	11.670	22.238	1058.2	-0.0090968	11.412	0.10531	liquid
22.380	25.789	68.415	0.014617	0.038176	0.043415	1.9273	11.670	22.238	1058.2	-0.0090969	11.412	0.10531	liquid
22.380	25.792	68.415	0.014617	0.038176	0.043416	1.9273	11.670	22.238	1058.2	-0.0090969	11.412	0.10531	liquid
22.380	25.796	68.415	0.014617	0.038175	0.043416	1.9272	11.670	22.238	1058.2	-0.0090969	11.412	0.10531	liquid
22.380	25.799	68.415	0.014617	0.038175	0.043417	1.9272	11.670	22.238	1058.2	-0.0090970	11.412	0.10531	liquid
22.380	25.803	68.415	0.014617	0.038175	0.043417	1.9272	11.670	22.238	1058.2	-0.0090970	11.412	0.10531	liquid
22.380	25.806	68.415	0.014617	0.038174	0.043417	1.9272	11.670	22.238	1058.2	-0.0090971	11.412	0.10531	liquid
22.380	25.810	68.415	0.014617	0.038174	0.043418	1.9272	11.670	22.238	1058.2	-0.0090971	11.412	0.10531	liquid
22.380	25.813	68.415	0.014617	0.038174	0.043418	1.9272	11.670	22.238	1058.2	-0.0090972	11.412	0.10531	liquid
22.380	25.817	68.415	0.014617	0.038173	0.043419	1.9272	11.670	22.238	1058.2	-0.0090972	11.412	0.10531	liquid
22.380	25.820	68.415	0.014617	0.038173	0.043419	1.9271	11.670	22.237	1058.2	-0.0090972	11.412	0.10531	liquid
22.380	25.824	68.415	0.014617	0.038173	0.043419	1.9271	11.670	22.237	1058.2	-0.0090973	11.412	0.10531	liquid
22.380	25.827	68.415	0.014617	0.038173	0.043420	1.9271	11.670	22.237	1058.2	-0.0090973	11.412	0.10531	liquid
22.380	25.831	68.415	0.014617	0.038172	0.043420	1.9271	11.670	22.237	1058.2	-0.0090974	11.412	0.10531	liquid
22.380	25.834	68.415	0.014617	0.038172	0.043420	1.9271	11.670	22.237	1058.2	-0.0090974	11.412	0.10531	liquid
22.380	25.838	68.415	0.014617	0.038172	0.043421	1.9271	11.670	22.237	1058.2	-0.0090975	11.412	0.10531	liquid
22.380	25.841	68.415	0.014617	0.038171	0.043421	1.9271	11.670	22.237	1058.2	-0.0090975	11.412	0.10531	liquid
22.380	25.845	68.415	0.014617	0.038171	0.043422	1.9270	11.670	22.237	1058.2	-0.0090975	11.412	0.10531	liquid
22.380	25.848	68.415	0.014617	0.038171	0.043422	1.9270	11.670	22.237	1058.2	-0.0090976	11.413	0.10531	liquid
22.380	25.852	68.416	0.014617	0.038170	0.043422	1.9270	11.670	22.237	1058.2	-0.0090976	11.413	0.10531	liquid
22.380	25.855	68.416	0.014617	0.038170	0.043423	1.9270	11.670	22.237	1058.2	-0.0090977	11.413	0.10531	liquid
22.380	25.859	68.416	0.014617	0.038170	0.043423	1.9270	11.670	22.237	1058.3	-0.0090977	11.413	0.10531	liquid
22.380	25.862	68.416	0.014617	0.038169	0.043424	1.9270	11.670	22.237	1058.3	-0.0090978	11.413	0.10531	liquid
22.380	25.866	68.416	0.014617	0.038169	0.043424	1.9270	11.670	22.237	1058.3	-0.0090978	11.413	0.10531	liquid
22.380	25.869	68.416	0.014617	0.038169	0.043424	1.9269	11.670	22.237	1058.3	-0.0090978	11.413	0.10531	liquid
22.380	25.873	68.416	0.014617	0.038168	0.043425	1.9269	11.670	22.237	1058.3	-0.0090979	11.413	0.10531	liquid
22.380	25.876	68.416	0.014617	0.038168	0.043425	1.9269	11.670	22.237	1058.3	-0.0090979	11.413	0.10531	liquid
22.380	25.880	68.416	0.014616	0.038168	0.043426	1.9269	11.670	22.237	1058.3	-0.0090980	11.413	0.10531	liquid
22.380	25.883	68.416	0.014616	0.038167	0.043426	1.9269	11.670	22.237	1058.3	-0.0090980	11.413	0.10531	liquid
22.380	25.887	68.416	0.014616	0.038167	0.043426	1.9269	11.670	22.237	1058.3	-0.0090980	11.413	0.10531	liquid
22.380	25.890	68.416	0.014616	0.038167	0.043427	1.9269	11.670	22.237	1058.3	-0.0090981	11.413	0.10531	liquid
22.380	25.894	68.416	0.014616	0.038167	0.043427	1.9268	11.670	22.237	1058.3	-0.0090981	11.413	0.10531	liquid
22.380	25.897	68.416	0.014616	0.038166	0.043428	1.9268	11.670	22.237	1058.3	-0.0090982	11.413	0.10531	liquid
22.380	25.901	68.416	0.014616	0.038166	0.043428	1.9268	11.670	22.237	1058.3	-0.0090982	11.413	0.10531	liquid
22.380	25.904	68.416	0.014616	0.038166	0.043428	1.9268	11.670	22.237	1058.3	-0.0090983	11.413	0.10531	liquid
22.380	25.908	68.416	0.014616	0.038165	0.043429	1.9268	11.670	22.237	1058.3	-0.0090983	11.413	0.10531	liquid
22.380	25.911	68.416	0.014616	0.038165	0.043429	1.9268	11.670	22.236	1058.3	-0.0090983	11.413	0.10531	liquid
22.380	25.915	68.416	0.014616	0.038165	0.043430	1.9268	11.670	22.236	1058.3	-0.0090984	11.413	0.10531	liquid
22.380	25.918	68.416	0.014616	0.038164	0.043430	1.9267	11.670	22.236	1058.3	-0.0090984	11.413	0.10531	liquid
22.380	25.922	68.416	0.014616	0.038164	0.043430	1.9267	11.670	22.236	1058.3	-0.0090985	11.413	0.10531	liquid
22.380	25.925	68.416	0.014616	0.038164	0.043431	1.9267	11.670	22.236	1058.3	-0.0090985	11.413	0.10531	liquid
22.380	25.929	68.416	0.014616	0.038163	0.043431	1.9267	11.670	22.236	1058.3	-0.0090986	11.413	0.10531	liquid
22.380	25.932	68.416	0.014616	0.038163	0.043431	1.9267	11.670	22.236	1058.3	-0.0090986	11.413	0.10531	liquid
22.380	25.936	68.416	0.014616	0.038163	0.043432	1.9267	11.670	22.236	1058.3	-0.0090986	11.413	0.10531	liquid
22.380	25.939	68.417	0.014616	0.038162	0.043432	1.9267	11.670	22.236	1058.3	-0.0090987	11.413	0.10531	liquid
22.380	25.943	68.417	0.014616	0.038162	0.043433	1.9266	11.670	22.236	1058.3	-0.0090987	11.413	0.10531	liquid
22.380	25.946	68.417	0.014616	0.038162	0.043433	1.9266	11.670	22.236	1058.3	-0.0090988	11.413	0.10531	liquid
22.380	25.950	68.417	0.014616	0.038161	0.043433	1.9266	11.670	22.236	1058.3	-0.0090988	11.413	0.10531	liquid
22.380	25.953	68.417	0.014616	0.038161	0.043434	1.9266	11.670	22.236	1058.3	-0.0090989	11.413	0.10531	liquid
22.380	25.957	68.417	0.014616	0.038161	0.043434	1.9266	11.670	22.236	1058.3	-0.0090989	11.413	0.10531	liquid
22.380	25.960	68.417	0.014616	0.038161	0.043435	1.9266	11.670	22.236	1058.3	-0.0090989	11.413	0.10531	liquid
22.380	25.964	68.417	0.014616	0.038160	0.043435	1.9266	11.670	22.236	1058.3	-0.0090990	11.413	0.10531	liquid
22.380	25.967	68.417	0.014616	0.038160	0.043435	1.9265	11.670	22.236	1058.3	-0.0090990	11.413	0.10531	liquid
22.380	25.971	68.417	0.014616	0.038160	0.043436	1.9265	11.670	22.236	1058.3	-0.0090991	11.413	0.10531	liquid
22.380	25.974	68.417	0.014616	0.038159	0.043436	1.9265	11.670	22.236	1058.3	-0.0090991	11.413	0.10531	liquid
22.380	25.978	68.417	0.014616	0.038159	0.043437	1.9265	11.670	22.236	1058.3	-0.0090991	11.413	0.10531	liquid
22.380	25.981	68.417	0.014616	0.038159	0.043437	1.9265	11.670	22.236	1058.3	-0.0090992	11.413	0.10531	liquid
22.380	25.985	68.417	0.014616	0.038158	0.043437	1.9265	11.670	22.236	1058.3	-0.0090992	11.413	0.10531	liquid
22.380	25.988	68.417	0.014616	0.038158	0.043438	1.9265	11.670	22.236	1058.3	-0.0090993	11.413	0.10531	liquid
22.380	25.992	68.417	0.014616	0.038158	0.043438	1.9264	11.670	22.236	1058.3	-0.0090993	11.413	0.10531	liquid
22.380	25.995	68.417	0.014616	0.038157	0.043439	1.9264	11.670	22.236	1058.3	-0.0090994	11.413	0.10531	liquid
22.380	25.999	68.417	0.014616	0.038157	0.043439	1.9264	11.670	22.235	1058.3	-0.0090994	11.413	0.10531	liquid
22.380	26.002	68.417	0.014616	0.038157	0.043439	1.9264	11.670	22.235	1058.3	-0.0090994	11.413	0.10531	liquid
22.380	26.006	68.417	0.014616	0.038156	0.043440	1.9264	11.670	22.235	1058.3	-0.0090995	11.414	0.10531	liquid
22.380	26.009	68.417	0.014616	0.038156	0.043440	1.9264	11.670	22.235	1058.3	-0.0090995	11.414	0.10531	liquid
22.380	26.013	68.417	0.014616	0.038156	0.043441	1.9264	11.670	22.235	1058.3	-0.0090996	11.414	0.10531	liquid
22.380	26.016	68.417	0.014616	0.038156	0.043441	1.9263	11.670	22.235	1058.3	-0.0090996	11.414	0.10531	liquid
22.380	26.020	68.417	0.014616	0.038155	0.043441	1.9263	11.670	22.235	1058.3	-0.0090997	11.414	0.10531	liquid
22.380	26.023	68.418	0.014616	0.038155	0.043442	1.9263	11.670	22.235	1058.3	-0.0090997	11.414	0.10531	liquid
22.380	26.027	68.418	0.014616	0.038155	0.043442	1.9263	11.670	22.235	1058.3	-0.0090997	11.414	0.10531	liquid
22.380	26.030	68.418	0.014616	0.038154	0.043443	1.9263	11.670	22.235	1058.3	-0.0090998	11.414	0.10531	liquid
22.380	26.034	68.418	0.014616	0.038154	0.043443	1.9263	11.670	22.235	1058.3	-0.0090998	11.414	0.10531	liquid
22.380	26.037	68.418	0.014616	0.038154	0.043443	1.9263	11.670	22.235	1058.3	-0.0090999	11.414	0.10531	liquid
22.380	26.041	68.418	0.014616	0.038153	0.043444	1.9262	11.670	22.235	1058.3	-0.0090999	11.414	0.10531	liquid
22.380	26.044	68.418	0.014616	0.038153	0.043444	1.9262	11.670	22.235	1058.3	-0.0091000	11.414	0.10532	liquid
22.380	26.048	68.418	0.014616	0.038153	0.043444	1.9262	11.670	22.235	1058.3	-0.0091000	11.414	0.10532	liquid
22.380	26.051	68.418	0.014616	0.038152	0.043445	1.9262	11.670	22.235	1058.3	-0.0091000	11.414	0.10532	liquid
22.380	26.055	68.418	0.014616	0.038152	0.043445	1.9262	11.670	22.235	1058.3	-0.0091001	11.414	0.10532	liquid
22.380	26.058	68.418	0.014616	0.038152	0.043446	1.9262	11.670	22.235	1058.3	-0.0091001	11.414	0.10532	liquid
22.380	26.062	68.418	0.014616	0.038151	0.043446	1.9262	11.670	22.235	1058.3	-0.0091002	11.414	0.10532	liquid
22.380	26.065	68.418	0.014616	0.038151	0.043446	1.9261	11.670	22.235	1058.3	-0.0091002	11.414	0.10532	liquid
22.380	26.069	68.418	0.014616	0.038151	0.043447	1.9261	11.670	22.235	1058.3	-0.0091002	11.414	0.10532	liquid
22.380	26.072	68.418	0.014616	0.038150	0.043447	1.9261	11.670	22.235	1058.3	-0.0091003	11.414	0.10532	liquid
22.380	26.076	68.418	0.014616	0.038150	0.043448	1.9261	11.670	22.235	1058.3	-0.0091003	11.414	0.10532	liquid
22.380	26.079	68.418	0.014616	0.038150	0.043448	1.9261	11.670	22.235	1058.4	-0.0091004	11.414	0.10532	liquid
22.380	26.083	68.418	0.014616	0.038150	0.043448	1.9261	11.670	22.235	1058.4	-0.0091004	11.414	0.10532	liquid
22.380	26.086	68.418	0.014616	0.038149	0.043449	1.9261	11.670	22.234	1058.4	-0.0091005	11.414	0.10532	liquid
22.380	26.090	68.418	0.014616	0.038149	0.043449	1.9260	11.670	22.234	1058.4	-0.0091005	11.414	0.10532	liquid
22.380	26.093	68.418	0.014616	0.038149	0.043450	1.9260	11.670	22.234	1058.4	-0.0091005	11.414	0.10532	liquid
22.380	26.097	68.418	0.014616	0.038148	0.043450	1.9260	11.670	22.234	1058.4	-0.0091006	11.414	0.10532	liquid
22.380	26.100	68.418	0.014616	0.038148	0.043450	1.9260	11.670	22.234	1058.4	-0.0091006	11.414	0.10532	liquid
22.380	26.104	68.418	0.014616	0.038148	0.043451	1.9260	11.670	22.234	1058.4	-0.0091007	11.414	0.10532	liquid
22.380	26.107	68.419	0.014616	0.038147	0.043451	1.9260	11.670	22.234	1058.4	-0.0091007	11.414	0.10532	liquid
22.380	26.111	68.419	0.014616	0.038147	0.043452	1.9260	11.670	22.234	1058.4	-0.0091008	11.414	0.10532	liquid
22.380	26.114	68.419	0.014616	0.038147	0.043452	1.9259	11.670	22.234	1058.4	-0.0091008	11.414	0.10532	liquid
22.380	26.118	68.419	0.014616	0.038146	0.043452	1.9259	11.670	22.234	1058.4	-0.0091008	11.414	0.10532	liquid
22.380	26.121	68.419	0.014616	0.038146	0.043453	1.9259	11.670	22.234	1058.4	-0.0091009	11.414	0.10532	liquid
22.380	26.125	68.419	0.014616	0.038146	0.043453	1.9259	11.670	22.234	1058.4	-0.0091009	11.414	0.10532	liquid
22.380	26.128	68.419	0.014616	0.038145	0.043454	1.9259	11.670	22.234	1058.4	-0.0091010	11.414	0.10532	liquid
22.380	26.132	68.419	0.014616	0.038145	0.043454	1.9259	11.670	22.234	1058.4	-0.0091010	11.414	0.10532	liquid
22.380	26.135	68.419	0.014616	0.038145	0.043454	1.9259	11.670	22.234	1058.4	-0.0091010	11.414	0.10532	liquid
22.380	26.139	68.419	0.014616	0.038145	0.043455	1.9259	11.670	22.234	1058.4	-0.0091011	11.414	0.10532	liquid
22.380	26.142	68.419	0.014616	0.038144	0.043455	1.9258	11.670	22.234	1058.4	-0.0091011	11.414	0.10532	liquid
22.380	26.146	68.419	0.014616	0.038144	0.043455	1.9258	11.670	22.234	1058.4	-0.0091012	11.414	0.10532	liquid
22.380	26.149	68.419	0.014616	0.038144	0.043456	1.9258	11.670	22.234	1058.4	-0.0091012	11.414	0.10532	liquid
22.380	26.153	68.419	0.014616	0.038143	0.043456	1.9258	11.670	22.234	1058.4	-0.0091013	11.414	0.10532	liquid
22.380	26.156	68.419	0.014616	0.038143	0.043457	1.9258	11.670	22.234	1058.4	-0.0091013	11.414	0.10532	liquid
22.380	26.160	68.419	0.014616	0.038143	0.043457	1.9258	11.670	22.234	1058.4	-0.0091013	11.414	0.10532	liquid
22.380	26.163	68.419	0.014616	0.038142	0.043457	1.9258	11.670	22.234	1058.4	-0.0091014	11.415	0.10532	liquid
22.380	26.167	68.419	0.014616	0.038142	0.043458	1.9257	11.670	22.234	1058.4	-0.0091014	11.415	0.10532	liquid
22.380	26.170	68.419	0.014616	0.038142	0.043458	1.9257	11.670	22.234	1058.4	-0.0091015	11.415	0.10532	liquid
22.380	26.174	68.419	0.014616	0.038141	0.043459	1.9257	11.670	22.234	1058.4	-0.0091015	11.415	0.10532	liquid
22.380	26.177	68.419	0.014616	0.038141	0.043459	1.9257	11.670	22.233	1058.4	-0.0091016	11.415	0.10532	liquid
22.380	26.181	68.419	0.014616	0.038141	0.043459	1.9257	11.670	22.233	1058.4	-0.0091016	11.415	0.10532	liquid
22.380	26.184	68.419	0.014616	0.038140	0.043460	1.9257	11.670	22.233	1058.4	-0.0091016	11.415	0.10532	liquid
22.380	26.188	68.419	0.014616	0.038140	0.043460	1.9257	11.670	22.233	1058.4	-0.0091017	11.415	0.10532	liquid
22.380	26.191	68.419	0.014616	0.038140	0.043461	1.9256	11.670	22.233	1058.4	-0.0091017	11.415	0.10532	liquid
22.380	26.195	68.420	0.014616	0.038139	0.043461	1.9256	11.670	22.233	1058.4	-0.0091018	11.415	0.10532	liquid
22.380	26.198	68.420	0.014616	0.038139	0.043461	1.9256	11.670	22.233	1058.4	-0.0091018	11.415	0.10532	liquid
22.380	26.202	68.420	0.014616	0.038139	0.043462	1.9256	11.670	22.233	1058.4	-0.0091019	11.415	0.10532	liquid
22.380	26.205	68.420	0.014616	0.038139	0.043462	1.9256	11.670	22.233	1058.4	-0.0091019	11.415	0.10532	liquid
22.380	26.209	68.420	0.014616	0.038138	0.043463	1.9256	11.670	22.233	1058.4	-0.0091019	11.415	0.10532	liquid
22.380	26.212	68.420	0.014616	0.038138	0.043463	1.9256	11.670	22.233	1058.4	-0.0091020	11.415	0.10532	liquid
22.380	26.216	68.420	0.014616	0.038138	0.043463	1.9255	11.670	22.233	1058.4	-0.0091020	11.415	0.10532	liquid
22.380	26.219	68.420	0.014616	0.038137	0.043464	1.9255	11.670	22.233	1058.4	-0.0091021	11.415	0.10532	liquid
22.380	26.223	68.420	0.014616	0.038137	0.043464	1.9255	11.670	22.233	1058.4	-0.0091021	11.415	0.10532	liquid
22.380	26.226	68.420	0.014616	0.038137	0.043465	1.9255	11.670	22.233	1058.4	-0.0091021	11.415	0.10532	liquid
22.380	26.230	68.420	0.014616	0.038136	0.043465	1.9255	11.670	22.233	1058.4	-0.0091022	11.415	0.10532	liquid
22.380	26.233	68.420	0.014616	0.038136	0.043465	1.9255	11.670	22.233	1058.4	-0.0091022	11.415	0.10532	liquid
22.380	26.237	68.420	0.014616	0.038136	0.043466	1.9255	11.670	22.233	1058.4	-0.0091023	11.415	0.10532	liquid
22.380	26.240	68.420	0.014616	0.038135	0.043466	1.9254	11.670	22.233	1058.4	-0.0091023	11.415	0.10532	liquid
22.380	26.244	68.420	0.014616	0.038135	0.043467	1.9254	11.670	22.233	1058.4	-0.0091024	11.415	0.10532	liquid
22.380	26.247	68.420	0.014616	0.038135	0.043467	1.9254	11.670	22.233	1058.4	-0.0091024	11.415	0.10532	liquid
22.380	26.251	68.420	0.014616	0.038134	0.043467	1.9254	11.670	22.233	1058.4	-0.0091024	11.415	0.10532	liquid
22.380	26.254	68.420	0.014616	0.038134	0.043468	1.9254	11.670	22.233	1058.4	-0.0091025	11.415	0.10532	liquid
22.380	26.258	68.420	0.014616	0.038134	0.043468	1.9254	11.670	22.233	1058.4	-0.0091025	11.415	0.10532	liquid
22.380	26.261	68.420	0.014616	0.038134	0.043468	1.9254	11.670	22.233	1058.4	-0.0091026	11.415	0.10532	liquid
22.380	26.265	68.420	0.014616	0.038133	0.043469	1.9253	11.670	22.232	1058.4	-0.0091026	11.415	0.10532	liquid
22.380	26.268	68.420	0.014616	0.038133	0.043469	1.9253	11.670	22.232	1058.4	-0.0091027	11.415	0.10532	liquid
22.380	26.272	68.420	0.014616	0.038133	0.043470	1.9253	11.670	22.232	1058.4	-0.0091027	11.415	0.10532	liquid
22.380	26.275	68.420	0.014616	0.038132	0.043470	1.9253	11.670	22.232	1058.4	-0.0091027	11.415	0.10532	liquid
22.380	26.279	68.421	0.014616	0.038132	0.043470	1.9253	11.670	22.232	1058.4	-0.0091028	11.415	0.10532	liquid
22.380	26.282	68.421	0.014615	0.038132	0.043471	1.9253	11.670	22.232	1058.4	-0.0091028	11.415	0.10532	liquid
22.380	26.286	68.421	0.014615	0.038131	0.043471	1.9253	11.670	22.232	1058.4	-0.0091029	11.415	0.10532	liquid
22.380	26.289	68.421	0.014615	0.038131	0.043472	1.9252	11.670	22.232	1058.4	-0.0091029	11.415	0.10532	liquid
22.380	26.293	68.421	0.014615	0.038131	0.043472	1.9252	11.670	22.232	1058.4	-0.0091030	11.415	0.10532	liquid
22.380	26.296	68.421	0.014615	0.038130	0.043472	1.9252	11.670	22.232	1058.4	-0.0091030	11.415	0.10532	liquid
22.380	26.300	68.421	0.014615	0.038130	0.043473	1.9252	11.670	22.232	1058.4	-0.0091030	11.415	0.10532	liquid
22.380	26.303	68.421	0.014615	0.038130	0.043473	1.9252	11.670	22.232	1058.5	-0.0091031	11.415	0.10532	liquid
22.380	26.307	68.421	0.014615	0.038129	0.043474	1.9252	11.670	22.232	1058.5	-0.0091031	11.415	0.10532	liquid
22.380	26.310	68.421	0.014615	0.038129	0.043474	1.9252	11.670	22.232	1058.5	-0.0091032	11.415	0.10532	liquid
22.380	26.314	68.421	0.014615	0.038129	0.043474	1.9251	11.670	22.232	1058.5	-0.0091032	11.415	0.10532	liquid
22.380	26.317	68.421	0.014615	0.038128	0.043475	1.9251	11.670	22.232	1058.5	-0.0091032	11.416	0.10532	liquid
22.380	26.321	68.421	0.014615	0.038128	0.043475	1.9251	11.670	22.232	1058.5	-0.0091033	11.416	0.10532	liquid
22.380	26.324	68.421	0.014615	0.038128	0.043476	1.9251	11.670	22.232	1058.5	-0.0091033	11.416	0.10532	liquid
22.380	26.328	68.421	0.014615	0.038128	0.043476	1.9251	11.670	22.232	1058.5	-0.0091034	11.416	0.10532	liquid
22.380	26.331	68.421	0.014615	0.038127	0.043476	1.9251	11.670	22.232	1058.5	-0.0091034	11.416	0.10532	liquid
22.380	26.335	68.421	0.014615	0.038127	0.043477	1.9251	11.670	22.232	1058.5	-0.0091035	11.416	0.10532	liquid
22.380	26.338	68.421	0.014615	0.038127	0.043477	1.9250	11.670	22.232	1058.5	-0.0091035	11.416	0.10532	liquid
22.380	26.342	68.421	0.014615	0.038126	0.043478	1.9250	11.670	22.232	1058.5	-0.0091035	11.416	0.10532	liquid
22.380	26.345	68.421	0.014615	0.038126	0.043478	1.9250	11.670	22.232	1058.5	-0.0091036	11.416	0.10532	liquid
22.380	26.349	68.421	0.014615	0.038126	0.043478	1.9250	11.670	22.232	1058.5	-0.0091036	11.416	0.10532	liquid
22.380	26.352	68.421	0.014615	0.038125	0.043479	1.9250	11.670	22.232	1058.5	-0.0091037	11.416	0.10532	liquid
22.380	26.356	68.421	0.014615	0.038125	0.043479	1.9250	11.670	22.231	1058.5	-0.0091037	11.416	0.10532	liquid
22.380	26.359	68.421	0.014615	0.038125	0.043479	1.9250	11.670	22.231	1058.5	-0.0091038	11.416	0.10532	liquid
22.380	26.363	68.421	0.014615	0.038124	0.043480	1.9249	11.670	22.231	1058.5	-0.0091038	11.416	0.10532	liquid
22.380	26.366	68.422	0.014615	0.038124	0.043480	1.9249	11.670	22.231	1058.5	-0.0091038	11.416	0.10532	liquid
22.380	26.370	68.422	0.014615	0.038124	0.043481	1.9249	11.670	22.231	1058.5	-0.0091039	11.416	0.10532	liquid
22.380	26.373	68.422	0.014615	0.038123	0.043481	1.9249	11.670	22.231	1058.5	-0.0091039	11.416	0.10532	liquid
22.380	26.377	68.422	0.014615	0.038123	0.043481	1.9249	11.670	22.231	1058.5	-0.0091040	11.416	0.10532	liquid
22.380	26.380	68.422	0.014615	0.038123	0.043482	1.9249	11.670	22.231	1058.5	-0.0091040	11.416	0.10532	liquid
22.380	26.384	68.422	0.014615	0.038123	0.043482	1.9249	11.670	22.231	1058.5	-0.0091041	11.416	0.10532	liquid
22.380	26.387	68.422	0.014615	0.038122	0.043483	1.9248	11.670	22.231	1058.5	-0.0091041	11.416	0.10532	liquid
22.380	26.391	68.422	0.014615	0.038122	0.043483	1.9248	11.670	22.231	1058.5	-0.0091041	11.416	0.10532	liquid
22.380	26.394	68.422	0.014615	0.038122	0.043483	1.9248	11.670	22.231	1058.5	-0.0091042	11.416	0.10532	liquid
22.380	26.398	68.422	0.014615	0.038121	0.043484	1.9248	11.670	22.231	1058.5	-0.0091042	11.416	0.10532	liquid
22.380	26.401	68.422	0.014615	0.038121	0.043484	1.9248	11.670	22.231	1058.5	-0.0091043	11.416	0.10532	liquid
22.380	26.405	68.422	0.014615	0.038121	0.043485	1.9248	11.670	22.231	1058.5	-0.0091043	11.416	0.10532	liquid
22.380	26.408	68.422	0.014615	0.038120	0.043485	1.9248	11.670	22.231	1058.5	-0.0091043	11.416	0.10532	liquid
22.380	26.412	68.422	0.014615	0.038120	0.043485	1.9247	11.670	22.231	1058.5	-0.0091044	11.416	0.10532	liquid
22.380	26.415	68.422	0.014615	0.038120	0.043486	1.9247	11.670	22.231	1058.5	-0.0091044	11.416	0.10532	liquid
22.380	26.419	68.422	0.014615	0.038119	0.043486	1.9247	11.670	22.231	1058.5	-0.0091045	11.416	0.10532	liquid
22.380	26.422	68.422	0.014615	0.038119	0.043487	1.9247	11.670	22.231	1058.5	-0.0091045	11.416	0.10532	liquid
22.380	26.426	68.422	0.014615	0.038119	0.043487	1.9247	11.670	22.231	1058.5	-0.0091046	11.416	0.10532	liquid
22.380	26.429	68.422	0.014615	0.038118	0.043487	1.9247	11.670	22.231	1058.5	-0.0091046	11.416	0.10532	liquid
22.380	26.433	68.422	0.014615	0.038118	0.043488	1.9247	11.670	22.231	1058.5	-0.0091046	11.416	0.10532	liquid
22.380	26.436	68.422	0.014615	0.038118	0.043488	1.9246	11.670	22.231	1058.5	-0.0091047	11.416	0.10532	liquid
22.380	26.440	68.422	0.014615	0.038117	0.043489	1.9246	11.670	22.231	1058.5	-0.0091047	11.416	0.10532	liquid
22.380	26.443	68.422	0.014615	0.038117	0.043489	1.9246	11.670	22.230	1058.5	-0.0091048	11.416	0.10532	liquid
22.380	26.447	68.422	0.014615	0.038117	0.043489	1.9246	11.670	22.230	1058.5	-0.0091048	11.416	0.10532	liquid
22.380	26.450	68.423	0.014615	0.038117	0.043490	1.9246	11.670	22.230	1058.5	-0.0091049	11.416	0.10532	liquid
22.380	26.454	68.423	0.014615	0.038116	0.043490	1.9246	11.670	22.230	1058.5	-0.0091049	11.416	0.10532	liquid
22.380	26.457	68.423	0.014615	0.038116	0.043491	1.9246	11.670	22.230	1058.5	-0.0091049	11.416	0.10532	liquid
22.380	26.461	68.423	0.014615	0.038116	0.043491	1.9245	11.670	22.230	1058.5	-0.0091050	11.416	0.10532	liquid
22.380	26.464	68.423	0.014615	0.038115	0.043491	1.9245	11.670	22.230	1058.5	-0.0091050	11.416	0.10532	liquid
22.380	26.468	68.423	0.014615	0.038115	0.043492	1.9245	11.670	22.230	1058.5	-0.0091051	11.416	0.10532	liquid
22.380	26.471	68.423	0.014615	0.038115	0.043492	1.9245	11.670	22.230	1058.5	-0.0091051	11.416	0.10532	liquid
22.380	26.475	68.423	0.014615	0.038114	0.043492	1.9245	11.670	22.230	1058.5	-0.0091051	11.417	0.10532	liquid
22.380	26.478	68.423	0.014615	0.038114	0.043493	1.9245	11.670	22.230	1058.5	-0.0091052	11.417	0.10532	liquid
22.380	26.482	68.423	0.014615	0.038114	0.043493	1.9245	11.670	22.230	1058.5	-0.0091052	11.417	0.10532	liquid
22.380	26.485	68.423	0.014615	0.038113	0.043494	1.9244	11.670	22.230	1058.5	-0.0091053	11.417	0.10533	liquid
22.380	26.489	68.423	0.014615	0.038113	0.043494	1.9244	11.670	22.230	1058.5	-0.0091053	11.417	0.10533	liquid
22.380	26.492	68.423	0.014615	0.038113	0.043494	1.9244	11.670	22.230	1058.5	-0.0091054	11.417	0.10533	liquid
22.380	26.496	68.423	0.014615	0.038112	0.043495	1.9244	11.670	22.230	1058.5	-0.0091054	11.417	0.10533	liquid
22.380	26.499	68.423	0.014615	0.038112	0.043495	1.9244	11.670	22.230	1058.5	-0.0091054	11.417	0.10533	liquid
22.380	26.503	68.423	0.014615	0.038112	0.043496	1.9244	11.670	22.230	1058.5	-0.0091055	11.417	0.10533	liquid
22.380	26.506	68.423	0.014615	0.038112	0.043496	1.9244	11.670	22.230	1058.5	-0.0091055	11.417	0.10533	liquid
22.380	26.510	68.423	0.014615	0.038111	0.043496	1.9243	11.670	22.230	1058.5	-0.0091056	11.417	0.10533	liquid
22.380	26.513	68.423	0.014615	0.038111	0.043497	1.9243	11.670	22.230	1058.5	-0.0091056	11.417	0.10533	liquid
22.380	26.517	68.423	0.014615	0.038111	0.043497	1.9243	11.670	22.230	1058.5	-0.0091057	11.417	0.10533	liquid
22.380	26.520	68.423	0.014615	0.038110	0.043498	1.9243	11.670	22.230	1058.5	-0.0091057	11.417	0.10533	liquid
22.380	26.524	68.423	0.014615	0.038110	0.043498	1.9243	11.670	22.230	1058.6	-0.0091057	11.417	0.10533	liquid
22.380	26.527	68.423	0.014615	0.038110	0.043498	1.9243	11.670	22.230	1058.6	-0.0091058	11.417	0.10533	liquid
22.380	26.531	68.423	0.014615	0.038109	0.043499	1.9243	11.670	22.229	1058.6	-0.0091058	11.417	0.10533	liquid
22.380	26.534	68.424	0.014615	0.038109	0.043499	1.9242	11.670	22.229	1058.6	-0.0091059	11.417	0.10533	liquid
22.380	26.538	68.424	0.014615	0.038109	0.043500	1.9242	11.670	22.229	1058.6	-0.0091059	11.417	0.10533	liquid
22.380	26.541	68.424	0.014615	0.038108	0.043500	1.9242	11.670	22.229	1058.6	-0.0091060	11.417	0.10533	liquid
22.380	26.545	68.424	0.014615	0.038108	0.043500	1.9242	11.670	22.229	1058.6	-0.0091060	11.417	0.10533	liquid
22.380	26.548	68.424	0.014615	0.038108	0.043501	1.9242	11.670	22.229	1058.6	-0.0091060	11.417	0.10533	liquid
22.380	26.552	68.424	0.014615	0.038107	0.043501	1.9242	11.670	22.229	1058.6	-0.0091061	11.417	0.10533	liquid
22.380	26.555	68.424	0.014615	0.038107	0.043502	1.9242	11.670	22.229	1058.6	-0.0091061	11.417	0.10533	liquid
22.380	26.559	68.424	0.014615	0.038107	0.043502	1.9241	11.670	22.229	1058.6	-0.0091062	11.417	0.10533	liquid
22.380	26.562	68.424	0.014615	0.038106	0.043502	1.9241	11.670	22.229	1058.6	-0.0091062	11.417	0.10533	liquid
22.380	26.566	68.424	0.014615	0.038106	0.043503	1.9241	11.670	22.229	1058.6	-0.0091062	11.417	0.10533	liquid
22.380	26.569	68.424	0.014615	0.038106	0.043503	1.9241	11.670	22.229	1058.6	-0.0091063	11.417	0.10533	liquid
22.380	26.573	68.424	0.014615	0.038106	0.043503	1.9241	11.670	22.229	1058.6	-0.0091063	11.417	0.10533	liquid
22.380	26.576	68.424	0.014615	0.038105	0.043504	1.9241	11.670	22.229	1058.6	-0.0091064	11.417	0.10533	liquid
22.380	26.580	68.424	0.014615	0.038105	0.043504	1.9241	11.670	22.229	1058.6	-0.0091064	11.417	0.10533	liquid
22.380	26.583	68.424	0.014615	0.038105	0.043505	1.9240	11.670	22.229	1058.6	-0.0091065	11.417	0.10533	liquid
22.380	26.587	68.424	0.014615	0.038104	0.043505	1.9240	11.670	22.229	1058.6	-0.0091065	11.417	0.10533	liquid
22.380	26.590	68.424	0.014615	0.038104	0.043505	1.9240	11.670	22.229	1058.6	-0.0091065	11.417	0.10533	liquid
22.380	26.594	68.424	0.014615	0.038104	0.043506	1.9240	11.670	22.229	1058.6	-0.0091066	11.417	0.10533	liquid
22.380	26.597	68.424	0.014615	0.038103	0.043506	1.9240	11.670	22.229	1058.6	-0.0091066	11.417	0.10533	liquid
22.380	26.601	68.424	0.014615	0.038103	0.043507	1.9240	11.670	22.229	1058.6	-0.0091067	11.417	0.10533	liquid
22.380	26.604	68.424	0.014615	0.038103	0.043507	1.9240	11.670	22.229	1058.6	-0.0091067	11.417	0.10533	liquid
22.380	26.608	68.424	0.014615	0.038102	0.043507	1.9239	11.670	22.229	1058.6	-0.0091068	11.417	0.10533	liquid
22.380	26.611	68.424	0.014615	0.038102	0.043508	1.9239	11.670	22.229	1058.6	-0.0091068	11.417	0.10533	liquid
22.380	26.615	68.424	0.014615	0.038102	0.043508	1.9239	11.670	22.229	1058.6	-0.0091068	11.417	0.10533	liquid
22.380	26.618	68.424	0.014615	0.038101	0.043509	1.9239	11.670	22.229	1058.6	-0.0091069	11.417	0.10533	liquid
22.380	26.622	68.425	0.014615	0.038101	0.043509	1.9239	11.670	22.228	1058.6	-0.0091069	11.417	0.10533	liquid
22.380	26.625	68.425	0.014615	0.038101	0.043509	1.9239	11.670	22.228	1058.6	-0.0091070	11.417	0.10533	liquid
22.380	26.629	68.425	0.014615	0.038101	0.043510	1.9239	11.670	22.228	1058.6	-0.0091070	11.418	0.10533	liquid
22.380	26.632	68.425	0.014615	0.038100	0.043510	1.9239	11.670	22.228	1058.6	-0.0091070	11.418	0.10533	liquid
22.380	26.636	68.425	0.014615	0.038100	0.043511	1.9238	11.670	22.228	1058.6	-0.0091071	11.418	0.10533	liquid
22.380	26.639	68.425	0.014615	0.038100	0.043511	1.9238	11.670	22.228	1058.6	-0.0091071	11.418	0.10533	liquid
22.380	26.643	68.425	0.014615	0.038099	0.043511	1.9238	11.670	22.228	1058.6	-0.0091072	11.418	0.10533	liquid
22.380	26.646	68.425	0.014615	0.038099	0.043512	1.9238	11.670	22.228	1058.6	-0.0091072	11.418	0.10533	liquid
22.380	26.650	68.425	0.014615	0.038099	0.043512	1.9238	11.670	22.228	1058.6	-0.0091073	11.418	0.10533	liquid
22.380	26.653	68.425	0.014615	0.038098	0.043513	1.9238	11.670	22.228	1058.6	-0.0091073	11.418	0.10533	liquid
22.380	26.657	68.425	0.014615	0.038098	0.043513	1.9238	11.670	22.228	1058.6	-0.0091073	11.418	0.10533	liquid
22.380	26.660	68.425	0.014615	0.038098	0.043513	1.9237	11.670	22.228	1058.6	-0.0091074	11.418	0.10533	liquid
22.380	26.664	68.425	0.014615	0.038097	0.043514	1.9237	11.670	22.228	1058.6	-0.0091074	11.418	0.10533	liquid
22.380	26.667	68.425	0.014615	0.038097	0.043514	1.9237	11.670	22.228	1058.6	-0.0091075	11.418	0.10533	liquid
22.380	26.671	68.425	0.014615	0.038097	0.043515	1.9237	11.670	22.228	1058.6	-0.0091075	11.418	0.10533	liquid
22.380	26.674	68.425	0.014615	0.038096	0.043515	1.9237	11.670	22.228	1058.6	-0.0091076	11.418	0.10533	liquid
22.380	26.678	68.425	0.014615	0.038096	0.043515	1.9237	11.670	22.228	1058.6	-0.0091076	11.418	0.10533	liquid
22.380	26.681	68.425	0.014614	0.038096	0.043516	1.9237	11.670	22.228	1058.6	-0.0091076	11.418	0.10533	liquid
22.380	26.685	68.425	0.014614	0.038095	0.043516	1.9236	11.670	22.228	1058.6	-0.0091077	11.418	0.10533	liquid
22.380	26.688	68.425	0.014614	0.038095	0.043516	1.9236	11.670	22.228	1058.6	-0.0091077	11.418	0.10533	liquid
22.380	26.692	68.425	0.014614	0.038095	0.043517	1.9236	11.670	22.228	1058.6	-0.0091078	11.418	0.10533	liquid
22.380	26.695	68.425	0.014614	0.038095	0.043517	1.9236	11.670	22.228	1058.6	-0.0091078	11.418	0.10533	liquid
22.380	26.699	68.425	0.014614	0.038094	0.043518	1.9236	11.670	22.228	1058.6	-0.0091079	11.418	0.10533	liquid
22.380	26.702	68.425	0.014614	0.038094	0.043518	1.9236	11.670	22.228	1058.6	-0.0091079	11.418	0.10533	liquid
22.380	26.706	68.426	0.014614	0.038094	0.043518	1.9236	11.670	22.228	1058.6	-0.0091079	11.418	0.10533	liquid
22.380	26.709	68.426	0.014614	0.038093	0.043519	1.9235	11.670	22.227	1058.6	-0.0091080	11.418	0.10533	liquid
22.380	26.713	68.426	0.014614	0.038093	0.043519	1.9235	11.670	22.227	1058.6	-0.0091080	11.418	0.10533	liquid
22.380	26.716	68.426	0.014614	0.038093	0.043520	1.9235	11.670	22.227	1058.6	-0.0091081	11.418	0.10533	liquid
22.380	26.720	68.426	0.014614	0.038092	0.043520	1.9235	11.670	22.227	1058.6	-0.0091081	11.418	0.10533	liquid
22.380	26.723	68.426	0.014614	0.038092	0.043520	1.9235	11.670	22.227	1058.6	-0.0091081	11.418	0.10533	liquid
22.380	26.727	68.426	0.014614	0.038092	0.043521	1.9235	11.670	22.227	1058.6	-0.0091082	11.418	0.10533	liquid
22.380	26.730	68.426	0.014614	0.038091	0.043521	1.9235	11.670	22.227	1058.6	-0.0091082	11.418	0.10533	liquid
22.380	26.734	68.426	0.014614	0.038091	0.043522	1.9234	11.670	22.227	1058.6	-0.0091083	11.418	0.10533	liquid
22.380	26.737	68.426	0.014614	0.038091	0.043522	1.9234	11.670	22.227	1058.6	-0.0091083	11.418	0.10533	liquid
22.380	26.741	68.426	0.014614	0.038090	0.043522	1.9234	11.670	22.227	1058.6	-0.0091084	11.418	0.10533	liquid
22.380	26.744	68.426	0.014614	0.038090	0.043523	1.9234	11.670	22.227	1058.6	-0.0091084	11.418	0.10533	liquid
22.380	26.748	68.426	0.014614	0.038090	0.043523	1.9234	11.670	22.227	1058.7	-0.0091084	11.418	0.10533	liquid
22.380	26.751	68.426	0.014614	0.038090	0.043524	1.9234	11.670	22.227	1058.7	-0.0091085	11.418	0.10533	liquid
22.380	26.755	68.426	0.014614	0.038089	0.043524	1.9234	11.670	22.227	1058.7	-0.0091085	11.418	0.10533	liquid
22.380	26.758	68.426	0.014614	0.038089	0.043524	1.9233	11.670	22.227	1058.7	-0.0091086	11.418	0.10533	liquid
22.380	26.762	68.426	0.014614	0.038089	0.043525	1.9233	11.670	22.227	1058.7	-0.0091086	11.418	0.10533	liquid
22.380	26.765	68.426	0.014614	0.038088	0.043525	1.9233	11.670	22.227	1058.7	-0.0091087	11.418	0.10533	liquid
22.380	26.769	68.426	0.014614	0.038088	0.043526	1.9233	11.670	22.227	1058.7	-0.0091087	11.418	0.10533	liquid
22.380	26.772	68.426	0.014614	0.038088	0.043526	1.9233	11.670	22.227	1058.7	-0.0091087	11.418	0.10533	liquid
22.380	26.776	68.426	0.014614	0.038087	0.043526	1.9233	11.670	22.227	1058.7	-0.0091088	11.418	0.10533	liquid
22.380	26.779	68.426	0.014614	0.038087	0.043527	1.9233	11.670	22.227	1058.7	-0.0091088	11.418	0.10533	liquid
22.380	26.783	68.426	0.014614	0.038087	0.043527	1.9232	11.670	22.227	1058.7	-0.0091089	11.418	0.10533	liquid
22.380	26.786	68.426	0.014614	0.038086	0.043528	1.9232	11.670	22.227	1058.7	-0.0091089	11.419	0.10533	liquid
22.380	26.790	68.427	0.014614	0.038086	0.043528	1.9232	11.670	22.227	1058.7	-0.0091089	11.419	0.10533	liquid
22.380	26.793	68.427	0.014614	0.038086	0.043528	1.9232	11.670	22.227	1058.7	-0.0091090	11.419	0.10533	liquid
22.380	26.797	68.427	0.014614	0.038085	0.043529	1.9232	11.670	22.227	1058.7	-0.0091090	11.419	0.10533	liquid
22.380	26.800	68.427	0.014614	0.038085	0.043529	1.9232	11.670	22.226	1058.7	-0.0091091	11.419	0.10533	liquid
22.380	26.804	68.427	0.014614	0.038085	0.043529	1.9232	11.670	22.226	1058.7	-0.0091091	11.419	0.10533	liquid
22.380	26.807	68.427	0.014614	0.038085	0.043530	1.9231	11.670	22.226	1058.7	-0.0091092	11.419	0.10533	liquid
22.380	26.811	68.427	0.014614	0.038084	0.043530	1.9231	11.670	22.226	1058.7	-0.0091092	11.419	0.10533	liquid
22.380	26.814	68.427	0.014614	0.038084	0.043531	1.9231	11.670	22.226	1058.7	-0.0091092	11.419	0.10533	liquid
22.380	26.818	68.427	0.014614	0.038084	0.043531	1.9231	11.670	22.226	1058.7	-0.0091093	11.419	0.10533	liquid
22.380	26.821	68.427	0.014614	0.038083	0.043531	1.9231	11.670	22.226	1058.7	-0.0091093	11.419	0.10533	liquid
22.380	26.825	68.427	0.014614	0.038083	0.043532	1.9231	11.670	22.226	1058.7	-0.0091094	11.419	0.10533	liquid
22.380	26.828	68.427	0.014614	0.038083	0.043532	1.9231	11.670	22.226	1058.7	-0.0091094	11.419	0.10533	liquid
22.380	26.832	68.427	0.014614	0.038082	0.043533	1.9230	11.670	22.226	1058.7	-0.0091095	11.419	0.10533	liquid
22.380	26.835	68.427	0.014614	0.038082	0.043533	1.9230	11.670	22.226	1058.7	-0.0091095	11.419	0.10533	liquid
22.380	26.839	68.427	0.014614	0.038082	0.043533	1.9230	11.670	22.226	1058.7	-0.0091095	11.419	0.10533	liquid
22.380	26.842	68.427	0.014614	0.038081	0.043534	1.9230	11.670	22.226	1058.7	-0.0091096	11.419	0.10533	liquid
22.380	26.846	68.427	0.014614	0.038081	0.043534	1.9230	11.670	22.226	1058.7	-0.0091096	11.419	0.10533	liquid
22.380	26.849	68.427	0.014614	0.038081	0.043535	1.9230	11.670	22.226	1058.7	-0.0091097	11.419	0.10533	liquid
22.380	26.853	68.427	0.014614	0.038080	0.043535	1.9230	11.670	22.226	1058.7	-0.0091097	11.419	0.10533	liquid
22.380	26.856	68.427	0.014614	0.038080	0.043535	1.9229	11.670	22.226	1058.7	-0.0091098	11.419	0.10533	liquid
22.380	26.860	68.427	0.014614	0.038080	0.043536	1.9229	11.670	22.226	1058.7	-0.0091098	11.419	0.10533	liquid
22.380	26.863	68.427	0.014614	0.038079	0.043536	1.9229	11.670	22.226	1058.7	-0.0091098	11.419	0.10533	liquid
22.380	26.867	68.427	0.014614	0.038079	0.043537	1.9229	11.670	22.226	1058.7	-0.0091099	11.419	0.10533	liquid
22.380	26.870	68.427	0.014614	0.038079	0.043537	1.9229	11.670	22.226	1058.7	-0.0091099	11.419	0.10533	liquid
22.380	26.874	68.427	0.014614	0.038079	0.043537	1.9229	11.670	22.226	1058.7	-0.0091100	11.419	0.10533	liquid
22.380	26.877	68.428	0.014614	0.038078	0.043538	1.9229	11.670	22.226	1058.7	-0.0091100	11.419	0.10533	liquid
22.380	26.881	68.428	0.014614	0.038078	0.043538	1.9228	11.670	22.226	1058.7	-0.0091100	11.419	0.10533	liquid
22.380	26.884	68.428	0.014614	0.038078	0.043539	1.9228	11.670	22.226	1058.7	-0.0091101	11.419	0.10533	liquid
22.380	26.888	68.428	0.014614	0.038077	0.043539	1.9228	11.670	22.225	1058.7	-0.0091101	11.419	0.10533	liquid
22.380	26.891	68.428	0.014614	0.038077	0.043539	1.9228	11.670	22.225	1058.7	-0.0091102	11.419	0.10533	liquid
22.380	26.895	68.428	0.014614	0.038077	0.043540	1.9228	11.670	22.225	1058.7	-0.0091102	11.419	0.10533	liquid
22.380	26.898	68.428	0.014614	0.038076	0.043540	1.9228	11.670	22.225	1058.7	-0.0091103	11.419	0.10533	liquid
22.380	26.902	68.428	0.014614	0.038076	0.043541	1.9228	11.670	22.225	1058.7	-0.0091103	11.419	0.10533	liquid
22.380	26.905	68.428	0.014614	0.038076	0.043541	1.9227	11.670	22.225	1058.7	-0.0091103	11.419	0.10533	liquid
22.380	26.909	68.428	0.014614	0.038075	0.043541	1.9227	11.670	22.225	1058.7	-0.0091104	11.419	0.10533	liquid
22.380	26.912	68.428	0.014614	0.038075	0.043542	1.9227	11.670	22.225	1058.7	-0.0091104	11.419	0.10533	liquid
22.380	26.916	68.428	0.014614	0.038075	0.043542	1.9227	11.670	22.225	1058.7	-0.0091105	11.419	0.10533	liquid
22.380	26.919	68.428	0.014614	0.038074	0.043542	1.9227	11.670	22.225	1058.7	-0.0091105	11.419	0.10533	liquid
22.380	26.923	68.428	0.014614	0.038074	0.043543	1.9227	11.670	22.225	1058.7	-0.0091106	11.419	0.10533	liquid
22.380	26.926	68.428	0.014614	0.038074	0.043543	1.9227	11.670	22.225	1058.7	-0.0091106	11.419	0.10533	liquid
22.380	26.930	68.428	0.014614	0.038074	0.043544	1.9226	11.670	22.225	1058.7	-0.0091106	11.419	0.10534	liquid
22.380	26.933	68.428	0.014614	0.038073	0.043544	1.9226	11.670	22.225	1058.7	-0.0091107	11.419	0.10534	liquid
22.380	26.937	68.428	0.014614	0.038073	0.043544	1.9226	11.670	22.225	1058.7	-0.0091107	11.419	0.10534	liquid
22.380	26.940	68.428	0.014614	0.038073	0.043545	1.9226	11.670	22.225	1058.7	-0.0091108	11.420	0.10534	liquid
22.380	26.944	68.428	0.014614	0.038072	0.043545	1.9226	11.670	22.225	1058.7	-0.0091108	11.420	0.10534	liquid
22.380	26.947	68.428	0.014614	0.038072	0.043546	1.9226	11.670	22.225	1058.7	-0.0091108	11.420	0.10534	liquid
22.380	26.951	68.428	0.014614	0.038072	0.043546	1.9226	11.670	22.225	1058.7	-0.0091109	11.420	0.10534	liquid
22.380	26.954	68.428	0.014614	0.038071	0.043546	1.9225	11.670	22.225	1058.7	-0.0091109	11.420	0.10534	liquid
22.380	26.958	68.428	0.014614	0.038071	0.043547	1.9225	11.670	22.225	1058.7	-0.0091110	11.420	0.10534	liquid
22.380	26.961	68.429	0.014614	0.038071	0.043547	1.9225	11.670	22.225	1058.7	-0.0091110	11.420	0.10534	liquid
22.380	26.965	68.429	0.014614	0.038070	0.043548	1.9225	11.670	22.225	1058.7	-0.0091111	11.420	0.10534	liquid
22.380	26.968	68.429	0.014614	0.038070	0.043548	1.9225	11.670	22.225	1058.8	-0.0091111	11.420	0.10534	liquid
22.380	26.972	68.429	0.014614	0.038070	0.043548	1.9225	11.670	22.225	1058.8	-0.0091111	11.420	0.10534	liquid
22.380	26.975	68.429	0.014614	0.038069	0.043549	1.9225	11.670	22.225	1058.8	-0.0091112	11.420	0.10534	liquid
22.380	26.979	68.429	0.014614	0.038069	0.043549	1.9224	11.670	22.224	1058.8	-0.0091112	11.420	0.10534	liquid
22.380	26.982	68.429	0.014614	0.038069	0.043550	1.9224	11.670	22.224	1058.8	-0.0091113	11.420	0.10534	liquid
22.380	26.986	68.429	0.014614	0.038068	0.043550	1.9224	11.670	22.224	1058.8	-0.0091113	11.420	0.10534	liquid
22.380	26.989	68.429	0.014614	0.038068	0.043550	1.9224	11.670	22.224	1058.8	-0.0091114	11.420	0.10534	liquid
22.380	26.993	68.429	0.014614	0.038068	0.043551	1.9224	11.670	22.224	1058.8	-0.0091114	11.420	0.10534	liquid
22.380	26.996	68.429	0.014614	0.038068	0.043551	1.9224	11.670	22.224	1058.8	-0.0091114	11.420	0.10534	liquid
22.380	27.000	68.429	0.014614	0.038067	0.043552	1.9224	11.670	22.224	1058.8	-0.0091115	11.420	0.10534	liquid
22.380	27.003	68.429	0.014614	0.038067	0.043552	1.9223	11.670	22.224	1058.8	-0.0091115	11.420	0.10534	liquid
22.380	27.007	68.429	0.014614	0.038067	0.043552	1.9223	11.670	22.224	1058.8	-0.0091116	11.420	0.10534	liquid
22.380	27.010	68.429	0.014614	0.038066	0.043553	1.9223	11.670	22.224	1058.8	-0.0091116	11.420	0.10534	liquid
22.380	27.014	68.429	0.014614	0.038066	0.043553	1.9223	11.670	22.224	1058.8	-0.0091116	11.420	0.10534	liquid
22.380	27.017	68.429	0.014614	0.038066	0.043553	1.9223	11.670	22.224	1058.8	-0.0091117	11.420	0.10534	liquid
22.380	27.021	68.429	0.014614	0.038065	0.043554	1.9223	11.670	22.224	1058.8	-0.0091117	11.420	0.10534	liquid
22.380	27.024	68.429	0.014614	0.038065	0.043554	1.9223	11.670	22.224	1058.8	-0.0091118	11.420	0.10534	liquid
22.380	27.028	68.429	0.014614	0.038065	0.043555	1.9222	11.670	22.224	1058.8	-0.0091118	11.420	0.10534	liquid
22.380	27.031	68.429	0.014614	0.038064	0.043555	1.9222	11.670	22.224	1058.8	-0.0091119	11.420	0.10534	liquid
22.380	27.035	68.429	0.014614	0.038064	0.043555	1.9222	11.670	22.224	1058.8	-0.0091119	11.420	0.10534	liquid
22.380	27.038	68.429	0.014614	0.038064	0.043556	1.9222	11.670	22.224	1058.8	-0.0091119	11.420	0.10534	liquid
22.380	27.042	68.429	0.014614	0.038063	0.043556	1.9222	11.670	22.224	1058.8	-0.0091120	11.420	0.10534	liquid
22.380	27.045	68.429	0.014614	0.038063	0.043557	1.9222	11.670	22.224	1058.8	-0.0091120	11.420	0.10534	liquid
22.380	27.049	68.430	0.014614	0.038063	0.043557	1.9222	11.670	22.224	1058.8	-0.0091121	11.420	0.10534	liquid
22.380	27.052	68.430	0.014614	0.038063	0.043557	1.9221	11.670	22.224	1058.8	-0.0091121	11.420	0.10534	liquid
22.380	27.056	68.430	0.014614	0.038062	0.043558	1.9221	11.670	22.224	1058.8	-0.0091122	11.420	0.10534	liquid
22.380	27.059	68.430	0.014614	0.038062	0.043558	1.9221	11.670	22.224	1058.8	-0.0091122	11.420	0.10534	liquid
22.380	27.063	68.430	0.014614	0.038062	0.043559	1.9221	11.670	22.224	1058.8	-0.0091122	11.420	0.10534	liquid
22.380	27.066	68.430	0.014614	0.038061	0.043559	1.9221	11.670	22.223	1058.8	-0.0091123	11.420	0.10534	liquid
22.380	27.070	68.430	0.014614	0.038061	0.043559	1.9221	11.670	22.223	1058.8	-0.0091123	11.420	0.10534	liquid
22.380	27.073	68.430	0.014614	0.038061	0.043560	1.9221	11.670	22.223	1058.8	-0.0091124	11.420	0.10534	liquid
22.380	27.077	68.430	0.014614	0.038060	0.043560	1.9220	11.670	22.223	1058.8	-0.0091124	11.420	0.10534	liquid
22.380	27.080	68.430	0.014613	0.038060	0.043561	1.9220	11.670	22.223	1058.8	-0.0091124	11.420	0.10534	liquid
22.380	27.084	68.430	0.014613	0.038060	0.043561	1.9220	11.670	22.223	1058.8	-0.0091125	11.420	0.10534	liquid
22.380	27.087	68.430	0.014613	0.038059	0.043561	1.9220	11.670	22.223	1058.8	-0.0091125	11.420	0.10534	liquid
22.380	27.091	68.430	0.014613	0.038059	0.043562	1.9220	11.670	22.223	1058.8	-0.0091126	11.420	0.10534	liquid
22.380	27.094	68.430	0.014613	0.038059	0.043562	1.9220	11.670	22.223	1058.8	-0.0091126	11.420	0.10534	liquid
22.380	27.098	68.430	0.014613	0.038058	0.043563	1.9220	11.670	22.223	1058.8	-0.0091127	11.421	0.10534	liquid
22.380	27.101	68.430	0.014613	0.038058	0.043563	1.9220	11.670	22.223	1058.8	-0.0091127	11.421	0.10534	liquid
22.380	27.105	68.430	0.014613	0.038058	0.043563	1.9219	11.670	22.223	1058.8	-0.0091127	11.421	0.10534	liquid
22.380	27.108	68.430	0.014613	0.038058	0.043564	1.9219	11.670	22.223	1058.8	-0.0091128	11.421	0.10534	liquid
22.380	27.112	68.430	0.014613	0.038057	0.043564	1.9219	11.670	22.223	1058.8	-0.0091128	11.421	0.10534	liquid
22.380	27.115	68.430	0.014613	0.038057	0.043565	1.9219	11.670	22.223	1058.8	-0.0091129	11.421	0.10534	liquid
22.380	27.119	68.430	0.014613	0.038057	0.043565	1.9219	11.670	22.223	1058.8	-0.0091129	11.421	0.10534	liquid
22.380	27.122	68.430	0.014613	0.038056	0.043565	1.9219	11.670	22.223	1058.8	-0.0091130	11.421	0.10534	liquid
22.380	27.126	68.430	0.014613	0.038056	0.043566	1.9219	11.670	22.223	1058.8	-0.0091130	11.421	0.10534	liquid
22.380	27.129	68.430	0.014613	0.038056	0.043566	1.9218	11.670	22.223	1058.8	-0.0091130	11.421	0.10534	liquid
22.380	27.133	68.431	0.014613	0.038055	0.043566	1.9218	11.670	22.223	1058.8	-0.0091131	11.421	0.10534	liquid
22.380	27.136	68.431	0.014613	0.038055	0.043567	1.9218	11.670	22.223	1058.8	-0.0091131	11.421	0.10534	liquid
22.380	27.140	68.431	0.014613	0.038055	0.043567	1.9218	11.670	22.223	1058.8	-0.0091132	11.421	0.10534	liquid
22.380	27.143	68.431	0.014613	0.038054	0.043568	1.9218	11.670	22.223	1058.8	-0.0091132	11.421	0.10534	liquid
22.380	27.147	68.431	0.014613	0.038054	0.043568	1.9218	11.670	22.223	1058.8	-0.0091133	11.421	0.10534	liquid
22.380	27.150	68.431	0.014613	0.038054	0.043568	1.9218	11.670	22.223	1058.8	-0.0091133	11.421	0.10534	liquid
22.380	27.154	68.431	0.014613	0.038053	0.043569	1.9217	11.670	22.223	1058.8	-0.0091133	11.421	0.10534	liquid
22.380	27.157	68.431	0.014613	0.038053	0.043569	1.9217	11.670	22.222	1058.8	-0.0091134	11.421	0.10534	liquid
22.380	27.161	68.431	0.014613	0.038053	0.043570	1.9217	11.670	22.222	1058.8	-0.0091134	11.421	0.10534	liquid
22.380	27.164	68.431	0.014613	0.038052	0.043570	1.9217	11.670	22.222	1058.8	-0.0091135	11.421	0.10534	liquid
22.380	27.168	68.431	0.014613	0.038052	0.043570	1.9217	11.670	22.222	1058.8	-0.0091135	11.421	0.10534	liquid
22.380	27.171	68.431	0.014613	0.038052	0.043571	1.9217	11.670	22.222	1058.8	-0.0091135	11.421	0.10534	liquid
22.380	27.175	68.431	0.014613	0.038052	0.043571	1.9217	11.670	22.222	1058.8	-0.0091136	11.421	0.10534	liquid
22.380	27.178	68.431	0.014613	0.038051	0.043572	1.9216	11.670	22.222	1058.8	-0.0091136	11.421	0.10534	liquid
22.380	27.182	68.431	0.014613	0.038051	0.043572	1.9216	11.670	22.222	1058.8	-0.0091137	11.421	0.10534	liquid
22.380	27.185	68.431	0.014613	0.038051	0.043572	1.9216	11.670	22.222	1058.8	-0.0091137	11.421	0.10534	liquid
22.380	27.189	68.431	0.014613	0.038050	0.043573	1.9216	11.670	22.222	1058.9	-0.0091138	11.421	0.10534	liquid
22.380	27.192	68.431	0.014613	0.038050	0.043573	1.9216	11.670	22.222	1058.9	-0.0091138	11.421	0.10534	liquid
22.380	27.196	68.431	0.014613	0.038050	0.043574	1.9216	11.670	22.222	1058.9	-0.0091138	11.421	0.10534	liquid
22.380	27.199	68.431	0.014613	0.038049	0.043574	1.9216	11.670	22.222	1058.9	-0.0091139	11.421	0.10534	liquid
22.380	27.203	68.431	0.014613	0.038049	0.043574	1.9215	11.670	22.222	1058.9	-0.0091139	11.421	0.10534	liquid
22.380	27.206	68.431	0.014613	0.038049	0.043575	1.9215	11.670	22.222	1058.9	-0.0091140	11.421	0.10534	liquid
22.380	27.210	68.431	0.014613	0.038048	0.043575	1.9215	11.670	22.222	1058.9	-0.0091140	11.421	0.10534	liquid
22.380	27.213	68.431	0.014613	0.038048	0.043576	1.9215	11.670	22.222	1058.9	-0.0091141	11.421	0.10534	liquid
22.380	27.217	68.432	0.014613	0.038048	0.043576	1.9215	11.670	22.222	1058.9	-0.0091141	11.421	0.10534	liquid
22.380	27.220	68.432	0.014613	0.038047	0.043576	1.9215	11.670	22.222	1058.9	-0.0091141	11.421	0.10534	liquid
22.380	27.224	68.432	0.014613	0.038047	0.043577	1.9215	11.670	22.222	1058.9	-0.0091142	11.421	0.10534	liquid
22.380	27.227	68.432	0.014613	0.038047	0.043577	1.9214	11.670	22.222	1058.9	-0.0091142	11.421	0.10534	liquid
22.380	27.231	68.432	0.014613	0.038047	0.043578	1.9214	11.670	22.222	1058.9	-0.0091143	11.421	0.10534	liquid
22.380	27.234	68.432	0.014613	0.038046	0.043578	1.9214	11.670	22.222	1058.9	-0.0091143	11.421	0.10534	liquid
22.380	27.238	68.432	0.014613	0.038046	0.043578	1.9214	11.670	22.222	1058.9	-0.0091143	11.421	0.10534	liquid
22.380	27.241	68.432	0.014613	0.038046	0.043579	1.9214	11.670	22.222	1058.9	-0.0091144	11.421	0.10534	liquid
22.380	27.245	68.432	0.014613	0.038045	0.043579	1.9214	11.670	22.221	1058.9	-0.0091144	11.421	0.10534	liquid
22.380	27.248	68.432	0.014613	0.038045	0.043579	1.9214	11.670	22.221	1058.9	-0.0091145	11.421	0.10534	liquid
22.380	27.252	68.432	0.014613	0.038045	0.043580	1.9213	11.670	22.221	1058.9	-0.0091145	11.422	0.10534	liquid
22.380	27.255	68.432	0.014613	0.038044	0.043580	1.9213	11.670	22.221	1058.9	-0.0091146	11.422	0.10534	liquid
22.380	27.259	68.432	0.014613	0.038044	0.043581	1.9213	11.670	22.221	1058.9	-0.0091146	11.422	0.10534	liquid
22.380	27.262	68.432	0.014613	0.038044	0.043581	1.9213	11.670	22.221	1058.9	-0.0091146	11.422	0.10534	liquid
22.380	27.266	68.432	0.014613	0.038043	0.043581	1.9213	11.670	22.221	1058.9	-0.0091147	11.422	0.10534	liquid
22.380	27.269	68.432	0.014613	0.038043	0.043582	1.9213	11.670	22.221	1058.9	-0.0091147	11.422	0.10534	liquid
22.380	27.273	68.432	0.014613	0.038043	0.043582	1.9213	11.670	22.221	1058.9	-0.0091148	11.422	0.10534	liquid
22.380	27.276	68.432	0.014613	0.038042	0.043583	1.9212	11.670	22.221	1058.9	-0.0091148	11.422	0.10534	liquid
22.380	27.280	68.432	0.014613	0.038042	0.043583	1.9212	11.670	22.221	1058.9	-0.0091149	11.422	0.10534	liquid
22.380	27.283	68.432	0.014613	0.038042	0.043583	1.9212	11.670	22.221	1058.9	-0.0091149	11.422	0.10534	liquid
22.380	27.287	68.432	0.014613	0.038042	0.043584	1.9212	11.670	22.221	1058.9	-0.0091149	11.422	0.10534	liquid
22.380	27.290	68.432	0.014613	0.038041	0.043584	1.9212	11.670	22.221	1058.9	-0.0091150	11.422	0.10534	liquid
22.380	27.294	68.432	0.014613	0.038041	0.043585	1.9212	11.670	22.221	1058.9	-0.0091150	11.422	0.10534	liquid
22.380	27.297	68.432	0.014613	0.038041	0.043585	1.9212	11.670	22.221	1058.9	-0.0091151	11.422	0.10534	liquid
22.380	27.301	68.432	0.014613	0.038040	0.043585	1.9211	11.670	22.221	1058.9	-0.0091151	11.422	0.10534	liquid
22.380	27.304	68.433	0.014613	0.038040	0.043586	1.9211	11.670	22.221	1058.9	-0.0091151	11.422	0.10534	liquid
22.380	27.308	68.433	0.014613	0.038040	0.043586	1.9211	11.670	22.221	1058.9	-0.0091152	11.422	0.10534	liquid
22.380	27.311	68.433	0.014613	0.038039	0.043587	1.9211	11.670	22.221	1058.9	-0.0091152	11.422	0.10534	liquid
22.380	27.315	68.433	0.014613	0.038039	0.043587	1.9211	11.670	22.221	1058.9	-0.0091153	11.422	0.10534	liquid
22.380	27.318	68.433	0.014613	0.038039	0.043587	1.9211	11.670	22.221	1058.9	-0.0091153	11.422	0.10534	liquid
22.380	27.322	68.433	0.014613	0.038038	0.043588	1.9211	11.670	22.221	1058.9	-0.0091154	11.422	0.10534	liquid
22.380	27.325	68.433	0.014613	0.038038	0.043588	1.9210	11.670	22.221	1058.9	-0.0091154	11.422	0.10534	liquid
22.380	27.329	68.433	0.014613	0.038038	0.043589	1.9210	11.670	22.221	1058.9	-0.0091154	11.422	0.10534	liquid
22.380	27.332	68.433	0.014613	0.038037	0.043589	1.9210	11.670	22.221	1058.9	-0.0091155	11.422	0.10534	liquid
22.380	27.336	68.433	0.014613	0.038037	0.043589	1.9210	11.670	22.220	1058.9	-0.0091155	11.422	0.10534	liquid
22.380	27.339	68.433	0.014613	0.038037	0.043590	1.9210	11.670	22.220	1058.9	-0.0091156	11.422	0.10534	liquid
22.380	27.343	68.433	0.014613	0.038036	0.043590	1.9210	11.670	22.220	1058.9	-0.0091156	11.422	0.10534	liquid
22.380	27.346	68.433	0.014613	0.038036	0.043591	1.9210	11.670	22.220	1058.9	-0.0091157	11.422	0.10534	liquid
22.380	27.350	68.433	0.014613	0.038036	0.043591	1.9209	11.670	22.220	1058.9	-0.0091157	11.422	0.10534	liquid
22.380	27.353	68.433	0.014613	0.038036	0.043591	1.9209	11.670	22.220	1058.9	-0.0091157	11.422	0.10534	liquid
22.380	27.357	68.433	0.014613	0.038035	0.043592	1.9209	11.670	22.220	1058.9	-0.0091158	11.422	0.10534	liquid
22.380	27.360	68.433	0.014613	0.038035	0.043592	1.9209	11.670	22.220	1058.9	-0.0091158	11.422	0.10534	liquid
22.380	27.364	68.433	0.014613	0.038035	0.043592	1.9209	11.670	22.220	1058.9	-0.0091159	11.422	0.10534	liquid
22.380	27.367	68.433	0.014613	0.038034	0.043593	1.9209	11.670	22.220	1058.9	-0.0091159	11.422	0.10534	liquid
22.380	27.371	68.433	0.014613	0.038034	0.043593	1.9209	11.670	22.220	1058.9	-0.0091159	11.422	0.10535	liquid
22.380	27.374	68.433	0.014613	0.038034	0.043594	1.9208	11.670	22.220	1058.9	-0.0091160	11.422	0.10535	liquid
22.380	27.378	68.433	0.014613	0.038033	0.043594	1.9208	11.670	22.220	1058.9	-0.0091160	11.422	0.10535	liquid
22.380	27.381	68.433	0.014613	0.038033	0.043594	1.9208	11.670	22.220	1058.9	-0.0091161	11.422	0.10535	liquid
22.380	27.385	68.433	0.014613	0.038033	0.043595	1.9208	11.670	22.220	1058.9	-0.0091161	11.422	0.10535	liquid
22.380	27.388	68.434	0.014613	0.038032	0.043595	1.9208	11.670	22.220	1058.9	-0.0091162	11.422	0.10535	liquid
22.380	27.392	68.434	0.014613	0.038032	0.043596	1.9208	11.670	22.220	1058.9	-0.0091162	11.422	0.10535	liquid
22.380	27.395	68.434	0.014613	0.038032	0.043596	1.9208	11.670	22.220	1058.9	-0.0091162	11.422	0.10535	liquid
22.380	27.399	68.434	0.014613	0.038031	0.043596	1.9207	11.670	22.220	1058.9	-0.0091163	11.422	0.10535	liquid
22.380	27.402	68.434	0.014613	0.038031	0.043597	1.9207	11.670	22.220	1058.9	-0.0091163	11.422	0.10535	liquid
22.380	27.406	68.434	0.014613	0.038031	0.043597	1.9207	11.670	22.220	1058.9	-0.0091164	11.422	0.10535	liquid
22.380	27.409	68.434	0.014613	0.038031	0.043598	1.9207	11.670	22.220	1058.9	-0.0091164	11.423	0.10535	liquid
22.380	27.413	68.434	0.014613	0.038030	0.043598	1.9207	11.670	22.220	1059.0	-0.0091165	11.423	0.10535	liquid
22.380	27.416	68.434	0.014613	0.038030	0.043598	1.9207	11.670	22.220	1059.0	-0.0091165	11.423	0.10535	liquid
22.380	27.420	68.434	0.014613	0.038030	0.043599	1.9207	11.670	22.220	1059.0	-0.0091165	11.423	0.10535	liquid
22.380	27.423	68.434	0.014613	0.038029	0.043599	1.9206	11.670	22.219	1059.0	-0.0091166	11.423	0.10535	liquid
22.380	27.427	68.434	0.014613	0.038029	0.043600	1.9206	11.670	22.219	1059.0	-0.0091166	11.423	0.10535	liquid
22.380	27.430	68.434	0.014613	0.038029	0.043600	1.9206	11.670	22.219	1059.0	-0.0091167	11.423	0.10535	liquid
22.380	27.434	68.434	0.014613	0.038028	0.043600	1.9206	11.670	22.219	1059.0	-0.0091167	11.423	0.10535	liquid
22.380	27.437	68.434	0.014613	0.038028	0.043601	1.9206	11.670	22.219	1059.0	-0.0091167	11.423	0.10535	liquid
22.380	27.441	68.434	0.014613	0.038028	0.043601	1.9206	11.670	22.219	1059.0	-0.0091168	11.423	0.10535	liquid
22.380	27.444	68.434	0.014613	0.038027	0.043602	1.9206	11.670	22.219	1059.0	-0.0091168	11.423	0.10535	liquid
22.380	27.448	68.434	0.014613	0.038027	0.043602	1.9205	11.670	22.219	1059.0	-0.0091169	11.423	0.10535	liquid
22.380	27.451	68.434	0.014613	0.038027	0.043602	1.9205	11.670	22.219	1059.0	-0.0091169	11.423	0.10535	liquid
22.380	27.455	68.434	0.014613	0.038026	0.043603	1.9205	11.670	22.219	1059.0	-0.0091170	11.423	0.10535	liquid
22.380	27.458	68.434	0.014613	0.038026	0.043603	1.9205	11.670	22.219	1059.0	-0.0091170	11.423	0.10535	liquid
22.380	27.462	68.434	0.014613	0.038026	0.043604	1.9205	11.670	22.219	1059.0	-0.0091170	11.423	0.10535	liquid
22.380	27.465	68.434	0.014613	0.038026	0.043604	1.9205	11.670	22.219	1059.0	-0.0091171	11.423	0.10535	liquid
22.380	27.469	68.434	0.014613	0.038025	0.043604	1.9205	11.670	22.219	1059.0	-0.0091171	11.423	0.10535	liquid
22.380	27.472	68.434	0.014613	0.038025	0.043605	1.9204	11.670	22.219	1059.0	-0.0091172	11.423	0.10535	liquid
22.380	27.476	68.435	0.014613	0.038025	0.043605	1.9204	11.670	22.219	1059.0	-0.0091172	11.423	0.10535	liquid
22.380	27.479	68.435	0.014612	0.038024	0.043605	1.9204	11.670	22.219	1059.0	-0.0091173	11.423	0.10535	liquid
22.380	27.483	68.435	0.014612	0.038024	0.043606	1.9204	11.670	22.219	1059.0	-0.0091173	11.423	0.10535	liquid
22.380	27.486	68.435	0.014612	0.038024	0.043606	1.9204	11.670	22.219	1059.0	-0.0091173	11.423	0.10535	liquid
22.380	27.490	68.435	0.014612	0.038023	0.043607	1.9204	11.670	22.219	1059.0	-0.0091174	11.423	0.10535	liquid
22.380	27.493	68.435	0.014612	0.038023	0.043607	1.9204	11.670	22.219	1059.0	-0.0091174	11.423	0.10535	liquid
22.380	27.497	68.435	0.014612	0.038023	0.043607	1.9203	11.670	22.219	1059.0	-0.0091175	11.423	0.10535	liquid
22.380	27.500	68.435	0.014612	0.038022	0.043608	1.9203	11.670	22.219	1059.0	-0.0091175	11.423	0.10535	liquid
22.380	27.504	68.435	0.014612	0.038022	0.043608	1.9203	11.670	22.219	1059.0	-0.0091175	11.423	0.10535	liquid
22.380	27.507	68.435	0.014612	0.038022	0.043609	1.9203	11.670	22.219	1059.0	-0.0091176	11.423	0.10535	liquid
22.380	27.511	68.435	0.014612	0.038021	0.043609	1.9203	11.670	22.219	1059.0	-0.0091176	11.423	0.10535	liquid
22.380	27.514	68.435	0.014612	0.038021	0.043609	1.9203	11.670	22.218	1059.0	-0.0091177	11.423	0.10535	liquid
22.380	27.518	68.435	0.014612	0.038021	0.043610	1.9203	11.670	22.218	1059.0	-0.0091177	11.423	0.10535	liquid
22.380	27.521	68.435	0.014612	0.038020	0.043610	1.9203	11.670	22.218	1059.0	-0.0091178	11.423	0.10535	liquid
22.380	27.525	68.435	0.014612	0.038020	0.043611	1.9202	11.670	22.218	1059.0	-0.0091178	11.423	0.10535	liquid
22.380	27.528	68.435	0.014612	0.038020	0.043611	1.9202	11.670	22.218	1059.0	-0.0091178	11.423	0.10535	liquid
22.380	27.532	68.435	0.014612	0.038020	0.043611	1.9202	11.670	22.218	1059.0	-0.0091179	11.423	0.10535	liquid
22.380	27.535	68.435	0.014612	0.038019	0.043612	1.9202	11.670	22.218	1059.0	-0.0091179	11.423	0.10535	liquid
22.380	27.539	68.435	0.014612	0.038019	0.043612	1.9202	11.670	22.218	1059.0	-0.0091180	11.423	0.10535	liquid
22.380	27.542	68.435	0.014612	0.038019	0.043613	1.9202	11.670	22.218	1059.0	-0.0091180	11.423	0.10535	liquid
22.380	27.546	68.435	0.014612	0.038018	0.043613	1.9202	11.670	22.218	1059.0	-0.0091181	11.423	0.10535	liquid
22.380	27.549	68.435	0.014612	0.038018	0.043613	1.9201	11.670	22.218	1059.0	-0.0091181	11.423	0.10535	liquid
22.380	27.553	68.435	0.014612	0.038018	0.043614	1.9201	11.670	22.218	1059.0	-0.0091181	11.423	0.10535	liquid
22.380	27.556	68.435	0.014612	0.038017	0.043614	1.9201	11.670	22.218	1059.0	-0.0091182	11.423	0.10535	liquid
22.380	27.560	68.436	0.014612	0.038017	0.043615	1.9201	11.670	22.218	1059.0	-0.0091182	11.423	0.10535	liquid
22.380	27.563	68.436	0.014612	0.038017	0.043615	1.9201	11.670	22.218	1059.0	-0.0091183	11.423	0.10535	liquid
22.380	27.567	68.436	0.014612	0.038016	0.043615	1.9201	11.670	22.218	1059.0	-0.0091183	11.424	0.10535	liquid
22.380	27.570	68.436	0.014612	0.038016	0.043616	1.9201	11.670	22.218	1059.0	-0.0091183	11.424	0.10535	liquid
22.380	27.574	68.436	0.014612	0.038016	0.043616	1.9200	11.670	22.218	1059.0	-0.0091184	11.424	0.10535	liquid
22.380	27.577	68.436	0.014612	0.038015	0.043617	1.9200	11.670	22.218	1059.0	-0.0091184	11.424	0.10535	liquid
22.380	27.581	68.436	0.014612	0.038015	0.043617	1.9200	11.670	22.218	1059.0	-0.0091185	11.424	0.10535	liquid
22.380	27.584	68.436	0.014612	0.038015	0.043617	1.9200	11.670	22.218	1059.0	-0.0091185	11.424	0.10535	liquid
22.380	27.588	68.436	0.014612	0.038015	0.043618	1.9200	11.670	22.218	1059.0	-0.0091186	11.424	0.10535	liquid
22.380	27.591	68.436	0.014612	0.038014	0.043618	1.9200	11.670	22.218	1059.0	-0.0091186	11.424	0.10535	liquid
22.380	27.595	68.436	0.014612	0.038014	0.043618	1.9200	11.670	22.218	1059.0	-0.0091186	11.424	0.10535	liquid
22.380	27.598	68.436	0.014612	0.038014	0.043619	1.9199	11.670	22.218	1059.0	-0.0091187	11.424	0.10535	liquid
22.380	27.602	68.436	0.014612	0.038013	0.043619	1.9199	11.670	22.217	1059.0	-0.0091187	11.424	0.10535	liquid
22.380	27.605	68.436	0.014612	0.038013	0.043620	1.9199	11.670	22.217	1059.0	-0.0091188	11.424	0.10535	liquid
22.380	27.609	68.436	0.014612	0.038013	0.043620	1.9199	11.670	22.217	1059.0	-0.0091188	11.424	0.10535	liquid
22.380	27.612	68.436	0.014612	0.038012	0.043620	1.9199	11.670	22.217	1059.0	-0.0091189	11.424	0.10535	liquid
22.380	27.616	68.436	0.014612	0.038012	0.043621	1.9199	11.670	22.217	1059.0	-0.0091189	11.424	0.10535	liquid
22.380	27.619	68.436	0.014612	0.038012	0.043621	1.9199	11.670	22.217	1059.0	-0.0091189	11.424	0.10535	liquid
22.380	27.623	68.436	0.014612	0.038011	0.043622	1.9198	11.670	22.217	1059.0	-0.0091190	11.424	0.10535	liquid
22.380	27.626	68.436	0.014612	0.038011	0.043622	1.9198	11.670	22.217	1059.0	-0.0091190	11.424	0.10535	liquid
22.380	27.630	68.436	0.014612	0.038011	0.043622	1.9198	11.670	22.217	1059.0	-0.0091191	11.424	0.10535	liquid
22.380	27.633	68.436	0.014612	0.038010	0.043623	1.9198	11.670	22.217	1059.1	-0.0091191	11.424	0.10535	liquid
22.380	27.637	68.436	0.014612	0.038010	0.043623	1.9198	11.670	22.217	1059.1	-0.0091191	11.424	0.10535	liquid
22.380	27.640	68.436	0.014612	0.038010	0.043624	1.9198	11.670	22.217	1059.1	-0.0091192	11.424	0.10535	liquid
22.380	27.644	68.437	0.014612	0.038010	0.043624	1.9198	11.670	22.217	1059.1	-0.0091192	11.424	0.10535	liquid
22.380	27.647	68.437	0.014612	0.038009	0.043624	1.9197	11.670	22.217	1059.1	-0.0091193	11.424	0.10535	liquid
22.380	27.651	68.437	0.014612	0.038009	0.043625	1.9197	11.670	22.217	1059.1	-0.0091193	11.424	0.10535	liquid
22.380	27.654	68.437	0.014612	0.038009	0.043625	1.9197	11.670	22.217	1059.1	-0.0091194	11.424	0.10535	liquid
22.380	27.658	68.437	0.014612	0.038008	0.043626	1.9197	11.670	22.217	1059.1	-0.0091194	11.424	0.10535	liquid
22.380	27.661	68.437	0.014612	0.038008	0.043626	1.9197	11.670	22.217	1059.1	-0.0091194	11.424	0.10535	liquid
22.380	27.665	68.437	0.014612	0.038008	0.043626	1.9197	11.670	22.217	1059.1	-0.0091195	11.424	0.10535	liquid
22.380	27.668	68.437	0.014612	0.038007	0.043627	1.9197	11.670	22.217	1059.1	-0.0091195	11.424	0.10535	liquid
22.380	27.672	68.437	0.014612	0.038007	0.043627	1.9196	11.670	22.217	1059.1	-0.0091196	11.424	0.10535	liquid
22.380	27.675	68.437	0.014612	0.038007	0.043628	1.9196	11.670	22.217	1059.1	-0.0091196	11.424	0.10535	liquid
22.380	27.679	68.437	0.014612	0.038006	0.043628	1.9196	11.670	22.217	1059.1	-0.0091197	11.424	0.10535	liquid
22.380	27.682	68.437	0.014612	0.038006	0.043628	1.9196	11.670	22.217	1059.1	-0.0091197	11.424	0.10535	liquid
22.380	27.686	68.437	0.014612	0.038006	0.043629	1.9196	11.670	22.217	1059.1	-0.0091197	11.424	0.10535	liquid
22.380	27.689	68.437	0.014612	0.038005	0.043629	1.9196	11.670	22.217	1059.1	-0.0091198	11.424	0.10535	liquid
22.380	27.693	68.437	0.014612	0.038005	0.043630	1.9196	11.670	22.216	1059.1	-0.0091198	11.424	0.10535	liquid
22.380	27.696	68.437	0.014612	0.038005	0.043630	1.9195	11.670	22.216	1059.1	-0.0091199	11.424	0.10535	liquid
22.380	27.700	68.437	0.014612	0.038004	0.043630	1.9195	11.670	22.216	1059.1	-0.0091199	11.424	0.10535	liquid
