Temperature (K)	Pressure (psia)	Density (kg/m3)	Volume (m3/kg)	Internal Energy (kJ/mol)	Enthalpy (kJ/mol)	Entropy (J/mol*K)	Cv (J/mol*K)	Cp (J/mol*K)	Sound Spd. (m/s)	Joule-Thomson (F/psia)	Viscosity (uPa*s)	Therm. Cond. (W/m*K)	Phase
22.430	25.600	2.2071	0.45309	0.76261	0.92383	41.224	13.205	26.324	366.78	0.20271	1.2078	0.019417	vapor
22.430	25.604	2.2074	0.45301	0.76260	0.92382	41.222	13.205	26.325	366.77	0.20271	1.2078	0.019418	vapor
22.430	25.607	2.2078	0.45294	0.76260	0.92381	41.221	13.205	26.327	366.77	0.20272	1.2079	0.019418	vapor
22.430	25.610	2.2082	0.45287	0.76259	0.92380	41.219	13.205	26.328	366.76	0.20272	1.2079	0.019418	vapor
22.430	25.614	2.2085	0.45279	0.76258	0.92379	41.218	13.206	26.329	366.76	0.20272	1.2079	0.019418	vapor
22.430	25.617	2.2089	0.45272	0.76258	0.92378	41.217	13.206	26.331	366.75	0.20273	1.2079	0.019419	vapor
22.430	25.621	2.2092	0.45265	0.76257	0.92377	41.215	13.206	26.332	366.75	0.20273	1.2079	0.019419	vapor
22.430	25.624	2.2096	0.45257	0.76256	0.92376	41.214	13.206	26.333	366.74	0.20273	1.2079	0.019419	vapor
22.430	25.628	2.2099	0.45250	0.76256	0.92375	41.212	13.206	26.335	366.74	0.20274	1.2079	0.019419	vapor
22.430	25.631	2.2103	0.45243	0.76255	0.92374	41.211	13.207	26.336	366.74	0.20274	1.2079	0.019420	vapor
22.430	25.635	2.2107	0.45235	0.76255	0.92372	41.209	13.207	26.337	366.73	0.20274	1.2079	0.019420	vapor
22.430	25.638	2.2110	0.45228	0.76254	0.92371	41.208	13.207	26.339	366.73	0.20275	1.2079	0.019420	vapor
22.430	25.642	2.2114	0.45221	0.76253	0.92370	41.206	13.207	26.340	366.72	0.20275	1.2079	0.019420	vapor
22.430	25.645	2.2117	0.45213	0.76253	0.92369	41.205	13.207	26.341	366.72	0.20275	1.2079	0.019421	vapor
22.430	25.649	2.2121	0.45206	0.76252	0.92368	41.204	13.208	26.343	366.71	0.20276	1.2080	0.019421	vapor
22.430	25.652	2.2125	0.45199	0.76251	0.92367	41.202	13.208	26.344	366.71	0.20276	1.2080	0.019421	vapor
22.430	25.656	2.2128	0.45191	0.76251	0.92366	41.201	13.208	26.345	366.70	0.20276	1.2080	0.019421	vapor
22.430	25.659	2.2132	0.45184	0.76250	0.92365	41.199	13.208	26.347	366.70	0.20277	1.2080	0.019422	vapor
22.430	25.663	2.2135	0.45177	0.76250	0.92364	41.198	13.209	26.348	366.70	0.20277	1.2080	0.019422	vapor
22.430	25.666	2.2139	0.45169	0.76249	0.92363	41.196	13.209	26.349	366.69	0.20277	1.2080	0.019422	vapor
22.430	25.670	2.2142	0.45162	0.76248	0.92362	41.195	13.209	26.351	366.69	0.20278	1.2080	0.019422	vapor
22.430	25.673	2.2146	0.45155	0.76248	0.92361	41.193	13.209	26.352	366.68	0.20278	1.2080	0.019423	vapor
22.430	25.677	2.2150	0.45148	0.76247	0.92360	41.192	13.209	26.354	366.68	0.20278	1.2080	0.019423	vapor
22.430	25.680	2.2153	0.45140	0.76246	0.92359	41.191	13.210	26.355	366.67	0.20279	1.2080	0.019423	vapor
22.430	25.684	2.2157	0.45133	0.76246	0.92358	41.189	13.210	26.356	366.67	0.20279	1.2080	0.019423	vapor
22.430	25.687	2.2160	0.45126	0.76245	0.92357	41.188	13.210	26.358	366.66	0.20279	1.2080	0.019424	vapor
22.430	25.691	2.2164	0.45118	0.76245	0.92356	41.186	13.210	26.359	366.66	0.20280	1.2081	0.019424	vapor
22.430	25.694	2.2167	0.45111	0.76244	0.92355	41.185	13.210	26.360	366.66	0.20280	1.2081	0.019424	vapor
22.430	25.698	2.2171	0.45104	0.76243	0.92354	41.183	13.211	26.362	366.65	0.20280	1.2081	0.019424	vapor
22.430	25.701	2.2175	0.45097	0.76243	0.92353	41.182	13.211	26.363	366.65	0.20281	1.2081	0.019425	vapor
22.430	25.705	2.2178	0.45089	0.76242	0.92352	41.180	13.211	26.364	366.64	0.20281	1.2081	0.019425	vapor
22.430	25.708	2.2182	0.45082	0.76241	0.92351	41.179	13.211	26.366	366.64	0.20281	1.2081	0.019425	vapor
22.430	25.712	2.2185	0.45075	0.76241	0.92350	41.178	13.211	26.367	366.63	0.20282	1.2081	0.019425	vapor
22.430	25.715	2.2189	0.45067	0.76240	0.92349	41.176	13.212	26.368	366.63	0.20282	1.2081	0.019426	vapor
22.430	25.719	2.2193	0.45060	0.76239	0.92348	41.175	13.212	26.370	366.62	0.20282	1.2081	0.019426	vapor
22.430	25.722	2.2196	0.45053	0.76239	0.92346	41.173	13.212	26.371	366.62	0.20283	1.2081	0.019426	vapor
22.430	25.726	2.2200	0.45046	0.76238	0.92345	41.172	13.212	26.373	366.62	0.20283	1.2081	0.019426	vapor
22.430	25.729	2.2203	0.45038	0.76238	0.92344	41.170	13.212	26.374	366.61	0.20283	1.2081	0.019427	vapor
22.430	25.733	2.2207	0.45031	0.76237	0.92343	41.169	13.213	26.375	366.61	0.20284	1.2081	0.019427	vapor
22.430	25.736	2.2210	0.45024	0.76236	0.92342	41.168	13.213	26.377	366.60	0.20284	1.2082	0.019427	vapor
22.430	25.740	2.2214	0.45017	0.76236	0.92341	41.166	13.213	26.378	366.60	0.20284	1.2082	0.019427	vapor
22.430	25.743	2.2218	0.45009	0.76235	0.92340	41.165	13.213	26.379	366.59	0.20285	1.2082	0.019428	vapor
22.430	25.747	2.2221	0.45002	0.76234	0.92339	41.163	13.213	26.381	366.59	0.20285	1.2082	0.019428	vapor
22.430	25.750	2.2225	0.44995	0.76234	0.92338	41.162	13.214	26.382	366.58	0.20285	1.2082	0.019428	vapor
22.430	25.754	2.2228	0.44987	0.76233	0.92337	41.160	13.214	26.383	366.58	0.20286	1.2082	0.019428	vapor
22.430	25.757	2.2232	0.44980	0.76233	0.92336	41.159	13.214	26.385	366.58	0.20286	1.2082	0.019429	vapor
22.430	25.759	2.2234	0.44976	0.76232	0.92335	41.158	13.214	26.385	366.57	0.20286	1.2082	0.019429	vapor
22.430	25.759	68.346	0.014631	0.039287	0.044526	1.9771	11.676	22.313	1056.4	-0.0090202	11.368	0.10531	liquid
22.430	25.761	68.346	0.014631	0.039287	0.044526	1.9771	11.676	22.313	1056.4	-0.0090202	11.368	0.10531	liquid
22.430	25.764	68.346	0.014631	0.039287	0.044526	1.9771	11.676	22.313	1056.4	-0.0090202	11.368	0.10531	liquid
22.430	25.768	68.346	0.014631	0.039286	0.044527	1.9771	11.676	22.313	1056.4	-0.0090203	11.368	0.10531	liquid
22.430	25.771	68.346	0.014631	0.039286	0.044527	1.9771	11.676	22.313	1056.4	-0.0090203	11.368	0.10531	liquid
22.430	25.775	68.346	0.014631	0.039286	0.044528	1.9770	11.676	22.313	1056.4	-0.0090204	11.368	0.10531	liquid
22.430	25.778	68.346	0.014631	0.039285	0.044528	1.9770	11.676	22.313	1056.4	-0.0090204	11.368	0.10531	liquid
22.430	25.782	68.346	0.014631	0.039285	0.044528	1.9770	11.676	22.313	1056.4	-0.0090204	11.368	0.10531	liquid
22.430	25.785	68.346	0.014631	0.039285	0.044529	1.9770	11.676	22.313	1056.4	-0.0090205	11.368	0.10531	liquid
22.430	25.789	68.346	0.014631	0.039284	0.044529	1.9770	11.676	22.313	1056.4	-0.0090205	11.368	0.10531	liquid
22.430	25.792	68.346	0.014631	0.039284	0.044530	1.9770	11.676	22.313	1056.4	-0.0090206	11.368	0.10531	liquid
22.430	25.796	68.346	0.014631	0.039284	0.044530	1.9770	11.676	22.313	1056.4	-0.0090206	11.368	0.10531	liquid
22.430	25.799	68.346	0.014631	0.039284	0.044530	1.9769	11.676	22.313	1056.5	-0.0090207	11.368	0.10531	liquid
22.430	25.803	68.346	0.014631	0.039283	0.044531	1.9769	11.676	22.313	1056.5	-0.0090207	11.368	0.10531	liquid
22.430	25.806	68.347	0.014631	0.039283	0.044531	1.9769	11.676	22.313	1056.5	-0.0090207	11.368	0.10531	liquid
22.430	25.810	68.347	0.014631	0.039283	0.044531	1.9769	11.676	22.313	1056.5	-0.0090208	11.368	0.10531	liquid
22.430	25.813	68.347	0.014631	0.039282	0.044532	1.9769	11.676	22.313	1056.5	-0.0090208	11.368	0.10531	liquid
22.430	25.817	68.347	0.014631	0.039282	0.044532	1.9769	11.676	22.313	1056.5	-0.0090209	11.368	0.10531	liquid
22.430	25.820	68.347	0.014631	0.039282	0.044533	1.9769	11.676	22.313	1056.5	-0.0090209	11.368	0.10531	liquid
22.430	25.824	68.347	0.014631	0.039281	0.044533	1.9768	11.676	22.312	1056.5	-0.0090210	11.368	0.10531	liquid
22.430	25.827	68.347	0.014631	0.039281	0.044533	1.9768	11.676	22.312	1056.5	-0.0090210	11.368	0.10531	liquid
22.430	25.831	68.347	0.014631	0.039281	0.044534	1.9768	11.676	22.312	1056.5	-0.0090210	11.368	0.10531	liquid
22.430	25.834	68.347	0.014631	0.039280	0.044534	1.9768	11.676	22.312	1056.5	-0.0090211	11.368	0.10531	liquid
22.430	25.838	68.347	0.014631	0.039280	0.044535	1.9768	11.676	22.312	1056.5	-0.0090211	11.368	0.10531	liquid
22.430	25.841	68.347	0.014631	0.039280	0.044535	1.9768	11.676	22.312	1056.5	-0.0090212	11.368	0.10531	liquid
22.430	25.845	68.347	0.014631	0.039279	0.044535	1.9768	11.676	22.312	1056.5	-0.0090212	11.368	0.10531	liquid
22.430	25.848	68.347	0.014631	0.039279	0.044536	1.9767	11.676	22.312	1056.5	-0.0090213	11.368	0.10531	liquid
22.430	25.852	68.347	0.014631	0.039279	0.044536	1.9767	11.676	22.312	1056.5	-0.0090213	11.368	0.10531	liquid
22.430	25.855	68.347	0.014631	0.039278	0.044537	1.9767	11.676	22.312	1056.5	-0.0090213	11.368	0.10531	liquid
22.430	25.859	68.347	0.014631	0.039278	0.044537	1.9767	11.676	22.312	1056.5	-0.0090214	11.368	0.10531	liquid
22.430	25.862	68.347	0.014631	0.039278	0.044537	1.9767	11.676	22.312	1056.5	-0.0090214	11.368	0.10531	liquid
22.430	25.866	68.347	0.014631	0.039278	0.044538	1.9767	11.676	22.312	1056.5	-0.0090215	11.368	0.10531	liquid
22.430	25.869	68.347	0.014631	0.039277	0.044538	1.9767	11.676	22.312	1056.5	-0.0090215	11.368	0.10531	liquid
22.430	25.873	68.347	0.014631	0.039277	0.044539	1.9766	11.676	22.312	1056.5	-0.0090216	11.368	0.10531	liquid
22.430	25.876	68.347	0.014631	0.039277	0.044539	1.9766	11.676	22.312	1056.5	-0.0090216	11.369	0.10531	liquid
22.430	25.880	68.347	0.014631	0.039276	0.044539	1.9766	11.676	22.312	1056.5	-0.0090216	11.369	0.10531	liquid
22.430	25.883	68.347	0.014631	0.039276	0.044540	1.9766	11.676	22.312	1056.5	-0.0090217	11.369	0.10531	liquid
22.430	25.887	68.347	0.014631	0.039276	0.044540	1.9766	11.676	22.312	1056.5	-0.0090217	11.369	0.10531	liquid
22.430	25.890	68.348	0.014631	0.039275	0.044540	1.9766	11.676	22.312	1056.5	-0.0090218	11.369	0.10531	liquid
22.430	25.894	68.348	0.014631	0.039275	0.044541	1.9766	11.676	22.312	1056.5	-0.0090218	11.369	0.10531	liquid
22.430	25.897	68.348	0.014631	0.039275	0.044541	1.9765	11.676	22.312	1056.5	-0.0090219	11.369	0.10531	liquid
22.430	25.901	68.348	0.014631	0.039274	0.044542	1.9765	11.676	22.312	1056.5	-0.0090219	11.369	0.10531	liquid
22.430	25.904	68.348	0.014631	0.039274	0.044542	1.9765	11.676	22.312	1056.5	-0.0090219	11.369	0.10531	liquid
22.430	25.908	68.348	0.014631	0.039274	0.044542	1.9765	11.676	22.312	1056.5	-0.0090220	11.369	0.10531	liquid
22.430	25.911	68.348	0.014631	0.039273	0.044543	1.9765	11.676	22.311	1056.5	-0.0090220	11.369	0.10531	liquid
22.430	25.915	68.348	0.014631	0.039273	0.044543	1.9765	11.676	22.311	1056.5	-0.0090221	11.369	0.10531	liquid
22.430	25.918	68.348	0.014631	0.039273	0.044544	1.9765	11.676	22.311	1056.5	-0.0090221	11.369	0.10531	liquid
22.430	25.922	68.348	0.014631	0.039272	0.044544	1.9764	11.676	22.311	1056.5	-0.0090222	11.369	0.10531	liquid
22.430	25.925	68.348	0.014631	0.039272	0.044544	1.9764	11.676	22.311	1056.5	-0.0090222	11.369	0.10531	liquid
22.430	25.929	68.348	0.014631	0.039272	0.044545	1.9764	11.676	22.311	1056.5	-0.0090222	11.369	0.10531	liquid
22.430	25.932	68.348	0.014631	0.039271	0.044545	1.9764	11.676	22.311	1056.5	-0.0090223	11.369	0.10531	liquid
22.430	25.936	68.348	0.014631	0.039271	0.044546	1.9764	11.676	22.311	1056.5	-0.0090223	11.369	0.10531	liquid
22.430	25.939	68.348	0.014631	0.039271	0.044546	1.9764	11.676	22.311	1056.5	-0.0090224	11.369	0.10531	liquid
22.430	25.943	68.348	0.014631	0.039271	0.044546	1.9764	11.676	22.311	1056.5	-0.0090224	11.369	0.10531	liquid
22.430	25.946	68.348	0.014631	0.039270	0.044547	1.9763	11.676	22.311	1056.5	-0.0090225	11.369	0.10531	liquid
22.430	25.950	68.348	0.014631	0.039270	0.044547	1.9763	11.676	22.311	1056.5	-0.0090225	11.369	0.10531	liquid
22.430	25.953	68.348	0.014631	0.039270	0.044548	1.9763	11.676	22.311	1056.5	-0.0090225	11.369	0.10531	liquid
22.430	25.957	68.348	0.014631	0.039269	0.044548	1.9763	11.676	22.311	1056.5	-0.0090226	11.369	0.10531	liquid
22.430	25.960	68.348	0.014631	0.039269	0.044548	1.9763	11.676	22.311	1056.5	-0.0090226	11.369	0.10531	liquid
22.430	25.964	68.348	0.014631	0.039269	0.044549	1.9763	11.676	22.311	1056.5	-0.0090227	11.369	0.10532	liquid
22.430	25.967	68.348	0.014631	0.039268	0.044549	1.9763	11.676	22.311	1056.5	-0.0090227	11.369	0.10532	liquid
22.430	25.971	68.348	0.014631	0.039268	0.044549	1.9762	11.676	22.311	1056.5	-0.0090228	11.369	0.10532	liquid
22.430	25.974	68.349	0.014631	0.039268	0.044550	1.9762	11.676	22.311	1056.5	-0.0090228	11.369	0.10532	liquid
22.430	25.978	68.349	0.014631	0.039267	0.044550	1.9762	11.676	22.311	1056.5	-0.0090228	11.369	0.10532	liquid
22.430	25.981	68.349	0.014631	0.039267	0.044551	1.9762	11.676	22.311	1056.5	-0.0090229	11.369	0.10532	liquid
22.430	25.985	68.349	0.014631	0.039267	0.044551	1.9762	11.676	22.311	1056.5	-0.0090229	11.369	0.10532	liquid
22.430	25.988	68.349	0.014631	0.039266	0.044551	1.9762	11.676	22.311	1056.5	-0.0090230	11.369	0.10532	liquid
22.430	25.992	68.349	0.014631	0.039266	0.044552	1.9762	11.676	22.311	1056.5	-0.0090230	11.369	0.10532	liquid
22.430	25.995	68.349	0.014631	0.039266	0.044552	1.9761	11.676	22.311	1056.5	-0.0090231	11.369	0.10532	liquid
22.430	25.999	68.349	0.014631	0.039265	0.044553	1.9761	11.676	22.310	1056.5	-0.0090231	11.369	0.10532	liquid
22.430	26.002	68.349	0.014631	0.039265	0.044553	1.9761	11.676	22.310	1056.5	-0.0090231	11.369	0.10532	liquid
22.430	26.006	68.349	0.014631	0.039265	0.044553	1.9761	11.676	22.310	1056.5	-0.0090232	11.369	0.10532	liquid
22.430	26.009	68.349	0.014631	0.039264	0.044554	1.9761	11.676	22.310	1056.5	-0.0090232	11.369	0.10532	liquid
22.430	26.013	68.349	0.014631	0.039264	0.044554	1.9761	11.676	22.310	1056.5	-0.0090233	11.369	0.10532	liquid
22.430	26.016	68.349	0.014631	0.039264	0.044555	1.9761	11.676	22.310	1056.5	-0.0090233	11.369	0.10532	liquid
22.430	26.020	68.349	0.014631	0.039264	0.044555	1.9760	11.676	22.310	1056.6	-0.0090233	11.369	0.10532	liquid
22.430	26.023	68.349	0.014631	0.039263	0.044555	1.9760	11.676	22.310	1056.6	-0.0090234	11.369	0.10532	liquid
22.430	26.027	68.349	0.014631	0.039263	0.044556	1.9760	11.676	22.310	1056.6	-0.0090234	11.369	0.10532	liquid
22.430	26.030	68.349	0.014631	0.039263	0.044556	1.9760	11.676	22.310	1056.6	-0.0090235	11.369	0.10532	liquid
22.430	26.034	68.349	0.014631	0.039262	0.044557	1.9760	11.676	22.310	1056.6	-0.0090235	11.370	0.10532	liquid
22.430	26.037	68.349	0.014631	0.039262	0.044557	1.9760	11.676	22.310	1056.6	-0.0090236	11.370	0.10532	liquid
22.430	26.041	68.349	0.014631	0.039262	0.044557	1.9760	11.676	22.310	1056.6	-0.0090236	11.370	0.10532	liquid
22.430	26.044	68.349	0.014631	0.039261	0.044558	1.9759	11.676	22.310	1056.6	-0.0090236	11.370	0.10532	liquid
22.430	26.048	68.349	0.014631	0.039261	0.044558	1.9759	11.676	22.310	1056.6	-0.0090237	11.370	0.10532	liquid
22.430	26.051	68.349	0.014631	0.039261	0.044558	1.9759	11.676	22.310	1056.6	-0.0090237	11.370	0.10532	liquid
22.430	26.055	68.349	0.014631	0.039260	0.044559	1.9759	11.676	22.310	1056.6	-0.0090238	11.370	0.10532	liquid
22.430	26.058	68.350	0.014631	0.039260	0.044559	1.9759	11.676	22.310	1056.6	-0.0090238	11.370	0.10532	liquid
22.430	26.062	68.350	0.014631	0.039260	0.044560	1.9759	11.676	22.310	1056.6	-0.0090239	11.370	0.10532	liquid
22.430	26.065	68.350	0.014631	0.039259	0.044560	1.9759	11.676	22.310	1056.6	-0.0090239	11.370	0.10532	liquid
22.430	26.069	68.350	0.014631	0.039259	0.044560	1.9758	11.676	22.310	1056.6	-0.0090239	11.370	0.10532	liquid
22.430	26.072	68.350	0.014631	0.039259	0.044561	1.9758	11.676	22.310	1056.6	-0.0090240	11.370	0.10532	liquid
22.430	26.076	68.350	0.014631	0.039258	0.044561	1.9758	11.676	22.310	1056.6	-0.0090240	11.370	0.10532	liquid
22.430	26.079	68.350	0.014631	0.039258	0.044562	1.9758	11.676	22.310	1056.6	-0.0090241	11.370	0.10532	liquid
22.430	26.083	68.350	0.014631	0.039258	0.044562	1.9758	11.676	22.310	1056.6	-0.0090241	11.370	0.10532	liquid
22.430	26.086	68.350	0.014631	0.039258	0.044562	1.9758	11.676	22.309	1056.6	-0.0090242	11.370	0.10532	liquid
22.430	26.090	68.350	0.014631	0.039257	0.044563	1.9758	11.676	22.309	1056.6	-0.0090242	11.370	0.10532	liquid
22.430	26.093	68.350	0.014631	0.039257	0.044563	1.9757	11.676	22.309	1056.6	-0.0090242	11.370	0.10532	liquid
22.430	26.097	68.350	0.014631	0.039257	0.044564	1.9757	11.676	22.309	1056.6	-0.0090243	11.370	0.10532	liquid
22.430	26.100	68.350	0.014631	0.039256	0.044564	1.9757	11.676	22.309	1056.6	-0.0090243	11.370	0.10532	liquid
22.430	26.104	68.350	0.014631	0.039256	0.044564	1.9757	11.676	22.309	1056.6	-0.0090244	11.370	0.10532	liquid
22.430	26.107	68.350	0.014631	0.039256	0.044565	1.9757	11.676	22.309	1056.6	-0.0090244	11.370	0.10532	liquid
22.430	26.111	68.350	0.014631	0.039255	0.044565	1.9757	11.676	22.309	1056.6	-0.0090245	11.370	0.10532	liquid
22.430	26.114	68.350	0.014631	0.039255	0.044566	1.9757	11.676	22.309	1056.6	-0.0090245	11.370	0.10532	liquid
22.430	26.118	68.350	0.014631	0.039255	0.044566	1.9756	11.676	22.309	1056.6	-0.0090245	11.370	0.10532	liquid
22.430	26.121	68.350	0.014631	0.039254	0.044566	1.9756	11.676	22.309	1056.6	-0.0090246	11.370	0.10532	liquid
22.430	26.125	68.350	0.014631	0.039254	0.044567	1.9756	11.676	22.309	1056.6	-0.0090246	11.370	0.10532	liquid
22.430	26.128	68.350	0.014631	0.039254	0.044567	1.9756	11.676	22.309	1056.6	-0.0090247	11.370	0.10532	liquid
22.430	26.132	68.350	0.014630	0.039253	0.044567	1.9756	11.676	22.309	1056.6	-0.0090247	11.370	0.10532	liquid
22.430	26.135	68.350	0.014630	0.039253	0.044568	1.9756	11.676	22.309	1056.6	-0.0090248	11.370	0.10532	liquid
22.430	26.139	68.350	0.014630	0.039253	0.044568	1.9756	11.676	22.309	1056.6	-0.0090248	11.370	0.10532	liquid
22.430	26.142	68.350	0.014630	0.039252	0.044569	1.9755	11.676	22.309	1056.6	-0.0090248	11.370	0.10532	liquid
22.430	26.146	68.351	0.014630	0.039252	0.044569	1.9755	11.676	22.309	1056.6	-0.0090249	11.370	0.10532	liquid
22.430	26.149	68.351	0.014630	0.039252	0.044569	1.9755	11.676	22.309	1056.6	-0.0090249	11.370	0.10532	liquid
22.430	26.153	68.351	0.014630	0.039251	0.044570	1.9755	11.676	22.309	1056.6	-0.0090250	11.370	0.10532	liquid
22.430	26.156	68.351	0.014630	0.039251	0.044570	1.9755	11.676	22.309	1056.6	-0.0090250	11.370	0.10532	liquid
22.430	26.160	68.351	0.014630	0.039251	0.044571	1.9755	11.676	22.309	1056.6	-0.0090251	11.370	0.10532	liquid
22.430	26.163	68.351	0.014630	0.039251	0.044571	1.9755	11.676	22.309	1056.6	-0.0090251	11.370	0.10532	liquid
22.430	26.167	68.351	0.014630	0.039250	0.044571	1.9754	11.676	22.309	1056.6	-0.0090251	11.370	0.10532	liquid
22.430	26.170	68.351	0.014630	0.039250	0.044572	1.9754	11.676	22.309	1056.6	-0.0090252	11.370	0.10532	liquid
22.430	26.174	68.351	0.014630	0.039250	0.044572	1.9754	11.676	22.308	1056.6	-0.0090252	11.370	0.10532	liquid
22.430	26.177	68.351	0.014630	0.039249	0.044573	1.9754	11.676	22.308	1056.6	-0.0090253	11.370	0.10532	liquid
22.430	26.181	68.351	0.014630	0.039249	0.044573	1.9754	11.676	22.308	1056.6	-0.0090253	11.370	0.10532	liquid
22.430	26.184	68.351	0.014630	0.039249	0.044573	1.9754	11.676	22.308	1056.6	-0.0090254	11.370	0.10532	liquid
22.430	26.188	68.351	0.014630	0.039248	0.044574	1.9754	11.676	22.308	1056.6	-0.0090254	11.371	0.10532	liquid
22.430	26.191	68.351	0.014630	0.039248	0.044574	1.9753	11.676	22.308	1056.6	-0.0090254	11.371	0.10532	liquid
22.430	26.195	68.351	0.014630	0.039248	0.044575	1.9753	11.676	22.308	1056.6	-0.0090255	11.371	0.10532	liquid
22.430	26.198	68.351	0.014630	0.039247	0.044575	1.9753	11.676	22.308	1056.6	-0.0090255	11.371	0.10532	liquid
22.430	26.202	68.351	0.014630	0.039247	0.044575	1.9753	11.676	22.308	1056.6	-0.0090256	11.371	0.10532	liquid
22.430	26.205	68.351	0.014630	0.039247	0.044576	1.9753	11.676	22.308	1056.6	-0.0090256	11.371	0.10532	liquid
22.430	26.209	68.351	0.014630	0.039246	0.044576	1.9753	11.676	22.308	1056.6	-0.0090257	11.371	0.10532	liquid
22.430	26.212	68.351	0.014630	0.039246	0.044576	1.9753	11.676	22.308	1056.6	-0.0090257	11.371	0.10532	liquid
22.430	26.216	68.351	0.014630	0.039246	0.044577	1.9752	11.676	22.308	1056.6	-0.0090257	11.371	0.10532	liquid
22.430	26.219	68.351	0.014630	0.039245	0.044577	1.9752	11.676	22.308	1056.6	-0.0090258	11.371	0.10532	liquid
22.430	26.223	68.351	0.014630	0.039245	0.044578	1.9752	11.676	22.308	1056.6	-0.0090258	11.371	0.10532	liquid
22.430	26.226	68.351	0.014630	0.039245	0.044578	1.9752	11.676	22.308	1056.6	-0.0090259	11.371	0.10532	liquid
22.430	26.230	68.352	0.014630	0.039245	0.044578	1.9752	11.676	22.308	1056.6	-0.0090259	11.371	0.10532	liquid
22.430	26.233	68.352	0.014630	0.039244	0.044579	1.9752	11.676	22.308	1056.6	-0.0090260	11.371	0.10532	liquid
22.430	26.237	68.352	0.014630	0.039244	0.044579	1.9752	11.676	22.308	1056.6	-0.0090260	11.371	0.10532	liquid
22.430	26.240	68.352	0.014630	0.039244	0.044580	1.9751	11.676	22.308	1056.7	-0.0090260	11.371	0.10532	liquid
22.430	26.244	68.352	0.014630	0.039243	0.044580	1.9751	11.676	22.308	1056.7	-0.0090261	11.371	0.10532	liquid
22.430	26.247	68.352	0.014630	0.039243	0.044580	1.9751	11.676	22.308	1056.7	-0.0090261	11.371	0.10532	liquid
22.430	26.251	68.352	0.014630	0.039243	0.044581	1.9751	11.676	22.308	1056.7	-0.0090262	11.371	0.10532	liquid
22.430	26.254	68.352	0.014630	0.039242	0.044581	1.9751	11.676	22.308	1056.7	-0.0090262	11.371	0.10532	liquid
22.430	26.258	68.352	0.014630	0.039242	0.044582	1.9751	11.676	22.308	1056.7	-0.0090263	11.371	0.10532	liquid
22.430	26.261	68.352	0.014630	0.039242	0.044582	1.9751	11.676	22.307	1056.7	-0.0090263	11.371	0.10532	liquid
22.430	26.265	68.352	0.014630	0.039241	0.044582	1.9750	11.676	22.307	1056.7	-0.0090263	11.371	0.10532	liquid
22.430	26.268	68.352	0.014630	0.039241	0.044583	1.9750	11.676	22.307	1056.7	-0.0090264	11.371	0.10532	liquid
22.430	26.272	68.352	0.014630	0.039241	0.044583	1.9750	11.676	22.307	1056.7	-0.0090264	11.371	0.10532	liquid
22.430	26.275	68.352	0.014630	0.039240	0.044584	1.9750	11.676	22.307	1056.7	-0.0090265	11.371	0.10532	liquid
22.430	26.279	68.352	0.014630	0.039240	0.044584	1.9750	11.676	22.307	1056.7	-0.0090265	11.371	0.10532	liquid
22.430	26.282	68.352	0.014630	0.039240	0.044584	1.9750	11.676	22.307	1056.7	-0.0090266	11.371	0.10532	liquid
22.430	26.286	68.352	0.014630	0.039239	0.044585	1.9750	11.676	22.307	1056.7	-0.0090266	11.371	0.10532	liquid
22.430	26.289	68.352	0.014630	0.039239	0.044585	1.9749	11.676	22.307	1056.7	-0.0090266	11.371	0.10532	liquid
22.430	26.293	68.352	0.014630	0.039239	0.044585	1.9749	11.676	22.307	1056.7	-0.0090267	11.371	0.10532	liquid
22.430	26.296	68.352	0.014630	0.039239	0.044586	1.9749	11.676	22.307	1056.7	-0.0090267	11.371	0.10532	liquid
22.430	26.300	68.352	0.014630	0.039238	0.044586	1.9749	11.676	22.307	1056.7	-0.0090268	11.371	0.10532	liquid
22.430	26.303	68.352	0.014630	0.039238	0.044587	1.9749	11.676	22.307	1056.7	-0.0090268	11.371	0.10532	liquid
22.430	26.307	68.352	0.014630	0.039238	0.044587	1.9749	11.676	22.307	1056.7	-0.0090269	11.371	0.10532	liquid
22.430	26.310	68.352	0.014630	0.039237	0.044587	1.9749	11.676	22.307	1056.7	-0.0090269	11.371	0.10532	liquid
22.430	26.314	68.353	0.014630	0.039237	0.044588	1.9748	11.676	22.307	1056.7	-0.0090269	11.371	0.10532	liquid
22.430	26.317	68.353	0.014630	0.039237	0.044588	1.9748	11.676	22.307	1056.7	-0.0090270	11.371	0.10532	liquid
22.430	26.321	68.353	0.014630	0.039236	0.044589	1.9748	11.676	22.307	1056.7	-0.0090270	11.371	0.10532	liquid
22.430	26.324	68.353	0.014630	0.039236	0.044589	1.9748	11.676	22.307	1056.7	-0.0090271	11.371	0.10532	liquid
22.430	26.328	68.353	0.014630	0.039236	0.044589	1.9748	11.676	22.307	1056.7	-0.0090271	11.371	0.10532	liquid
22.430	26.331	68.353	0.014630	0.039235	0.044590	1.9748	11.676	22.307	1056.7	-0.0090272	11.371	0.10532	liquid
22.430	26.335	68.353	0.014630	0.039235	0.044590	1.9748	11.676	22.307	1056.7	-0.0090272	11.371	0.10532	liquid
22.430	26.338	68.353	0.014630	0.039235	0.044591	1.9747	11.676	22.307	1056.7	-0.0090272	11.371	0.10532	liquid
22.430	26.342	68.353	0.014630	0.039234	0.044591	1.9747	11.676	22.307	1056.7	-0.0090273	11.371	0.10532	liquid
22.430	26.345	68.353	0.014630	0.039234	0.044591	1.9747	11.676	22.307	1056.7	-0.0090273	11.372	0.10532	liquid
22.430	26.349	68.353	0.014630	0.039234	0.044592	1.9747	11.676	22.306	1056.7	-0.0090274	11.372	0.10532	liquid
22.430	26.352	68.353	0.014630	0.039233	0.044592	1.9747	11.676	22.306	1056.7	-0.0090274	11.372	0.10532	liquid
22.430	26.356	68.353	0.014630	0.039233	0.044593	1.9747	11.676	22.306	1056.7	-0.0090275	11.372	0.10532	liquid
22.430	26.359	68.353	0.014630	0.039233	0.044593	1.9747	11.676	22.306	1056.7	-0.0090275	11.372	0.10532	liquid
22.430	26.363	68.353	0.014630	0.039232	0.044593	1.9746	11.676	22.306	1056.7	-0.0090275	11.372	0.10532	liquid
22.430	26.366	68.353	0.014630	0.039232	0.044594	1.9746	11.676	22.306	1056.7	-0.0090276	11.372	0.10532	liquid
22.430	26.370	68.353	0.014630	0.039232	0.044594	1.9746	11.676	22.306	1056.7	-0.0090276	11.372	0.10532	liquid
22.430	26.373	68.353	0.014630	0.039232	0.044594	1.9746	11.676	22.306	1056.7	-0.0090277	11.372	0.10532	liquid
22.430	26.377	68.353	0.014630	0.039231	0.044595	1.9746	11.676	22.306	1056.7	-0.0090277	11.372	0.10532	liquid
22.430	26.380	68.353	0.014630	0.039231	0.044595	1.9746	11.676	22.306	1056.7	-0.0090278	11.372	0.10532	liquid
22.430	26.384	68.353	0.014630	0.039231	0.044596	1.9746	11.676	22.306	1056.7	-0.0090278	11.372	0.10532	liquid
22.430	26.387	68.353	0.014630	0.039230	0.044596	1.9745	11.676	22.306	1056.7	-0.0090278	11.372	0.10532	liquid
22.430	26.391	68.353	0.014630	0.039230	0.044596	1.9745	11.676	22.306	1056.7	-0.0090279	11.372	0.10532	liquid
22.430	26.394	68.353	0.014630	0.039230	0.044597	1.9745	11.676	22.306	1056.7	-0.0090279	11.372	0.10532	liquid
22.430	26.398	68.354	0.014630	0.039229	0.044597	1.9745	11.676	22.306	1056.7	-0.0090280	11.372	0.10532	liquid
22.430	26.401	68.354	0.014630	0.039229	0.044598	1.9745	11.676	22.306	1056.7	-0.0090280	11.372	0.10533	liquid
22.430	26.405	68.354	0.014630	0.039229	0.044598	1.9745	11.676	22.306	1056.7	-0.0090280	11.372	0.10533	liquid
22.430	26.408	68.354	0.014630	0.039228	0.044598	1.9745	11.676	22.306	1056.7	-0.0090281	11.372	0.10533	liquid
22.430	26.412	68.354	0.014630	0.039228	0.044599	1.9744	11.676	22.306	1056.7	-0.0090281	11.372	0.10533	liquid
22.430	26.415	68.354	0.014630	0.039228	0.044599	1.9744	11.676	22.306	1056.7	-0.0090282	11.372	0.10533	liquid
22.430	26.419	68.354	0.014630	0.039227	0.044600	1.9744	11.676	22.306	1056.7	-0.0090282	11.372	0.10533	liquid
22.430	26.422	68.354	0.014630	0.039227	0.044600	1.9744	11.676	22.306	1056.7	-0.0090283	11.372	0.10533	liquid
22.430	26.426	68.354	0.014630	0.039227	0.044600	1.9744	11.676	22.306	1056.7	-0.0090283	11.372	0.10533	liquid
22.430	26.429	68.354	0.014630	0.039226	0.044601	1.9744	11.676	22.306	1056.7	-0.0090283	11.372	0.10533	liquid
22.430	26.433	68.354	0.014630	0.039226	0.044601	1.9744	11.676	22.306	1056.7	-0.0090284	11.372	0.10533	liquid
22.430	26.436	68.354	0.014630	0.039226	0.044602	1.9743	11.676	22.305	1056.7	-0.0090284	11.372	0.10533	liquid
22.430	26.440	68.354	0.014630	0.039226	0.044602	1.9743	11.676	22.305	1056.7	-0.0090285	11.372	0.10533	liquid
22.430	26.443	68.354	0.014630	0.039225	0.044602	1.9743	11.676	22.305	1056.7	-0.0090285	11.372	0.10533	liquid
22.430	26.447	68.354	0.014630	0.039225	0.044603	1.9743	11.676	22.305	1056.7	-0.0090286	11.372	0.10533	liquid
22.430	26.450	68.354	0.014630	0.039225	0.044603	1.9743	11.676	22.305	1056.7	-0.0090286	11.372	0.10533	liquid
22.430	26.454	68.354	0.014630	0.039224	0.044604	1.9743	11.676	22.305	1056.7	-0.0090286	11.372	0.10533	liquid
22.430	26.457	68.354	0.014630	0.039224	0.044604	1.9743	11.676	22.305	1056.7	-0.0090287	11.372	0.10533	liquid
22.430	26.461	68.354	0.014630	0.039224	0.044604	1.9742	11.676	22.305	1056.8	-0.0090287	11.372	0.10533	liquid
22.430	26.464	68.354	0.014630	0.039223	0.044605	1.9742	11.676	22.305	1056.8	-0.0090288	11.372	0.10533	liquid
22.430	26.468	68.354	0.014630	0.039223	0.044605	1.9742	11.676	22.305	1056.8	-0.0090288	11.372	0.10533	liquid
22.430	26.471	68.354	0.014630	0.039223	0.044605	1.9742	11.676	22.305	1056.8	-0.0090289	11.372	0.10533	liquid
22.430	26.475	68.354	0.014630	0.039222	0.044606	1.9742	11.676	22.305	1056.8	-0.0090289	11.372	0.10533	liquid
22.430	26.478	68.354	0.014630	0.039222	0.044606	1.9742	11.676	22.305	1056.8	-0.0090289	11.372	0.10533	liquid
22.430	26.482	68.355	0.014630	0.039222	0.044607	1.9742	11.676	22.305	1056.8	-0.0090290	11.372	0.10533	liquid
22.430	26.485	68.355	0.014630	0.039221	0.044607	1.9741	11.676	22.305	1056.8	-0.0090290	11.372	0.10533	liquid
22.430	26.489	68.355	0.014630	0.039221	0.044607	1.9741	11.676	22.305	1056.8	-0.0090291	11.372	0.10533	liquid
22.430	26.492	68.355	0.014630	0.039221	0.044608	1.9741	11.676	22.305	1056.8	-0.0090291	11.372	0.10533	liquid
22.430	26.496	68.355	0.014630	0.039220	0.044608	1.9741	11.676	22.305	1056.8	-0.0090292	11.372	0.10533	liquid
22.430	26.499	68.355	0.014630	0.039220	0.044609	1.9741	11.676	22.305	1056.8	-0.0090292	11.372	0.10533	liquid
22.430	26.503	68.355	0.014630	0.039220	0.044609	1.9741	11.676	22.305	1056.8	-0.0090292	11.373	0.10533	liquid
22.430	26.506	68.355	0.014630	0.039219	0.044609	1.9741	11.676	22.305	1056.8	-0.0090293	11.373	0.10533	liquid
22.430	26.510	68.355	0.014630	0.039219	0.044610	1.9740	11.676	22.305	1056.8	-0.0090293	11.373	0.10533	liquid
22.430	26.513	68.355	0.014630	0.039219	0.044610	1.9740	11.676	22.305	1056.8	-0.0090294	11.373	0.10533	liquid
22.430	26.517	68.355	0.014630	0.039219	0.044611	1.9740	11.676	22.305	1056.8	-0.0090294	11.373	0.10533	liquid
22.430	26.520	68.355	0.014630	0.039218	0.044611	1.9740	11.676	22.305	1056.8	-0.0090295	11.373	0.10533	liquid
22.430	26.524	68.355	0.014630	0.039218	0.044611	1.9740	11.676	22.304	1056.8	-0.0090295	11.373	0.10533	liquid
22.430	26.527	68.355	0.014629	0.039218	0.044612	1.9740	11.676	22.304	1056.8	-0.0090295	11.373	0.10533	liquid
22.430	26.531	68.355	0.014629	0.039217	0.044612	1.9740	11.676	22.304	1056.8	-0.0090296	11.373	0.10533	liquid
22.430	26.534	68.355	0.014629	0.039217	0.044613	1.9739	11.676	22.304	1056.8	-0.0090296	11.373	0.10533	liquid
22.430	26.538	68.355	0.014629	0.039217	0.044613	1.9739	11.676	22.304	1056.8	-0.0090297	11.373	0.10533	liquid
22.430	26.541	68.355	0.014629	0.039216	0.044613	1.9739	11.676	22.304	1056.8	-0.0090297	11.373	0.10533	liquid
22.430	26.545	68.355	0.014629	0.039216	0.044614	1.9739	11.676	22.304	1056.8	-0.0090298	11.373	0.10533	liquid
22.430	26.548	68.355	0.014629	0.039216	0.044614	1.9739	11.676	22.304	1056.8	-0.0090298	11.373	0.10533	liquid
22.430	26.552	68.355	0.014629	0.039215	0.044614	1.9739	11.676	22.304	1056.8	-0.0090298	11.373	0.10533	liquid
22.430	26.555	68.355	0.014629	0.039215	0.044615	1.9739	11.676	22.304	1056.8	-0.0090299	11.373	0.10533	liquid
22.430	26.559	68.355	0.014629	0.039215	0.044615	1.9738	11.676	22.304	1056.8	-0.0090299	11.373	0.10533	liquid
22.430	26.562	68.355	0.014629	0.039214	0.044616	1.9738	11.676	22.304	1056.8	-0.0090300	11.373	0.10533	liquid
22.430	26.566	68.355	0.014629	0.039214	0.044616	1.9738	11.676	22.304	1056.8	-0.0090300	11.373	0.10533	liquid
22.430	26.569	68.356	0.014629	0.039214	0.044616	1.9738	11.676	22.304	1056.8	-0.0090301	11.373	0.10533	liquid
22.430	26.573	68.356	0.014629	0.039213	0.044617	1.9738	11.676	22.304	1056.8	-0.0090301	11.373	0.10533	liquid
22.430	26.576	68.356	0.014629	0.039213	0.044617	1.9738	11.676	22.304	1056.8	-0.0090301	11.373	0.10533	liquid
22.430	26.580	68.356	0.014629	0.039213	0.044618	1.9738	11.676	22.304	1056.8	-0.0090302	11.373	0.10533	liquid
22.430	26.583	68.356	0.014629	0.039213	0.044618	1.9737	11.676	22.304	1056.8	-0.0090302	11.373	0.10533	liquid
22.430	26.587	68.356	0.014629	0.039212	0.044618	1.9737	11.676	22.304	1056.8	-0.0090303	11.373	0.10533	liquid
22.430	26.590	68.356	0.014629	0.039212	0.044619	1.9737	11.676	22.304	1056.8	-0.0090303	11.373	0.10533	liquid
22.430	26.594	68.356	0.014629	0.039212	0.044619	1.9737	11.676	22.304	1056.8	-0.0090304	11.373	0.10533	liquid
22.430	26.597	68.356	0.014629	0.039211	0.044620	1.9737	11.676	22.304	1056.8	-0.0090304	11.373	0.10533	liquid
22.430	26.601	68.356	0.014629	0.039211	0.044620	1.9737	11.676	22.304	1056.8	-0.0090304	11.373	0.10533	liquid
22.430	26.604	68.356	0.014629	0.039211	0.044620	1.9737	11.676	22.304	1056.8	-0.0090305	11.373	0.10533	liquid
22.430	26.608	68.356	0.014629	0.039210	0.044621	1.9736	11.676	22.304	1056.8	-0.0090305	11.373	0.10533	liquid
22.430	26.611	68.356	0.014629	0.039210	0.044621	1.9736	11.676	22.303	1056.8	-0.0090306	11.373	0.10533	liquid
22.430	26.615	68.356	0.014629	0.039210	0.044622	1.9736	11.676	22.303	1056.8	-0.0090306	11.373	0.10533	liquid
22.430	26.618	68.356	0.014629	0.039209	0.044622	1.9736	11.676	22.303	1056.8	-0.0090307	11.373	0.10533	liquid
22.430	26.622	68.356	0.014629	0.039209	0.044622	1.9736	11.676	22.303	1056.8	-0.0090307	11.373	0.10533	liquid
22.430	26.625	68.356	0.014629	0.039209	0.044623	1.9736	11.676	22.303	1056.8	-0.0090307	11.373	0.10533	liquid
22.430	26.629	68.356	0.014629	0.039208	0.044623	1.9736	11.676	22.303	1056.8	-0.0090308	11.373	0.10533	liquid
22.430	26.632	68.356	0.014629	0.039208	0.044623	1.9735	11.676	22.303	1056.8	-0.0090308	11.373	0.10533	liquid
22.430	26.636	68.356	0.014629	0.039208	0.044624	1.9735	11.676	22.303	1056.8	-0.0090309	11.373	0.10533	liquid
22.430	26.639	68.356	0.014629	0.039207	0.044624	1.9735	11.676	22.303	1056.8	-0.0090309	11.373	0.10533	liquid
22.430	26.643	68.356	0.014629	0.039207	0.044625	1.9735	11.676	22.303	1056.8	-0.0090310	11.373	0.10533	liquid
22.430	26.646	68.356	0.014629	0.039207	0.044625	1.9735	11.676	22.303	1056.8	-0.0090310	11.373	0.10533	liquid
22.430	26.650	68.356	0.014629	0.039206	0.044625	1.9735	11.676	22.303	1056.8	-0.0090310	11.373	0.10533	liquid
22.430	26.653	68.357	0.014629	0.039206	0.044626	1.9735	11.676	22.303	1056.8	-0.0090311	11.373	0.10533	liquid
22.430	26.657	68.357	0.014629	0.039206	0.044626	1.9734	11.676	22.303	1056.8	-0.0090311	11.374	0.10533	liquid
22.430	26.660	68.357	0.014629	0.039206	0.044627	1.9734	11.676	22.303	1056.8	-0.0090312	11.374	0.10533	liquid
22.430	26.664	68.357	0.014629	0.039205	0.044627	1.9734	11.676	22.303	1056.8	-0.0090312	11.374	0.10533	liquid
22.430	26.667	68.357	0.014629	0.039205	0.044627	1.9734	11.676	22.303	1056.8	-0.0090313	11.374	0.10533	liquid
22.430	26.671	68.357	0.014629	0.039205	0.044628	1.9734	11.676	22.303	1056.8	-0.0090313	11.374	0.10533	liquid
22.430	26.674	68.357	0.014629	0.039204	0.044628	1.9734	11.676	22.303	1056.8	-0.0090313	11.374	0.10533	liquid
22.430	26.678	68.357	0.014629	0.039204	0.044629	1.9734	11.676	22.303	1056.8	-0.0090314	11.374	0.10533	liquid
22.430	26.681	68.357	0.014629	0.039204	0.044629	1.9733	11.676	22.303	1056.9	-0.0090314	11.374	0.10533	liquid
22.430	26.685	68.357	0.014629	0.039203	0.044629	1.9733	11.676	22.303	1056.9	-0.0090315	11.374	0.10533	liquid
22.430	26.688	68.357	0.014629	0.039203	0.044630	1.9733	11.676	22.303	1056.9	-0.0090315	11.374	0.10533	liquid
22.430	26.692	68.357	0.014629	0.039203	0.044630	1.9733	11.676	22.303	1056.9	-0.0090316	11.374	0.10533	liquid
22.430	26.695	68.357	0.014629	0.039202	0.044631	1.9733	11.676	22.303	1056.9	-0.0090316	11.374	0.10533	liquid
22.430	26.699	68.357	0.014629	0.039202	0.044631	1.9733	11.676	22.302	1056.9	-0.0090316	11.374	0.10533	liquid
22.430	26.702	68.357	0.014629	0.039202	0.044631	1.9733	11.676	22.302	1056.9	-0.0090317	11.374	0.10533	liquid
22.430	26.706	68.357	0.014629	0.039201	0.044632	1.9732	11.676	22.302	1056.9	-0.0090317	11.374	0.10533	liquid
22.430	26.709	68.357	0.014629	0.039201	0.044632	1.9732	11.676	22.302	1056.9	-0.0090318	11.374	0.10533	liquid
22.430	26.713	68.357	0.014629	0.039201	0.044632	1.9732	11.676	22.302	1056.9	-0.0090318	11.374	0.10533	liquid
22.430	26.716	68.357	0.014629	0.039200	0.044633	1.9732	11.676	22.302	1056.9	-0.0090318	11.374	0.10533	liquid
22.430	26.720	68.357	0.014629	0.039200	0.044633	1.9732	11.676	22.302	1056.9	-0.0090319	11.374	0.10533	liquid
22.430	26.723	68.357	0.014629	0.039200	0.044634	1.9732	11.676	22.302	1056.9	-0.0090319	11.374	0.10533	liquid
22.430	26.727	68.357	0.014629	0.039200	0.044634	1.9732	11.676	22.302	1056.9	-0.0090320	11.374	0.10533	liquid
22.430	26.730	68.357	0.014629	0.039199	0.044634	1.9731	11.676	22.302	1056.9	-0.0090320	11.374	0.10533	liquid
22.430	26.734	68.357	0.014629	0.039199	0.044635	1.9731	11.676	22.302	1056.9	-0.0090321	11.374	0.10533	liquid
22.430	26.737	68.358	0.014629	0.039199	0.044635	1.9731	11.676	22.302	1056.9	-0.0090321	11.374	0.10533	liquid
22.430	26.741	68.358	0.014629	0.039198	0.044636	1.9731	11.676	22.302	1056.9	-0.0090321	11.374	0.10533	liquid
22.430	26.744	68.358	0.014629	0.039198	0.044636	1.9731	11.676	22.302	1056.9	-0.0090322	11.374	0.10533	liquid
22.430	26.748	68.358	0.014629	0.039198	0.044636	1.9731	11.676	22.302	1056.9	-0.0090322	11.374	0.10533	liquid
22.430	26.751	68.358	0.014629	0.039197	0.044637	1.9731	11.676	22.302	1056.9	-0.0090323	11.374	0.10533	liquid
22.430	26.755	68.358	0.014629	0.039197	0.044637	1.9730	11.676	22.302	1056.9	-0.0090323	11.374	0.10533	liquid
22.430	26.758	68.358	0.014629	0.039197	0.044638	1.9730	11.676	22.302	1056.9	-0.0090324	11.374	0.10533	liquid
22.430	26.762	68.358	0.014629	0.039196	0.044638	1.9730	11.676	22.302	1056.9	-0.0090324	11.374	0.10533	liquid
22.430	26.765	68.358	0.014629	0.039196	0.044638	1.9730	11.676	22.302	1056.9	-0.0090324	11.374	0.10533	liquid
22.430	26.769	68.358	0.014629	0.039196	0.044639	1.9730	11.676	22.302	1056.9	-0.0090325	11.374	0.10533	liquid
22.430	26.772	68.358	0.014629	0.039195	0.044639	1.9730	11.676	22.302	1056.9	-0.0090325	11.374	0.10533	liquid
22.430	26.776	68.358	0.014629	0.039195	0.044640	1.9730	11.676	22.302	1056.9	-0.0090326	11.374	0.10533	liquid
22.430	26.779	68.358	0.014629	0.039195	0.044640	1.9729	11.676	22.302	1056.9	-0.0090326	11.374	0.10533	liquid
22.430	26.783	68.358	0.014629	0.039194	0.044640	1.9729	11.676	22.302	1056.9	-0.0090327	11.374	0.10533	liquid
22.430	26.786	68.358	0.014629	0.039194	0.044641	1.9729	11.676	22.301	1056.9	-0.0090327	11.374	0.10533	liquid
22.430	26.790	68.358	0.014629	0.039194	0.044641	1.9729	11.676	22.301	1056.9	-0.0090327	11.374	0.10533	liquid
22.430	26.793	68.358	0.014629	0.039194	0.044641	1.9729	11.676	22.301	1056.9	-0.0090328	11.374	0.10533	liquid
22.430	26.797	68.358	0.014629	0.039193	0.044642	1.9729	11.676	22.301	1056.9	-0.0090328	11.374	0.10533	liquid
22.430	26.800	68.358	0.014629	0.039193	0.044642	1.9729	11.676	22.301	1056.9	-0.0090329	11.374	0.10533	liquid
22.430	26.804	68.358	0.014629	0.039193	0.044643	1.9728	11.676	22.301	1056.9	-0.0090329	11.374	0.10533	liquid
22.430	26.807	68.358	0.014629	0.039192	0.044643	1.9728	11.676	22.301	1056.9	-0.0090330	11.374	0.10533	liquid
22.430	26.811	68.358	0.014629	0.039192	0.044643	1.9728	11.676	22.301	1056.9	-0.0090330	11.374	0.10533	liquid
22.430	26.814	68.358	0.014629	0.039192	0.044644	1.9728	11.676	22.301	1056.9	-0.0090330	11.375	0.10533	liquid
22.430	26.818	68.358	0.014629	0.039191	0.044644	1.9728	11.676	22.301	1056.9	-0.0090331	11.375	0.10533	liquid
22.430	26.821	68.359	0.014629	0.039191	0.044645	1.9728	11.676	22.301	1056.9	-0.0090331	11.375	0.10533	liquid
22.430	26.825	68.359	0.014629	0.039191	0.044645	1.9728	11.676	22.301	1056.9	-0.0090332	11.375	0.10533	liquid
22.430	26.828	68.359	0.014629	0.039190	0.044645	1.9727	11.676	22.301	1056.9	-0.0090332	11.375	0.10533	liquid
22.430	26.832	68.359	0.014629	0.039190	0.044646	1.9727	11.676	22.301	1056.9	-0.0090333	11.375	0.10533	liquid
22.430	26.835	68.359	0.014629	0.039190	0.044646	1.9727	11.676	22.301	1056.9	-0.0090333	11.375	0.10533	liquid
22.430	26.839	68.359	0.014629	0.039189	0.044647	1.9727	11.676	22.301	1056.9	-0.0090333	11.375	0.10533	liquid
22.430	26.842	68.359	0.014629	0.039189	0.044647	1.9727	11.676	22.301	1056.9	-0.0090334	11.375	0.10534	liquid
22.430	26.846	68.359	0.014629	0.039189	0.044647	1.9727	11.676	22.301	1056.9	-0.0090334	11.375	0.10534	liquid
22.430	26.849	68.359	0.014629	0.039188	0.044648	1.9727	11.676	22.301	1056.9	-0.0090335	11.375	0.10534	liquid
22.430	26.853	68.359	0.014629	0.039188	0.044648	1.9726	11.676	22.301	1056.9	-0.0090335	11.375	0.10534	liquid
22.430	26.856	68.359	0.014629	0.039188	0.044649	1.9726	11.676	22.301	1056.9	-0.0090336	11.375	0.10534	liquid
22.430	26.860	68.359	0.014629	0.039187	0.044649	1.9726	11.676	22.301	1056.9	-0.0090336	11.375	0.10534	liquid
22.430	26.863	68.359	0.014629	0.039187	0.044649	1.9726	11.676	22.301	1056.9	-0.0090336	11.375	0.10534	liquid
22.430	26.867	68.359	0.014629	0.039187	0.044650	1.9726	11.676	22.301	1056.9	-0.0090337	11.375	0.10534	liquid
22.430	26.870	68.359	0.014629	0.039187	0.044650	1.9726	11.676	22.301	1056.9	-0.0090337	11.375	0.10534	liquid
22.430	26.874	68.359	0.014629	0.039186	0.044651	1.9726	11.676	22.300	1056.9	-0.0090338	11.375	0.10534	liquid
22.430	26.877	68.359	0.014629	0.039186	0.044651	1.9725	11.676	22.300	1056.9	-0.0090338	11.375	0.10534	liquid
22.430	26.881	68.359	0.014629	0.039186	0.044651	1.9725	11.676	22.300	1056.9	-0.0090339	11.375	0.10534	liquid
22.430	26.884	68.359	0.014629	0.039185	0.044652	1.9725	11.676	22.300	1056.9	-0.0090339	11.375	0.10534	liquid
22.430	26.888	68.359	0.014629	0.039185	0.044652	1.9725	11.676	22.300	1056.9	-0.0090339	11.375	0.10534	liquid
22.430	26.891	68.359	0.014629	0.039185	0.044652	1.9725	11.676	22.300	1056.9	-0.0090340	11.375	0.10534	liquid
22.430	26.895	68.359	0.014629	0.039184	0.044653	1.9725	11.676	22.300	1056.9	-0.0090340	11.375	0.10534	liquid
22.430	26.898	68.359	0.014629	0.039184	0.044653	1.9725	11.676	22.300	1056.9	-0.0090341	11.375	0.10534	liquid
22.430	26.902	68.359	0.014629	0.039184	0.044654	1.9724	11.676	22.300	1057.0	-0.0090341	11.375	0.10534	liquid
22.430	26.905	68.359	0.014629	0.039183	0.044654	1.9724	11.676	22.300	1057.0	-0.0090342	11.375	0.10534	liquid
22.430	26.909	68.360	0.014629	0.039183	0.044654	1.9724	11.676	22.300	1057.0	-0.0090342	11.375	0.10534	liquid
22.430	26.912	68.360	0.014629	0.039183	0.044655	1.9724	11.676	22.300	1057.0	-0.0090342	11.375	0.10534	liquid
22.430	26.916	68.360	0.014629	0.039182	0.044655	1.9724	11.676	22.300	1057.0	-0.0090343	11.375	0.10534	liquid
22.430	26.919	68.360	0.014629	0.039182	0.044656	1.9724	11.676	22.300	1057.0	-0.0090343	11.375	0.10534	liquid
22.430	26.923	68.360	0.014629	0.039182	0.044656	1.9724	11.676	22.300	1057.0	-0.0090344	11.375	0.10534	liquid
22.430	26.926	68.360	0.014628	0.039181	0.044656	1.9723	11.676	22.300	1057.0	-0.0090344	11.375	0.10534	liquid
22.430	26.930	68.360	0.014628	0.039181	0.044657	1.9723	11.676	22.300	1057.0	-0.0090345	11.375	0.10534	liquid
22.430	26.933	68.360	0.014628	0.039181	0.044657	1.9723	11.676	22.300	1057.0	-0.0090345	11.375	0.10534	liquid
22.430	26.937	68.360	0.014628	0.039181	0.044658	1.9723	11.676	22.300	1057.0	-0.0090345	11.375	0.10534	liquid
22.430	26.940	68.360	0.014628	0.039180	0.044658	1.9723	11.676	22.300	1057.0	-0.0090346	11.375	0.10534	liquid
22.430	26.944	68.360	0.014628	0.039180	0.044658	1.9723	11.676	22.300	1057.0	-0.0090346	11.375	0.10534	liquid
22.430	26.947	68.360	0.014628	0.039180	0.044659	1.9723	11.676	22.300	1057.0	-0.0090347	11.375	0.10534	liquid
22.430	26.951	68.360	0.014628	0.039179	0.044659	1.9722	11.676	22.300	1057.0	-0.0090347	11.375	0.10534	liquid
22.430	26.954	68.360	0.014628	0.039179	0.044660	1.9722	11.676	22.300	1057.0	-0.0090347	11.375	0.10534	liquid
22.430	26.958	68.360	0.014628	0.039179	0.044660	1.9722	11.676	22.300	1057.0	-0.0090348	11.375	0.10534	liquid
22.430	26.961	68.360	0.014628	0.039178	0.044660	1.9722	11.676	22.299	1057.0	-0.0090348	11.375	0.10534	liquid
22.430	26.965	68.360	0.014628	0.039178	0.044661	1.9722	11.676	22.299	1057.0	-0.0090349	11.375	0.10534	liquid
22.430	26.968	68.360	0.014628	0.039178	0.044661	1.9722	11.676	22.299	1057.0	-0.0090349	11.376	0.10534	liquid
22.430	26.972	68.360	0.014628	0.039177	0.044661	1.9722	11.676	22.299	1057.0	-0.0090350	11.376	0.10534	liquid
22.430	26.975	68.360	0.014628	0.039177	0.044662	1.9721	11.676	22.299	1057.0	-0.0090350	11.376	0.10534	liquid
22.430	26.979	68.360	0.014628	0.039177	0.044662	1.9721	11.676	22.299	1057.0	-0.0090350	11.376	0.10534	liquid
22.430	26.982	68.360	0.014628	0.039176	0.044663	1.9721	11.676	22.299	1057.0	-0.0090351	11.376	0.10534	liquid
22.430	26.986	68.360	0.014628	0.039176	0.044663	1.9721	11.676	22.299	1057.0	-0.0090351	11.376	0.10534	liquid
22.430	26.989	68.360	0.014628	0.039176	0.044663	1.9721	11.676	22.299	1057.0	-0.0090352	11.376	0.10534	liquid
22.430	26.993	68.361	0.014628	0.039175	0.044664	1.9721	11.676	22.299	1057.0	-0.0090352	11.376	0.10534	liquid
22.430	26.996	68.361	0.014628	0.039175	0.044664	1.9721	11.676	22.299	1057.0	-0.0090353	11.376	0.10534	liquid
22.430	27.000	68.361	0.014628	0.039175	0.044665	1.9720	11.676	22.299	1057.0	-0.0090353	11.376	0.10534	liquid
22.430	27.003	68.361	0.014628	0.039175	0.044665	1.9720	11.676	22.299	1057.0	-0.0090353	11.376	0.10534	liquid
22.430	27.007	68.361	0.014628	0.039174	0.044665	1.9720	11.676	22.299	1057.0	-0.0090354	11.376	0.10534	liquid
22.430	27.010	68.361	0.014628	0.039174	0.044666	1.9720	11.676	22.299	1057.0	-0.0090354	11.376	0.10534	liquid
22.430	27.014	68.361	0.014628	0.039174	0.044666	1.9720	11.676	22.299	1057.0	-0.0090355	11.376	0.10534	liquid
22.430	27.017	68.361	0.014628	0.039173	0.044667	1.9720	11.676	22.299	1057.0	-0.0090355	11.376	0.10534	liquid
22.430	27.021	68.361	0.014628	0.039173	0.044667	1.9720	11.676	22.299	1057.0	-0.0090356	11.376	0.10534	liquid
22.430	27.024	68.361	0.014628	0.039173	0.044667	1.9719	11.676	22.299	1057.0	-0.0090356	11.376	0.10534	liquid
22.430	27.028	68.361	0.014628	0.039172	0.044668	1.9719	11.676	22.299	1057.0	-0.0090356	11.376	0.10534	liquid
22.430	27.031	68.361	0.014628	0.039172	0.044668	1.9719	11.676	22.299	1057.0	-0.0090357	11.376	0.10534	liquid
22.430	27.035	68.361	0.014628	0.039172	0.044669	1.9719	11.676	22.299	1057.0	-0.0090357	11.376	0.10534	liquid
22.430	27.038	68.361	0.014628	0.039171	0.044669	1.9719	11.676	22.299	1057.0	-0.0090358	11.376	0.10534	liquid
22.430	27.042	68.361	0.014628	0.039171	0.044669	1.9719	11.676	22.299	1057.0	-0.0090358	11.376	0.10534	liquid
22.430	27.045	68.361	0.014628	0.039171	0.044670	1.9719	11.676	22.299	1057.0	-0.0090359	11.376	0.10534	liquid
22.430	27.049	68.361	0.014628	0.039170	0.044670	1.9718	11.676	22.299	1057.0	-0.0090359	11.376	0.10534	liquid
22.430	27.052	68.361	0.014628	0.039170	0.044670	1.9718	11.676	22.298	1057.0	-0.0090359	11.376	0.10534	liquid
22.430	27.056	68.361	0.014628	0.039170	0.044671	1.9718	11.676	22.298	1057.0	-0.0090360	11.376	0.10534	liquid
22.430	27.059	68.361	0.014628	0.039169	0.044671	1.9718	11.676	22.298	1057.0	-0.0090360	11.376	0.10534	liquid
22.430	27.063	68.361	0.014628	0.039169	0.044672	1.9718	11.676	22.298	1057.0	-0.0090361	11.376	0.10534	liquid
22.430	27.066	68.361	0.014628	0.039169	0.044672	1.9718	11.676	22.298	1057.0	-0.0090361	11.376	0.10534	liquid
22.430	27.070	68.361	0.014628	0.039169	0.044672	1.9718	11.676	22.298	1057.0	-0.0090362	11.376	0.10534	liquid
22.430	27.073	68.361	0.014628	0.039168	0.044673	1.9717	11.676	22.298	1057.0	-0.0090362	11.376	0.10534	liquid
22.430	27.077	68.362	0.014628	0.039168	0.044673	1.9717	11.676	22.298	1057.0	-0.0090362	11.376	0.10534	liquid
22.430	27.080	68.362	0.014628	0.039168	0.044674	1.9717	11.676	22.298	1057.0	-0.0090363	11.376	0.10534	liquid
22.430	27.084	68.362	0.014628	0.039167	0.044674	1.9717	11.676	22.298	1057.0	-0.0090363	11.376	0.10534	liquid
22.430	27.087	68.362	0.014628	0.039167	0.044674	1.9717	11.676	22.298	1057.0	-0.0090364	11.376	0.10534	liquid
22.430	27.091	68.362	0.014628	0.039167	0.044675	1.9717	11.676	22.298	1057.0	-0.0090364	11.376	0.10534	liquid
22.430	27.094	68.362	0.014628	0.039166	0.044675	1.9717	11.676	22.298	1057.0	-0.0090365	11.376	0.10534	liquid
22.430	27.098	68.362	0.014628	0.039166	0.044676	1.9716	11.676	22.298	1057.0	-0.0090365	11.376	0.10534	liquid
22.430	27.101	68.362	0.014628	0.039166	0.044676	1.9716	11.676	22.298	1057.0	-0.0090365	11.376	0.10534	liquid
22.430	27.105	68.362	0.014628	0.039165	0.044676	1.9716	11.676	22.298	1057.0	-0.0090366	11.376	0.10534	liquid
22.430	27.108	68.362	0.014628	0.039165	0.044677	1.9716	11.676	22.298	1057.0	-0.0090366	11.376	0.10534	liquid
22.430	27.112	68.362	0.014628	0.039165	0.044677	1.9716	11.676	22.298	1057.0	-0.0090367	11.376	0.10534	liquid
22.430	27.115	68.362	0.014628	0.039164	0.044678	1.9716	11.676	22.298	1057.0	-0.0090367	11.376	0.10534	liquid
22.430	27.119	68.362	0.014628	0.039164	0.044678	1.9716	11.676	22.298	1057.0	-0.0090368	11.376	0.10534	liquid
22.430	27.122	68.362	0.014628	0.039164	0.044678	1.9715	11.676	22.298	1057.1	-0.0090368	11.376	0.10534	liquid
22.430	27.126	68.362	0.014628	0.039163	0.044679	1.9715	11.676	22.298	1057.1	-0.0090368	11.377	0.10534	liquid
22.430	27.129	68.362	0.014628	0.039163	0.044679	1.9715	11.676	22.298	1057.1	-0.0090369	11.377	0.10534	liquid
22.430	27.133	68.362	0.014628	0.039163	0.044679	1.9715	11.676	22.298	1057.1	-0.0090369	11.377	0.10534	liquid
22.430	27.136	68.362	0.014628	0.039162	0.044680	1.9715	11.676	22.298	1057.1	-0.0090370	11.377	0.10534	liquid
22.430	27.140	68.362	0.014628	0.039162	0.044680	1.9715	11.676	22.297	1057.1	-0.0090370	11.377	0.10534	liquid
22.430	27.143	68.362	0.014628	0.039162	0.044681	1.9715	11.676	22.297	1057.1	-0.0090371	11.377	0.10534	liquid
22.430	27.147	68.362	0.014628	0.039162	0.044681	1.9714	11.676	22.297	1057.1	-0.0090371	11.377	0.10534	liquid
22.430	27.150	68.362	0.014628	0.039161	0.044681	1.9714	11.676	22.297	1057.1	-0.0090371	11.377	0.10534	liquid
22.430	27.154	68.362	0.014628	0.039161	0.044682	1.9714	11.676	22.297	1057.1	-0.0090372	11.377	0.10534	liquid
22.430	27.157	68.362	0.014628	0.039161	0.044682	1.9714	11.676	22.297	1057.1	-0.0090372	11.377	0.10534	liquid
22.430	27.161	68.363	0.014628	0.039160	0.044683	1.9714	11.676	22.297	1057.1	-0.0090373	11.377	0.10534	liquid
22.430	27.164	68.363	0.014628	0.039160	0.044683	1.9714	11.676	22.297	1057.1	-0.0090373	11.377	0.10534	liquid
22.430	27.168	68.363	0.014628	0.039160	0.044683	1.9714	11.676	22.297	1057.1	-0.0090374	11.377	0.10534	liquid
22.430	27.171	68.363	0.014628	0.039159	0.044684	1.9713	11.676	22.297	1057.1	-0.0090374	11.377	0.10534	liquid
22.430	27.175	68.363	0.014628	0.039159	0.044684	1.9713	11.676	22.297	1057.1	-0.0090374	11.377	0.10534	liquid
22.430	27.178	68.363	0.014628	0.039159	0.044685	1.9713	11.676	22.297	1057.1	-0.0090375	11.377	0.10534	liquid
22.430	27.182	68.363	0.014628	0.039158	0.044685	1.9713	11.676	22.297	1057.1	-0.0090375	11.377	0.10534	liquid
22.430	27.185	68.363	0.014628	0.039158	0.044685	1.9713	11.676	22.297	1057.1	-0.0090376	11.377	0.10534	liquid
22.430	27.189	68.363	0.014628	0.039158	0.044686	1.9713	11.676	22.297	1057.1	-0.0090376	11.377	0.10534	liquid
22.430	27.192	68.363	0.014628	0.039157	0.044686	1.9713	11.676	22.297	1057.1	-0.0090376	11.377	0.10534	liquid
22.430	27.196	68.363	0.014628	0.039157	0.044687	1.9712	11.676	22.297	1057.1	-0.0090377	11.377	0.10534	liquid
22.430	27.199	68.363	0.014628	0.039157	0.044687	1.9712	11.676	22.297	1057.1	-0.0090377	11.377	0.10534	liquid
22.430	27.203	68.363	0.014628	0.039156	0.044687	1.9712	11.676	22.297	1057.1	-0.0090378	11.377	0.10534	liquid
22.430	27.206	68.363	0.014628	0.039156	0.044688	1.9712	11.676	22.297	1057.1	-0.0090378	11.377	0.10534	liquid
22.430	27.210	68.363	0.014628	0.039156	0.044688	1.9712	11.676	22.297	1057.1	-0.0090379	11.377	0.10534	liquid
22.430	27.213	68.363	0.014628	0.039156	0.044689	1.9712	11.676	22.297	1057.1	-0.0090379	11.377	0.10534	liquid
22.430	27.217	68.363	0.014628	0.039155	0.044689	1.9712	11.676	22.297	1057.1	-0.0090379	11.377	0.10534	liquid
22.430	27.220	68.363	0.014628	0.039155	0.044689	1.9711	11.676	22.297	1057.1	-0.0090380	11.377	0.10534	liquid
22.430	27.224	68.363	0.014628	0.039155	0.044690	1.9711	11.676	22.297	1057.1	-0.0090380	11.377	0.10534	liquid
22.430	27.227	68.363	0.014628	0.039154	0.044690	1.9711	11.676	22.296	1057.1	-0.0090381	11.377	0.10534	liquid
22.430	27.231	68.363	0.014628	0.039154	0.044690	1.9711	11.676	22.296	1057.1	-0.0090381	11.377	0.10534	liquid
22.430	27.234	68.363	0.014628	0.039154	0.044691	1.9711	11.676	22.296	1057.1	-0.0090382	11.377	0.10534	liquid
22.430	27.238	68.363	0.014628	0.039153	0.044691	1.9711	11.676	22.296	1057.1	-0.0090382	11.377	0.10534	liquid
22.430	27.241	68.363	0.014628	0.039153	0.044692	1.9711	11.676	22.296	1057.1	-0.0090382	11.377	0.10534	liquid
22.430	27.245	68.363	0.014628	0.039153	0.044692	1.9710	11.676	22.296	1057.1	-0.0090383	11.377	0.10534	liquid
22.430	27.248	68.364	0.014628	0.039152	0.044692	1.9710	11.676	22.296	1057.1	-0.0090383	11.377	0.10534	liquid
22.430	27.252	68.364	0.014628	0.039152	0.044693	1.9710	11.676	22.296	1057.1	-0.0090384	11.377	0.10534	liquid
22.430	27.255	68.364	0.014628	0.039152	0.044693	1.9710	11.676	22.296	1057.1	-0.0090384	11.377	0.10534	liquid
22.430	27.259	68.364	0.014628	0.039151	0.044694	1.9710	11.676	22.296	1057.1	-0.0090385	11.377	0.10534	liquid
22.430	27.262	68.364	0.014628	0.039151	0.044694	1.9710	11.676	22.296	1057.1	-0.0090385	11.377	0.10534	liquid
22.430	27.266	68.364	0.014628	0.039151	0.044694	1.9710	11.676	22.296	1057.1	-0.0090385	11.377	0.10534	liquid
22.430	27.269	68.364	0.014628	0.039150	0.044695	1.9709	11.676	22.296	1057.1	-0.0090386	11.377	0.10534	liquid
22.430	27.273	68.364	0.014628	0.039150	0.044695	1.9709	11.676	22.296	1057.1	-0.0090386	11.377	0.10534	liquid
22.430	27.276	68.364	0.014628	0.039150	0.044696	1.9709	11.676	22.296	1057.1	-0.0090387	11.377	0.10534	liquid
22.430	27.280	68.364	0.014628	0.039150	0.044696	1.9709	11.676	22.296	1057.1	-0.0090387	11.377	0.10534	liquid
22.430	27.283	68.364	0.014628	0.039149	0.044696	1.9709	11.676	22.296	1057.1	-0.0090388	11.378	0.10535	liquid
22.430	27.287	68.364	0.014628	0.039149	0.044697	1.9709	11.676	22.296	1057.1	-0.0090388	11.378	0.10535	liquid
22.430	27.290	68.364	0.014628	0.039149	0.044697	1.9709	11.676	22.296	1057.1	-0.0090388	11.378	0.10535	liquid
22.430	27.294	68.364	0.014628	0.039148	0.044698	1.9708	11.676	22.296	1057.1	-0.0090389	11.378	0.10535	liquid
22.430	27.297	68.364	0.014628	0.039148	0.044698	1.9708	11.676	22.296	1057.1	-0.0090389	11.378	0.10535	liquid
22.430	27.301	68.364	0.014628	0.039148	0.044698	1.9708	11.676	22.296	1057.1	-0.0090390	11.378	0.10535	liquid
22.430	27.304	68.364	0.014628	0.039147	0.044699	1.9708	11.676	22.296	1057.1	-0.0090390	11.378	0.10535	liquid
22.430	27.308	68.364	0.014628	0.039147	0.044699	1.9708	11.676	22.296	1057.1	-0.0090391	11.378	0.10535	liquid
22.430	27.311	68.364	0.014628	0.039147	0.044699	1.9708	11.676	22.296	1057.1	-0.0090391	11.378	0.10535	liquid
22.430	27.315	68.364	0.014628	0.039146	0.044700	1.9708	11.676	22.295	1057.1	-0.0090391	11.378	0.10535	liquid
22.430	27.318	68.364	0.014628	0.039146	0.044700	1.9707	11.676	22.295	1057.1	-0.0090392	11.378	0.10535	liquid
22.430	27.322	68.364	0.014627	0.039146	0.044701	1.9707	11.676	22.295	1057.1	-0.0090392	11.378	0.10535	liquid
22.430	27.325	68.364	0.014627	0.039145	0.044701	1.9707	11.676	22.295	1057.1	-0.0090393	11.378	0.10535	liquid
22.430	27.329	68.364	0.014627	0.039145	0.044701	1.9707	11.676	22.295	1057.1	-0.0090393	11.378	0.10535	liquid
22.430	27.332	68.365	0.014627	0.039145	0.044702	1.9707	11.676	22.295	1057.1	-0.0090394	11.378	0.10535	liquid
22.430	27.336	68.365	0.014627	0.039144	0.044702	1.9707	11.676	22.295	1057.1	-0.0090394	11.378	0.10535	liquid
22.430	27.339	68.365	0.014627	0.039144	0.044703	1.9707	11.676	22.295	1057.1	-0.0090394	11.378	0.10535	liquid
22.430	27.343	68.365	0.014627	0.039144	0.044703	1.9706	11.676	22.295	1057.2	-0.0090395	11.378	0.10535	liquid
22.430	27.346	68.365	0.014627	0.039144	0.044703	1.9706	11.676	22.295	1057.2	-0.0090395	11.378	0.10535	liquid
22.430	27.350	68.365	0.014627	0.039143	0.044704	1.9706	11.676	22.295	1057.2	-0.0090396	11.378	0.10535	liquid
22.430	27.353	68.365	0.014627	0.039143	0.044704	1.9706	11.676	22.295	1057.2	-0.0090396	11.378	0.10535	liquid
22.430	27.357	68.365	0.014627	0.039143	0.044705	1.9706	11.676	22.295	1057.2	-0.0090397	11.378	0.10535	liquid
22.430	27.360	68.365	0.014627	0.039142	0.044705	1.9706	11.676	22.295	1057.2	-0.0090397	11.378	0.10535	liquid
22.430	27.364	68.365	0.014627	0.039142	0.044705	1.9706	11.676	22.295	1057.2	-0.0090397	11.378	0.10535	liquid
22.430	27.367	68.365	0.014627	0.039142	0.044706	1.9705	11.676	22.295	1057.2	-0.0090398	11.378	0.10535	liquid
22.430	27.371	68.365	0.014627	0.039141	0.044706	1.9705	11.676	22.295	1057.2	-0.0090398	11.378	0.10535	liquid
22.430	27.374	68.365	0.014627	0.039141	0.044707	1.9705	11.676	22.295	1057.2	-0.0090399	11.378	0.10535	liquid
22.430	27.378	68.365	0.014627	0.039141	0.044707	1.9705	11.676	22.295	1057.2	-0.0090399	11.378	0.10535	liquid
22.430	27.381	68.365	0.014627	0.039140	0.044707	1.9705	11.676	22.295	1057.2	-0.0090399	11.378	0.10535	liquid
22.430	27.385	68.365	0.014627	0.039140	0.044708	1.9705	11.676	22.295	1057.2	-0.0090400	11.378	0.10535	liquid
22.430	27.388	68.365	0.014627	0.039140	0.044708	1.9705	11.676	22.295	1057.2	-0.0090400	11.378	0.10535	liquid
22.430	27.392	68.365	0.014627	0.039139	0.044708	1.9704	11.676	22.295	1057.2	-0.0090401	11.378	0.10535	liquid
22.430	27.395	68.365	0.014627	0.039139	0.044709	1.9704	11.676	22.295	1057.2	-0.0090401	11.378	0.10535	liquid
22.430	27.399	68.365	0.014627	0.039139	0.044709	1.9704	11.676	22.295	1057.2	-0.0090402	11.378	0.10535	liquid
22.430	27.402	68.365	0.014627	0.039138	0.044710	1.9704	11.676	22.294	1057.2	-0.0090402	11.378	0.10535	liquid
22.430	27.406	68.365	0.014627	0.039138	0.044710	1.9704	11.676	22.294	1057.2	-0.0090402	11.378	0.10535	liquid
22.430	27.409	68.365	0.014627	0.039138	0.044710	1.9704	11.676	22.294	1057.2	-0.0090403	11.378	0.10535	liquid
22.430	27.413	68.365	0.014627	0.039137	0.044711	1.9704	11.676	22.294	1057.2	-0.0090403	11.378	0.10535	liquid
22.430	27.416	68.366	0.014627	0.039137	0.044711	1.9703	11.676	22.294	1057.2	-0.0090404	11.378	0.10535	liquid
22.430	27.420	68.366	0.014627	0.039137	0.044712	1.9703	11.676	22.294	1057.2	-0.0090404	11.378	0.10535	liquid
22.430	27.423	68.366	0.014627	0.039137	0.044712	1.9703	11.676	22.294	1057.2	-0.0090405	11.378	0.10535	liquid
22.430	27.427	68.366	0.014627	0.039136	0.044712	1.9703	11.676	22.294	1057.2	-0.0090405	11.378	0.10535	liquid
22.430	27.430	68.366	0.014627	0.039136	0.044713	1.9703	11.676	22.294	1057.2	-0.0090405	11.378	0.10535	liquid
22.430	27.434	68.366	0.014627	0.039136	0.044713	1.9703	11.676	22.294	1057.2	-0.0090406	11.378	0.10535	liquid
22.430	27.437	68.366	0.014627	0.039135	0.044714	1.9703	11.676	22.294	1057.2	-0.0090406	11.379	0.10535	liquid
22.430	27.441	68.366	0.014627	0.039135	0.044714	1.9702	11.676	22.294	1057.2	-0.0090407	11.379	0.10535	liquid
22.430	27.444	68.366	0.014627	0.039135	0.044714	1.9702	11.676	22.294	1057.2	-0.0090407	11.379	0.10535	liquid
22.430	27.448	68.366	0.014627	0.039134	0.044715	1.9702	11.676	22.294	1057.2	-0.0090408	11.379	0.10535	liquid
22.430	27.451	68.366	0.014627	0.039134	0.044715	1.9702	11.676	22.294	1057.2	-0.0090408	11.379	0.10535	liquid
22.430	27.455	68.366	0.014627	0.039134	0.044716	1.9702	11.676	22.294	1057.2	-0.0090408	11.379	0.10535	liquid
22.430	27.458	68.366	0.014627	0.039133	0.044716	1.9702	11.676	22.294	1057.2	-0.0090409	11.379	0.10535	liquid
22.430	27.462	68.366	0.014627	0.039133	0.044716	1.9702	11.676	22.294	1057.2	-0.0090409	11.379	0.10535	liquid
22.430	27.465	68.366	0.014627	0.039133	0.044717	1.9701	11.676	22.294	1057.2	-0.0090410	11.379	0.10535	liquid
22.430	27.469	68.366	0.014627	0.039132	0.044717	1.9701	11.676	22.294	1057.2	-0.0090410	11.379	0.10535	liquid
22.430	27.472	68.366	0.014627	0.039132	0.044718	1.9701	11.676	22.294	1057.2	-0.0090411	11.379	0.10535	liquid
22.430	27.476	68.366	0.014627	0.039132	0.044718	1.9701	11.676	22.294	1057.2	-0.0090411	11.379	0.10535	liquid
22.430	27.479	68.366	0.014627	0.039131	0.044718	1.9701	11.676	22.294	1057.2	-0.0090411	11.379	0.10535	liquid
22.430	27.483	68.366	0.014627	0.039131	0.044719	1.9701	11.676	22.294	1057.2	-0.0090412	11.379	0.10535	liquid
22.430	27.486	68.366	0.014627	0.039131	0.044719	1.9701	11.676	22.294	1057.2	-0.0090412	11.379	0.10535	liquid
22.430	27.490	68.366	0.014627	0.039131	0.044719	1.9700	11.676	22.293	1057.2	-0.0090413	11.379	0.10535	liquid
22.430	27.493	68.366	0.014627	0.039130	0.044720	1.9700	11.676	22.293	1057.2	-0.0090413	11.379	0.10535	liquid
22.430	27.497	68.366	0.014627	0.039130	0.044720	1.9700	11.676	22.293	1057.2	-0.0090414	11.379	0.10535	liquid
22.430	27.500	68.367	0.014627	0.039130	0.044721	1.9700	11.676	22.293	1057.2	-0.0090414	11.379	0.10535	liquid
22.430	27.504	68.367	0.014627	0.039129	0.044721	1.9700	11.676	22.293	1057.2	-0.0090414	11.379	0.10535	liquid
22.430	27.507	68.367	0.014627	0.039129	0.044721	1.9700	11.676	22.293	1057.2	-0.0090415	11.379	0.10535	liquid
22.430	27.511	68.367	0.014627	0.039129	0.044722	1.9700	11.676	22.293	1057.2	-0.0090415	11.379	0.10535	liquid
22.430	27.514	68.367	0.014627	0.039128	0.044722	1.9699	11.676	22.293	1057.2	-0.0090416	11.379	0.10535	liquid
22.430	27.518	68.367	0.014627	0.039128	0.044723	1.9699	11.676	22.293	1057.2	-0.0090416	11.379	0.10535	liquid
22.430	27.521	68.367	0.014627	0.039128	0.044723	1.9699	11.676	22.293	1057.2	-0.0090417	11.379	0.10535	liquid
22.430	27.525	68.367	0.014627	0.039127	0.044723	1.9699	11.676	22.293	1057.2	-0.0090417	11.379	0.10535	liquid
22.430	27.528	68.367	0.014627	0.039127	0.044724	1.9699	11.676	22.293	1057.2	-0.0090417	11.379	0.10535	liquid
22.430	27.532	68.367	0.014627	0.039127	0.044724	1.9699	11.676	22.293	1057.2	-0.0090418	11.379	0.10535	liquid
22.430	27.535	68.367	0.014627	0.039126	0.044725	1.9699	11.676	22.293	1057.2	-0.0090418	11.379	0.10535	liquid
22.430	27.539	68.367	0.014627	0.039126	0.044725	1.9698	11.676	22.293	1057.2	-0.0090419	11.379	0.10535	liquid
22.430	27.542	68.367	0.014627	0.039126	0.044725	1.9698	11.676	22.293	1057.2	-0.0090419	11.379	0.10535	liquid
22.430	27.546	68.367	0.014627	0.039125	0.044726	1.9698	11.676	22.293	1057.2	-0.0090420	11.379	0.10535	liquid
22.430	27.549	68.367	0.014627	0.039125	0.044726	1.9698	11.676	22.293	1057.2	-0.0090420	11.379	0.10535	liquid
22.430	27.553	68.367	0.014627	0.039125	0.044727	1.9698	11.676	22.293	1057.2	-0.0090420	11.379	0.10535	liquid
22.430	27.556	68.367	0.014627	0.039125	0.044727	1.9698	11.676	22.293	1057.2	-0.0090421	11.379	0.10535	liquid
22.430	27.560	68.367	0.014627	0.039124	0.044727	1.9698	11.676	22.293	1057.2	-0.0090421	11.379	0.10535	liquid
22.430	27.563	68.367	0.014627	0.039124	0.044728	1.9697	11.676	22.293	1057.3	-0.0090422	11.379	0.10535	liquid
22.430	27.567	68.367	0.014627	0.039124	0.044728	1.9697	11.676	22.293	1057.3	-0.0090422	11.379	0.10535	liquid
22.430	27.570	68.367	0.014627	0.039123	0.044728	1.9697	11.676	22.293	1057.3	-0.0090422	11.379	0.10535	liquid
22.430	27.574	68.367	0.014627	0.039123	0.044729	1.9697	11.676	22.293	1057.3	-0.0090423	11.379	0.10535	liquid
22.430	27.577	68.367	0.014627	0.039123	0.044729	1.9697	11.676	22.292	1057.3	-0.0090423	11.379	0.10535	liquid
22.430	27.581	68.367	0.014627	0.039122	0.044730	1.9697	11.676	22.292	1057.3	-0.0090424	11.379	0.10535	liquid
22.430	27.584	68.367	0.014627	0.039122	0.044730	1.9697	11.676	22.292	1057.3	-0.0090424	11.379	0.10535	liquid
22.430	27.588	68.368	0.014627	0.039122	0.044730	1.9696	11.676	22.292	1057.3	-0.0090425	11.379	0.10535	liquid
22.430	27.591	68.368	0.014627	0.039121	0.044731	1.9696	11.676	22.292	1057.3	-0.0090425	11.379	0.10535	liquid
22.430	27.595	68.368	0.014627	0.039121	0.044731	1.9696	11.676	22.292	1057.3	-0.0090425	11.380	0.10535	liquid
22.430	27.598	68.368	0.014627	0.039121	0.044732	1.9696	11.676	22.292	1057.3	-0.0090426	11.380	0.10535	liquid
22.430	27.602	68.368	0.014627	0.039120	0.044732	1.9696	11.676	22.292	1057.3	-0.0090426	11.380	0.10535	liquid
22.430	27.605	68.368	0.014627	0.039120	0.044732	1.9696	11.676	22.292	1057.3	-0.0090427	11.380	0.10535	liquid
22.430	27.609	68.368	0.014627	0.039120	0.044733	1.9696	11.676	22.292	1057.3	-0.0090427	11.380	0.10535	liquid
22.430	27.612	68.368	0.014627	0.039119	0.044733	1.9695	11.676	22.292	1057.3	-0.0090428	11.380	0.10535	liquid
22.430	27.616	68.368	0.014627	0.039119	0.044734	1.9695	11.676	22.292	1057.3	-0.0090428	11.380	0.10535	liquid
22.430	27.619	68.368	0.014627	0.039119	0.044734	1.9695	11.676	22.292	1057.3	-0.0090428	11.380	0.10535	liquid
22.430	27.623	68.368	0.014627	0.039119	0.044734	1.9695	11.676	22.292	1057.3	-0.0090429	11.380	0.10535	liquid
22.430	27.626	68.368	0.014627	0.039118	0.044735	1.9695	11.676	22.292	1057.3	-0.0090429	11.380	0.10535	liquid
22.430	27.630	68.368	0.014627	0.039118	0.044735	1.9695	11.676	22.292	1057.3	-0.0090430	11.380	0.10535	liquid
22.430	27.633	68.368	0.014627	0.039118	0.044736	1.9695	11.676	22.292	1057.3	-0.0090430	11.380	0.10535	liquid
22.430	27.637	68.368	0.014627	0.039117	0.044736	1.9694	11.676	22.292	1057.3	-0.0090431	11.380	0.10535	liquid
22.430	27.640	68.368	0.014627	0.039117	0.044736	1.9694	11.676	22.292	1057.3	-0.0090431	11.380	0.10535	liquid
22.430	27.644	68.368	0.014627	0.039117	0.044737	1.9694	11.676	22.292	1057.3	-0.0090431	11.380	0.10535	liquid
22.430	27.647	68.368	0.014627	0.039116	0.044737	1.9694	11.676	22.292	1057.3	-0.0090432	11.380	0.10535	liquid
22.430	27.651	68.368	0.014627	0.039116	0.044737	1.9694	11.676	22.292	1057.3	-0.0090432	11.380	0.10535	liquid
22.430	27.654	68.368	0.014627	0.039116	0.044738	1.9694	11.676	22.292	1057.3	-0.0090433	11.380	0.10535	liquid
22.430	27.658	68.368	0.014627	0.039115	0.044738	1.9694	11.676	22.292	1057.3	-0.0090433	11.380	0.10535	liquid
22.430	27.661	68.368	0.014627	0.039115	0.044739	1.9693	11.676	22.292	1057.3	-0.0090434	11.380	0.10535	liquid
22.430	27.665	68.368	0.014627	0.039115	0.044739	1.9693	11.676	22.292	1057.3	-0.0090434	11.380	0.10535	liquid
22.430	27.668	68.368	0.014627	0.039114	0.044739	1.9693	11.676	22.291	1057.3	-0.0090434	11.380	0.10535	liquid
22.430	27.672	68.369	0.014627	0.039114	0.044740	1.9693	11.676	22.291	1057.3	-0.0090435	11.380	0.10535	liquid
22.430	27.675	68.369	0.014627	0.039114	0.044740	1.9693	11.676	22.291	1057.3	-0.0090435	11.380	0.10535	liquid
22.430	27.679	68.369	0.014627	0.039113	0.044741	1.9693	11.676	22.291	1057.3	-0.0090436	11.380	0.10535	liquid
22.430	27.682	68.369	0.014627	0.039113	0.044741	1.9693	11.676	22.291	1057.3	-0.0090436	11.380	0.10535	liquid
22.430	27.686	68.369	0.014627	0.039113	0.044741	1.9692	11.676	22.291	1057.3	-0.0090437	11.380	0.10535	liquid
22.430	27.689	68.369	0.014627	0.039113	0.044742	1.9692	11.676	22.291	1057.3	-0.0090437	11.380	0.10535	liquid
22.430	27.693	68.369	0.014627	0.039112	0.044742	1.9692	11.676	22.291	1057.3	-0.0090437	11.380	0.10535	liquid
22.430	27.696	68.369	0.014627	0.039112	0.044743	1.9692	11.676	22.291	1057.3	-0.0090438	11.380	0.10535	liquid
22.430	27.700	68.369	0.014627	0.039112	0.044743	1.9692	11.676	22.291	1057.3	-0.0090438	11.380	0.10535	liquid
