6009
6010
6011
6012
6013
6014
6015
6016
6017
6018
6019
6020
6021
6022
6023
6024
6025
6026
6027
6028
6029
6030
6031
6032
6033
6034
6035
6036
6038
6039
6040
6041
6042
6043
6044
6045
6046
6049
6050
6051
6052
6053
6054
6055
6056
6057
6058
6059
6060
6061
6062
6063
6064
6065
6066
6067
6068
6070
6071
6073
6080
6081
6082
6083
6084
6085
6086
6087
6088
6089
6090
6091
6093
6094
6095
6096
6097
6098
6099
6101
6102
6103
6104
6105
6106
6109
6110
6111
6112
6114
6115
6116
6117
6118
6119
6120
6121
6122
6123
6124
6125
6126
6127
6128
6129
6130
6132
6133
6135
6136
6137
6138
6139
6140
6141
6142
6144
6145
6146
6155
6163
6164
6166
6168
6169
6170
6171
6172
6174
6175
6177
6178
6179
6180
6181
6182
6183
6184
6185
6186
6187
6188
6189
6190
6192
6193
6194
6195
6196
6197
6198
6199
6200
6201
6202
6203
6204
6205
6208
6209
6210
6211
6212
6213
6214
6215
6216
6217
6219
6220
6221
6222
6223
6224
6225
6237
6240
6241
6242
6243
6244
6245
6246
6247
6248
6249
6250
6251
6252
6253
6254
6255
6256
6257
6258
6259
6260
6261
6262
6263
6264
6265
6266
6267
6270
6271
6272
6273
6274
6275
6276
6277
6281
6282
6284
6285
6286
6287
6288
6289
6290
6291
6292
6293
6294
6295
6296
6297
6298
6299
6300
6301
6302
6304
6305
6306
6307
6308
6309
6310
6311
6312
6313
6314
6315
6316
6317
6318
6322
6323
6324
6325
6326
6327
6328
6329
6331
6332
6334
6335
6336
6337
6338
6339
6340
6341
6342
6343
6344
6345
6346
6347
6348
6349
6350
6351
6352
6353
6354
6355
6356
6357
6358
6359
6360
6363
6364
6365
6367
6368
6370
6371
6372
6373
6374
6375
6376
6377
6378
6379
6380
6381
6382
6383
6385
6386
6387
6388
6389
6390
6391
6393
6394
6395
6396
6397
6398
6399
6400
6401
6402
6403
6404
6405
6406
6407
6408
6410
6411
6412
6413
6415
6416
6417
6419
6421
6422
6423
6425
6426
6427
6428
6429
6430
6431
6432
6433
6434
6435
6436
6439
6440
6441
6442
6443
6444
6445
6446
6447
6448
6449
6450
6451
6452
6453
6454
6455
6456
6459
6460
6461
6462
6463
6464
6465
6466
6467
6468
6469
6470
6471
6472
6473
6474
6475
6476
6477
6478
6479
6482
6483
6484
6485
6486
6487
6488
6489
6490
6491
6493
6494
6495
6496
6497
6498
6499
6500
6501
6502
6503
6504
6506
6507
6509
6510
6512
6513
6514
6515
6516
6517
6518
6519
6520
6521
6522
6523
6524
6525
6526
6527
6528
6529
6531
6532
6533
6534
6535
6536
6537
6538
6539
6541
6542
6543
6544
6545
6546
6547
6548
6549
6550
6551
6552
6553
6554
6556
6557
6558
6559
