7593
7594
7595
7596
7597
7599
7600
7601
7602
7603
7604
7605
7606
7607
7608
7609
7610
7611
7612
7613
7614
7615
7616
7617
7618
7619
7620
7621
7622
7623
7625
7626
7627
7628
7629
7630
7631
7632
7633
7634
7635
7636
7637
7638
7639
7640
7641
7642
7643
7644
7645
7646
7647
7648
7649
7650
7651
7652
7654
7655
7657
7658
7659
7660
7661
7662
7663
7666
7667
7668
7669
7670
7671
7672
7673
7674
7675
7676
7677
7678
7679
7680
7681
7682
7684
7685
7686
7687
7688
7689
7690
7692
7694
7695
7697
7698
7699
7702
7703
7706
7707
7708
7709
7710
7711
7712
7713
7714
7715
7716
7717
7718
7719
7720
7721
7722
7723
7724
7725
7726
7727
7728
7730
7733
7735
7736
7737
7738
7739
7740
7741
7742
7743
7747
7748
7749
7750
7751
7752
7753
7754
7755
7757
7758
7759
7760
7762
7763
7765
7766
7767
7768
7769
7770
7771
7772
7773
7774
7775
7776
7777
7778
7779
7781
7782
7783
7784
7785
7786
7787
7790
7791
7792
7793
7794
7796
7797
7798
7799
7800
7801
7802
7803
7804
7805
7806
7807
7808
7809
7811
7812
7813
7814
7815
7816
7817
7819
7820
7822
7823
7824
7826
7827
7828
7829
7830
