Temperature (K)	Pressure (psia)	Density (kg/m3)	Volume (m3/kg)	Internal Energy (kJ/mol)	Enthalpy (kJ/mol)	Entropy (J/mol*K)	Cv (J/mol*K)	Cp (J/mol*K)	Sound Spd. (m/s)	Joule-Thomson (F/psia)	Viscosity (uPa*s)	Therm. Cond. (W/m*K)	Phase
22.340	24.400	166.57	0.0060034	-0.031407	-0.027339	-1.2691	17.137	28.124	906.82	-0.0069503	undefined	undefined	liquid
22.340	24.405	166.57	0.0060034	-0.031408	-0.027338	-1.2691	17.137	28.124	906.82	-0.0069504	undefined	undefined	liquid
22.340	24.411	166.57	0.0060034	-0.031408	-0.027338	-1.2691	17.137	28.124	906.82	-0.0069504	undefined	undefined	liquid
22.340	24.416	166.57	0.0060034	-0.031408	-0.027337	-1.2691	17.137	28.124	906.82	-0.0069504	undefined	undefined	liquid
22.340	24.422	166.57	0.0060034	-0.031409	-0.027337	-1.2692	17.137	28.124	906.82	-0.0069504	undefined	undefined	liquid
22.340	24.427	166.57	0.0060034	-0.031409	-0.027336	-1.2692	17.137	28.124	906.82	-0.0069504	undefined	undefined	liquid
22.340	24.433	166.57	0.0060034	-0.031409	-0.027335	-1.2692	17.137	28.123	906.82	-0.0069504	undefined	undefined	liquid
22.340	24.438	166.57	0.0060034	-0.031410	-0.027335	-1.2692	17.137	28.123	906.82	-0.0069505	undefined	undefined	liquid
22.340	24.444	166.57	0.0060034	-0.031410	-0.027334	-1.2692	17.138	28.123	906.82	-0.0069505	undefined	undefined	liquid
22.340	24.449	166.57	0.0060034	-0.031410	-0.027334	-1.2692	17.138	28.123	906.82	-0.0069505	undefined	undefined	liquid
22.340	24.455	166.57	0.0060034	-0.031411	-0.027333	-1.2692	17.138	28.123	906.82	-0.0069505	undefined	undefined	liquid
22.340	24.460	166.57	0.0060034	-0.031411	-0.027332	-1.2693	17.138	28.123	906.82	-0.0069505	undefined	undefined	liquid
22.340	24.466	166.57	0.0060034	-0.031411	-0.027332	-1.2693	17.138	28.123	906.82	-0.0069505	undefined	undefined	liquid
22.340	24.471	166.57	0.0060034	-0.031411	-0.027331	-1.2693	17.138	28.123	906.83	-0.0069506	undefined	undefined	liquid
22.340	24.477	166.57	0.0060034	-0.031412	-0.027331	-1.2693	17.138	28.123	906.83	-0.0069506	undefined	undefined	liquid
22.340	24.482	166.57	0.0060033	-0.031412	-0.027330	-1.2693	17.138	28.123	906.83	-0.0069506	undefined	undefined	liquid
22.340	24.488	166.57	0.0060033	-0.031412	-0.027329	-1.2693	17.138	28.123	906.83	-0.0069506	undefined	undefined	liquid
22.340	24.493	166.57	0.0060033	-0.031413	-0.027329	-1.2693	17.138	28.123	906.83	-0.0069506	undefined	undefined	liquid
22.340	24.499	166.57	0.0060033	-0.031413	-0.027328	-1.2694	17.138	28.123	906.83	-0.0069507	undefined	undefined	liquid
22.340	24.504	166.57	0.0060033	-0.031413	-0.027328	-1.2694	17.138	28.123	906.83	-0.0069507	undefined	undefined	liquid
22.340	24.510	166.57	0.0060033	-0.031414	-0.027327	-1.2694	17.138	28.123	906.83	-0.0069507	undefined	undefined	liquid
22.340	24.515	166.57	0.0060033	-0.031414	-0.027326	-1.2694	17.138	28.123	906.83	-0.0069507	undefined	undefined	liquid
22.340	24.521	166.57	0.0060033	-0.031414	-0.027326	-1.2694	17.138	28.123	906.83	-0.0069507	undefined	undefined	liquid
22.340	24.526	166.57	0.0060033	-0.031415	-0.027325	-1.2694	17.138	28.123	906.83	-0.0069507	undefined	undefined	liquid
22.340	24.532	166.57	0.0060033	-0.031415	-0.027325	-1.2694	17.138	28.123	906.83	-0.0069508	undefined	undefined	liquid
22.340	24.537	166.57	0.0060033	-0.031415	-0.027324	-1.2695	17.138	28.123	906.83	-0.0069508	undefined	undefined	liquid
22.340	24.543	166.57	0.0060033	-0.031416	-0.027323	-1.2695	17.138	28.123	906.83	-0.0069508	undefined	undefined	liquid
22.340	24.548	166.57	0.0060033	-0.031416	-0.027323	-1.2695	17.138	28.123	906.83	-0.0069508	undefined	undefined	liquid
22.340	24.554	166.57	0.0060033	-0.031416	-0.027322	-1.2695	17.138	28.123	906.84	-0.0069508	undefined	undefined	liquid
22.340	24.559	166.57	0.0060033	-0.031417	-0.027322	-1.2695	17.138	28.123	906.84	-0.0069508	undefined	undefined	liquid
22.340	24.565	166.57	0.0060033	-0.031417	-0.027321	-1.2695	17.138	28.123	906.84	-0.0069509	undefined	undefined	liquid
22.340	24.570	166.57	0.0060033	-0.031417	-0.027320	-1.2695	17.138	28.123	906.84	-0.0069509	undefined	undefined	liquid
22.340	24.576	166.58	0.0060033	-0.031417	-0.027320	-1.2696	17.138	28.123	906.84	-0.0069509	undefined	undefined	liquid
22.340	24.581	166.58	0.0060033	-0.031418	-0.027319	-1.2696	17.138	28.123	906.84	-0.0069509	undefined	undefined	liquid
22.340	24.587	166.58	0.0060033	-0.031418	-0.027319	-1.2696	17.138	28.123	906.84	-0.0069509	undefined	undefined	liquid
22.340	24.592	166.58	0.0060033	-0.031418	-0.027318	-1.2696	17.138	28.123	906.84	-0.0069509	undefined	undefined	liquid
22.340	24.598	166.58	0.0060033	-0.031419	-0.027317	-1.2696	17.138	28.123	906.84	-0.0069510	undefined	undefined	liquid
22.340	24.603	166.58	0.0060033	-0.031419	-0.027317	-1.2696	17.138	28.123	906.84	-0.0069510	undefined	undefined	liquid
22.340	24.609	166.58	0.0060033	-0.031419	-0.027316	-1.2696	17.138	28.123	906.84	-0.0069510	undefined	undefined	liquid
22.340	24.614	166.58	0.0060033	-0.031420	-0.027316	-1.2697	17.138	28.122	906.84	-0.0069510	undefined	undefined	liquid
22.340	24.620	166.58	0.0060033	-0.031420	-0.027315	-1.2697	17.138	28.122	906.84	-0.0069510	undefined	undefined	liquid
22.340	24.625	166.58	0.0060033	-0.031420	-0.027315	-1.2697	17.138	28.122	906.84	-0.0069510	undefined	undefined	liquid
22.340	24.631	166.58	0.0060033	-0.031421	-0.027314	-1.2697	17.138	28.122	906.84	-0.0069511	undefined	undefined	liquid
22.340	24.636	166.58	0.0060033	-0.031421	-0.027313	-1.2697	17.138	28.122	906.84	-0.0069511	undefined	undefined	liquid
22.340	24.642	166.58	0.0060033	-0.031421	-0.027313	-1.2697	17.138	28.122	906.85	-0.0069511	undefined	undefined	liquid
22.340	24.647	166.58	0.0060033	-0.031422	-0.027312	-1.2697	17.138	28.122	906.85	-0.0069511	undefined	undefined	liquid
22.340	24.653	166.58	0.0060033	-0.031422	-0.027312	-1.2698	17.138	28.122	906.85	-0.0069511	undefined	undefined	liquid
22.340	24.658	166.58	0.0060033	-0.031422	-0.027311	-1.2698	17.138	28.122	906.85	-0.0069511	undefined	undefined	liquid
22.340	24.664	166.58	0.0060033	-0.031423	-0.027310	-1.2698	17.138	28.122	906.85	-0.0069512	undefined	undefined	liquid
22.340	24.669	166.58	0.0060033	-0.031423	-0.027310	-1.2698	17.138	28.122	906.85	-0.0069512	undefined	undefined	liquid
22.340	24.675	166.58	0.0060033	-0.031423	-0.027309	-1.2698	17.138	28.122	906.85	-0.0069512	undefined	undefined	liquid
22.340	24.680	166.58	0.0060032	-0.031424	-0.027309	-1.2698	17.138	28.122	906.85	-0.0069512	undefined	undefined	liquid
22.340	24.686	166.58	0.0060032	-0.031424	-0.027308	-1.2698	17.138	28.122	906.85	-0.0069512	undefined	undefined	liquid
22.340	24.691	166.58	0.0060032	-0.031424	-0.027307	-1.2699	17.138	28.122	906.85	-0.0069512	undefined	undefined	liquid
22.340	24.697	166.58	0.0060032	-0.031424	-0.027307	-1.2699	17.138	28.122	906.85	-0.0069513	undefined	undefined	liquid
22.340	24.702	166.58	0.0060032	-0.031425	-0.027306	-1.2699	17.138	28.122	906.85	-0.0069513	undefined	undefined	liquid
22.340	24.708	166.58	0.0060032	-0.031425	-0.027306	-1.2699	17.138	28.122	906.85	-0.0069513	undefined	undefined	liquid
22.340	24.713	166.58	0.0060032	-0.031425	-0.027305	-1.2699	17.138	28.122	906.85	-0.0069513	undefined	undefined	liquid
22.340	24.719	166.58	0.0060032	-0.031426	-0.027304	-1.2699	17.138	28.122	906.85	-0.0069513	undefined	undefined	liquid
22.340	24.724	166.58	0.0060032	-0.031426	-0.027304	-1.2699	17.138	28.122	906.86	-0.0069513	undefined	undefined	liquid
22.340	24.730	166.58	0.0060032	-0.031426	-0.027303	-1.2700	17.138	28.122	906.86	-0.0069514	undefined	undefined	liquid
22.340	24.735	166.58	0.0060032	-0.031427	-0.027303	-1.2700	17.138	28.122	906.86	-0.0069514	undefined	undefined	liquid
22.340	24.741	166.58	0.0060032	-0.031427	-0.027302	-1.2700	17.138	28.122	906.86	-0.0069514	undefined	undefined	liquid
22.340	24.746	166.58	0.0060032	-0.031427	-0.027301	-1.2700	17.138	28.122	906.86	-0.0069514	undefined	undefined	liquid
22.340	24.752	166.58	0.0060032	-0.031428	-0.027301	-1.2700	17.138	28.122	906.86	-0.0069514	undefined	undefined	liquid
22.340	24.757	166.58	0.0060032	-0.031428	-0.027300	-1.2700	17.138	28.122	906.86	-0.0069514	undefined	undefined	liquid
22.340	24.763	166.58	0.0060032	-0.031428	-0.027300	-1.2700	17.138	28.122	906.86	-0.0069515	undefined	undefined	liquid
22.340	24.768	166.58	0.0060032	-0.031429	-0.027299	-1.2701	17.138	28.122	906.86	-0.0069515	undefined	undefined	liquid
22.340	24.774	166.58	0.0060032	-0.031429	-0.027298	-1.2701	17.138	28.122	906.86	-0.0069515	undefined	undefined	liquid
22.340	24.779	166.58	0.0060032	-0.031429	-0.027298	-1.2701	17.138	28.122	906.86	-0.0069515	undefined	undefined	liquid
22.340	24.785	166.58	0.0060032	-0.031430	-0.027297	-1.2701	17.138	28.122	906.86	-0.0069515	undefined	undefined	liquid
22.340	24.790	166.58	0.0060032	-0.031430	-0.027297	-1.2701	17.138	28.122	906.86	-0.0069515	undefined	undefined	liquid
22.340	24.796	166.58	0.0060032	-0.031430	-0.027296	-1.2701	17.138	28.121	906.86	-0.0069516	undefined	undefined	liquid
22.340	24.801	166.58	0.0060032	-0.031431	-0.027295	-1.2701	17.138	28.121	906.86	-0.0069516	undefined	undefined	liquid
22.340	24.807	166.58	0.0060032	-0.031431	-0.027295	-1.2702	17.138	28.121	906.87	-0.0069516	undefined	undefined	liquid
22.340	24.812	166.58	0.0060032	-0.031431	-0.027294	-1.2702	17.138	28.121	906.87	-0.0069516	undefined	undefined	liquid
22.340	24.818	166.58	0.0060032	-0.031431	-0.027294	-1.2702	17.138	28.121	906.87	-0.0069516	undefined	undefined	liquid
22.340	24.823	166.58	0.0060032	-0.031432	-0.027293	-1.2702	17.138	28.121	906.87	-0.0069516	undefined	undefined	liquid
22.340	24.829	166.58	0.0060032	-0.031432	-0.027292	-1.2702	17.138	28.121	906.87	-0.0069517	undefined	undefined	liquid
22.340	24.834	166.58	0.0060032	-0.031432	-0.027292	-1.2702	17.138	28.121	906.87	-0.0069517	undefined	undefined	liquid
22.340	24.840	166.58	0.0060032	-0.031433	-0.027291	-1.2702	17.138	28.121	906.87	-0.0069517	undefined	undefined	liquid
22.340	24.845	166.58	0.0060032	-0.031433	-0.027291	-1.2703	17.138	28.121	906.87	-0.0069517	undefined	undefined	liquid
22.340	24.851	166.58	0.0060032	-0.031433	-0.027290	-1.2703	17.138	28.121	906.87	-0.0069517	undefined	undefined	liquid
22.340	24.856	166.58	0.0060032	-0.031434	-0.027289	-1.2703	17.138	28.121	906.87	-0.0069518	undefined	undefined	liquid
22.340	24.862	166.58	0.0060032	-0.031434	-0.027289	-1.2703	17.138	28.121	906.87	-0.0069518	undefined	undefined	liquid
22.340	24.867	166.58	0.0060032	-0.031434	-0.027288	-1.2703	17.138	28.121	906.87	-0.0069518	undefined	undefined	liquid
22.340	24.873	166.58	0.0060032	-0.031435	-0.027288	-1.2703	17.138	28.121	906.87	-0.0069518	undefined	undefined	liquid
22.340	24.878	166.58	0.0060032	-0.031435	-0.027287	-1.2703	17.138	28.121	906.87	-0.0069518	undefined	undefined	liquid
22.340	24.884	166.58	0.0060031	-0.031435	-0.027286	-1.2704	17.138	28.121	906.87	-0.0069518	undefined	undefined	liquid
22.340	24.889	166.58	0.0060031	-0.031436	-0.027286	-1.2704	17.138	28.121	906.88	-0.0069519	undefined	undefined	liquid
22.340	24.895	166.58	0.0060031	-0.031436	-0.027285	-1.2704	17.138	28.121	906.88	-0.0069519	undefined	undefined	liquid
22.340	24.900	166.58	0.0060031	-0.031436	-0.027285	-1.2704	17.138	28.121	906.88	-0.0069519	undefined	undefined	liquid
22.340	24.906	166.58	0.0060031	-0.031437	-0.027284	-1.2704	17.138	28.121	906.88	-0.0069519	undefined	undefined	liquid
22.340	24.911	166.58	0.0060031	-0.031437	-0.027283	-1.2704	17.138	28.121	906.88	-0.0069519	undefined	undefined	liquid
22.340	24.917	166.58	0.0060031	-0.031437	-0.027283	-1.2704	17.138	28.121	906.88	-0.0069519	undefined	undefined	liquid
22.340	24.922	166.58	0.0060031	-0.031438	-0.027282	-1.2705	17.138	28.121	906.88	-0.0069520	undefined	undefined	liquid
22.340	24.928	166.58	0.0060031	-0.031438	-0.027282	-1.2705	17.138	28.121	906.88	-0.0069520	undefined	undefined	liquid
22.340	24.933	166.58	0.0060031	-0.031438	-0.027281	-1.2705	17.138	28.121	906.88	-0.0069520	undefined	undefined	liquid
22.340	24.939	166.58	0.0060031	-0.031438	-0.027280	-1.2705	17.138	28.121	906.88	-0.0069520	undefined	undefined	liquid
22.340	24.944	166.58	0.0060031	-0.031439	-0.027280	-1.2705	17.138	28.121	906.88	-0.0069520	undefined	undefined	liquid
22.340	24.950	166.58	0.0060031	-0.031439	-0.027279	-1.2705	17.138	28.121	906.88	-0.0069520	undefined	undefined	liquid
22.340	24.955	166.58	0.0060031	-0.031439	-0.027279	-1.2705	17.138	28.121	906.88	-0.0069521	undefined	undefined	liquid
22.340	24.961	166.58	0.0060031	-0.031440	-0.027278	-1.2706	17.138	28.121	906.88	-0.0069521	undefined	undefined	liquid
22.340	24.966	166.58	0.0060031	-0.031440	-0.027277	-1.2706	17.138	28.121	906.88	-0.0069521	undefined	undefined	liquid
22.340	24.972	166.58	0.0060031	-0.031440	-0.027277	-1.2706	17.138	28.120	906.89	-0.0069521	undefined	undefined	liquid
22.340	24.977	166.58	0.0060031	-0.031441	-0.027276	-1.2706	17.138	28.120	906.89	-0.0069521	undefined	undefined	liquid
22.340	24.983	166.58	0.0060031	-0.031441	-0.027276	-1.2706	17.138	28.120	906.89	-0.0069521	undefined	undefined	liquid
22.340	24.988	166.58	0.0060031	-0.031441	-0.027275	-1.2706	17.138	28.120	906.89	-0.0069522	undefined	undefined	liquid
22.340	24.994	166.58	0.0060031	-0.031442	-0.027274	-1.2706	17.138	28.120	906.89	-0.0069522	undefined	undefined	liquid
22.340	24.999	166.58	0.0060031	-0.031442	-0.027274	-1.2707	17.138	28.120	906.89	-0.0069522	undefined	undefined	liquid
22.340	25.005	166.58	0.0060031	-0.031442	-0.027273	-1.2707	17.138	28.120	906.89	-0.0069522	undefined	undefined	liquid
22.340	25.010	166.58	0.0060031	-0.031443	-0.027273	-1.2707	17.138	28.120	906.89	-0.0069522	undefined	undefined	liquid
22.340	25.016	166.58	0.0060031	-0.031443	-0.027272	-1.2707	17.138	28.120	906.89	-0.0069522	undefined	undefined	liquid
22.340	25.021	166.58	0.0060031	-0.031443	-0.027271	-1.2707	17.138	28.120	906.89	-0.0069523	undefined	undefined	liquid
22.340	25.027	166.58	0.0060031	-0.031444	-0.027271	-1.2707	17.138	28.120	906.89	-0.0069523	undefined	undefined	liquid
22.340	25.032	166.58	0.0060031	-0.031444	-0.027270	-1.2707	17.138	28.120	906.89	-0.0069523	undefined	undefined	liquid
22.340	25.038	166.58	0.0060031	-0.031444	-0.027270	-1.2708	17.138	28.120	906.89	-0.0069523	undefined	undefined	liquid
22.340	25.043	166.58	0.0060031	-0.031445	-0.027269	-1.2708	17.139	28.120	906.89	-0.0069523	undefined	undefined	liquid
22.340	25.049	166.58	0.0060031	-0.031445	-0.027269	-1.2708	17.139	28.120	906.89	-0.0069523	undefined	undefined	liquid
22.340	25.054	166.58	0.0060031	-0.031445	-0.027268	-1.2708	17.139	28.120	906.90	-0.0069524	undefined	undefined	liquid
22.340	25.060	166.58	0.0060031	-0.031445	-0.027267	-1.2708	17.139	28.120	906.90	-0.0069524	undefined	undefined	liquid
22.340	25.065	166.58	0.0060031	-0.031446	-0.027267	-1.2708	17.139	28.120	906.90	-0.0069524	undefined	undefined	liquid
22.340	25.071	166.58	0.0060031	-0.031446	-0.027266	-1.2708	17.139	28.120	906.90	-0.0069524	undefined	undefined	liquid
22.340	25.076	166.58	0.0060031	-0.031446	-0.027266	-1.2709	17.139	28.120	906.90	-0.0069524	undefined	undefined	liquid
22.340	25.082	166.58	0.0060031	-0.031447	-0.027265	-1.2709	17.139	28.120	906.90	-0.0069524	undefined	undefined	liquid
22.340	25.087	166.58	0.0060030	-0.031447	-0.027264	-1.2709	17.139	28.120	906.90	-0.0069525	undefined	undefined	liquid
22.340	25.093	166.58	0.0060030	-0.031447	-0.027264	-1.2709	17.139	28.120	906.90	-0.0069525	undefined	undefined	liquid
22.340	25.098	166.58	0.0060030	-0.031448	-0.027263	-1.2709	17.139	28.120	906.90	-0.0069525	undefined	undefined	liquid
22.340	25.104	166.58	0.0060030	-0.031448	-0.027263	-1.2709	17.139	28.120	906.90	-0.0069525	undefined	undefined	liquid
22.340	25.109	166.58	0.0060030	-0.031448	-0.027262	-1.2709	17.139	28.120	906.90	-0.0069525	undefined	undefined	liquid
22.340	25.115	166.58	0.0060030	-0.031449	-0.027261	-1.2710	17.139	28.120	906.90	-0.0069525	undefined	undefined	liquid
22.340	25.120	166.58	0.0060030	-0.031449	-0.027261	-1.2710	17.139	28.120	906.90	-0.0069526	undefined	undefined	liquid
22.340	25.126	166.58	0.0060030	-0.031449	-0.027260	-1.2710	17.139	28.120	906.90	-0.0069526	undefined	undefined	liquid
22.340	25.131	166.58	0.0060030	-0.031450	-0.027260	-1.2710	17.139	28.120	906.90	-0.0069526	undefined	undefined	liquid
22.340	25.137	166.58	0.0060030	-0.031450	-0.027259	-1.2710	17.139	28.120	906.91	-0.0069526	undefined	undefined	liquid
22.340	25.142	166.58	0.0060030	-0.031450	-0.027258	-1.2710	17.139	28.120	906.91	-0.0069526	undefined	undefined	liquid
22.340	25.148	166.58	0.0060030	-0.031451	-0.027258	-1.2710	17.139	28.120	906.91	-0.0069526	undefined	undefined	liquid
22.340	25.153	166.58	0.0060030	-0.031451	-0.027257	-1.2711	17.139	28.119	906.91	-0.0069527	undefined	undefined	liquid
22.340	25.159	166.58	0.0060030	-0.031451	-0.027257	-1.2711	17.139	28.119	906.91	-0.0069527	undefined	undefined	liquid
22.340	25.164	166.58	0.0060030	-0.031452	-0.027256	-1.2711	17.139	28.119	906.91	-0.0069527	undefined	undefined	liquid
22.340	25.170	166.58	0.0060030	-0.031452	-0.027255	-1.2711	17.139	28.119	906.91	-0.0069527	undefined	undefined	liquid
22.340	25.175	166.58	0.0060030	-0.031452	-0.027255	-1.2711	17.139	28.119	906.91	-0.0069527	undefined	undefined	liquid
22.340	25.181	166.58	0.0060030	-0.031452	-0.027254	-1.2711	17.139	28.119	906.91	-0.0069527	undefined	undefined	liquid
22.340	25.186	166.58	0.0060030	-0.031453	-0.027254	-1.2711	17.139	28.119	906.91	-0.0069528	undefined	undefined	liquid
22.340	25.192	166.58	0.0060030	-0.031453	-0.027253	-1.2712	17.139	28.119	906.91	-0.0069528	undefined	undefined	liquid
22.340	25.197	166.58	0.0060030	-0.031453	-0.027252	-1.2712	17.139	28.119	906.91	-0.0069528	undefined	undefined	liquid
22.340	25.203	166.58	0.0060030	-0.031454	-0.027252	-1.2712	17.139	28.119	906.91	-0.0069528	undefined	undefined	liquid
22.340	25.208	166.58	0.0060030	-0.031454	-0.027251	-1.2712	17.139	28.119	906.91	-0.0069528	undefined	undefined	liquid
22.340	25.214	166.58	0.0060030	-0.031454	-0.027251	-1.2712	17.139	28.119	906.91	-0.0069528	undefined	undefined	liquid
22.340	25.219	166.58	0.0060030	-0.031455	-0.027250	-1.2712	17.139	28.119	906.92	-0.0069529	undefined	undefined	liquid
22.340	25.225	166.58	0.0060030	-0.031455	-0.027249	-1.2712	17.139	28.119	906.92	-0.0069529	undefined	undefined	liquid
22.340	25.230	166.58	0.0060030	-0.031455	-0.027249	-1.2713	17.139	28.119	906.92	-0.0069529	undefined	undefined	liquid
22.340	25.236	166.58	0.0060030	-0.031456	-0.027248	-1.2713	17.139	28.119	906.92	-0.0069529	undefined	undefined	liquid
22.340	25.241	166.58	0.0060030	-0.031456	-0.027248	-1.2713	17.139	28.119	906.92	-0.0069529	undefined	undefined	liquid
22.340	25.247	166.58	0.0060030	-0.031456	-0.027247	-1.2713	17.139	28.119	906.92	-0.0069530	undefined	undefined	liquid
22.340	25.252	166.58	0.0060030	-0.031457	-0.027246	-1.2713	17.139	28.119	906.92	-0.0069530	undefined	undefined	liquid
22.340	25.258	166.58	0.0060030	-0.031457	-0.027246	-1.2713	17.139	28.119	906.92	-0.0069530	undefined	undefined	liquid
22.340	25.263	166.58	0.0060030	-0.031457	-0.027245	-1.2713	17.139	28.119	906.92	-0.0069530	undefined	undefined	liquid
22.340	25.269	166.58	0.0060030	-0.031458	-0.027245	-1.2714	17.139	28.119	906.92	-0.0069530	undefined	undefined	liquid
22.340	25.274	166.58	0.0060030	-0.031458	-0.027244	-1.2714	17.139	28.119	906.92	-0.0069530	undefined	undefined	liquid
22.340	25.280	166.58	0.0060030	-0.031458	-0.027243	-1.2714	17.139	28.119	906.92	-0.0069531	undefined	undefined	liquid
22.340	25.285	166.58	0.0060029	-0.031458	-0.027243	-1.2714	17.139	28.119	906.92	-0.0069531	undefined	undefined	liquid
22.340	25.291	166.58	0.0060029	-0.031459	-0.027242	-1.2714	17.139	28.119	906.92	-0.0069531	undefined	undefined	liquid
22.340	25.296	166.58	0.0060029	-0.031459	-0.027242	-1.2714	17.139	28.119	906.92	-0.0069531	undefined	undefined	liquid
22.340	25.302	166.59	0.0060029	-0.031459	-0.027241	-1.2714	17.139	28.119	906.93	-0.0069531	undefined	undefined	liquid
22.340	25.307	166.59	0.0060029	-0.031460	-0.027240	-1.2715	17.139	28.119	906.93	-0.0069531	undefined	undefined	liquid
22.340	25.313	166.59	0.0060029	-0.031460	-0.027240	-1.2715	17.139	28.119	906.93	-0.0069532	undefined	undefined	liquid
22.340	25.318	166.59	0.0060029	-0.031460	-0.027239	-1.2715	17.139	28.119	906.93	-0.0069532	undefined	undefined	liquid
22.340	25.324	166.59	0.0060029	-0.031461	-0.027239	-1.2715	17.139	28.119	906.93	-0.0069532	undefined	undefined	liquid
22.340	25.329	166.59	0.0060029	-0.031461	-0.027238	-1.2715	17.139	28.118	906.93	-0.0069532	undefined	undefined	liquid
22.340	25.335	166.59	0.0060029	-0.031461	-0.027237	-1.2715	17.139	28.118	906.93	-0.0069532	undefined	undefined	liquid
22.340	25.340	166.59	0.0060029	-0.031462	-0.027237	-1.2715	17.139	28.118	906.93	-0.0069532	undefined	undefined	liquid
22.340	25.346	166.59	0.0060029	-0.031462	-0.027236	-1.2716	17.139	28.118	906.93	-0.0069533	undefined	undefined	liquid
22.340	25.351	166.59	0.0060029	-0.031462	-0.027236	-1.2716	17.139	28.118	906.93	-0.0069533	undefined	undefined	liquid
22.340	25.357	166.59	0.0060029	-0.031463	-0.027235	-1.2716	17.139	28.118	906.93	-0.0069533	undefined	undefined	liquid
22.340	25.362	166.59	0.0060029	-0.031463	-0.027234	-1.2716	17.139	28.118	906.93	-0.0069533	undefined	undefined	liquid
22.340	25.368	166.59	0.0060029	-0.031463	-0.027234	-1.2716	17.139	28.118	906.93	-0.0069533	undefined	undefined	liquid
22.340	25.373	166.59	0.0060029	-0.031464	-0.027233	-1.2716	17.139	28.118	906.93	-0.0069533	undefined	undefined	liquid
22.340	25.379	166.59	0.0060029	-0.031464	-0.027233	-1.2716	17.139	28.118	906.93	-0.0069534	undefined	undefined	liquid
22.340	25.384	166.59	0.0060029	-0.031464	-0.027232	-1.2717	17.139	28.118	906.94	-0.0069534	undefined	undefined	liquid
22.340	25.390	166.59	0.0060029	-0.031465	-0.027231	-1.2717	17.139	28.118	906.94	-0.0069534	undefined	undefined	liquid
22.340	25.395	166.59	0.0060029	-0.031465	-0.027231	-1.2717	17.139	28.118	906.94	-0.0069534	undefined	undefined	liquid
22.340	25.401	166.59	0.0060029	-0.031465	-0.027230	-1.2717	17.139	28.118	906.94	-0.0069534	undefined	undefined	liquid
22.340	25.406	166.59	0.0060029	-0.031465	-0.027230	-1.2717	17.139	28.118	906.94	-0.0069534	undefined	undefined	liquid
22.340	25.412	166.59	0.0060029	-0.031466	-0.027229	-1.2717	17.139	28.118	906.94	-0.0069535	undefined	undefined	liquid
22.340	25.417	166.59	0.0060029	-0.031466	-0.027228	-1.2717	17.139	28.118	906.94	-0.0069535	undefined	undefined	liquid
22.340	25.423	166.59	0.0060029	-0.031466	-0.027228	-1.2718	17.139	28.118	906.94	-0.0069535	undefined	undefined	liquid
22.340	25.428	166.59	0.0060029	-0.031467	-0.027227	-1.2718	17.139	28.118	906.94	-0.0069535	undefined	undefined	liquid
22.340	25.434	166.59	0.0060029	-0.031467	-0.027227	-1.2718	17.139	28.118	906.94	-0.0069535	undefined	undefined	liquid
22.340	25.439	166.59	0.0060029	-0.031467	-0.027226	-1.2718	17.139	28.118	906.94	-0.0069535	undefined	undefined	liquid
22.340	25.445	166.59	0.0060029	-0.031468	-0.027225	-1.2718	17.139	28.118	906.94	-0.0069536	undefined	undefined	liquid
22.340	25.450	166.59	0.0060029	-0.031468	-0.027225	-1.2718	17.139	28.118	906.94	-0.0069536	undefined	undefined	liquid
22.340	25.456	166.59	0.0060029	-0.031468	-0.027224	-1.2718	17.139	28.118	906.94	-0.0069536	undefined	undefined	liquid
22.340	25.461	166.59	0.0060029	-0.031469	-0.027224	-1.2719	17.139	28.118	906.94	-0.0069536	undefined	undefined	liquid
22.340	25.467	166.59	0.0060029	-0.031469	-0.027223	-1.2719	17.139	28.118	906.95	-0.0069536	undefined	undefined	liquid
22.340	25.472	166.59	0.0060029	-0.031469	-0.027223	-1.2719	17.139	28.118	906.95	-0.0069536	undefined	undefined	liquid
22.340	25.478	166.59	0.0060029	-0.031470	-0.027222	-1.2719	17.139	28.118	906.95	-0.0069537	undefined	undefined	liquid
22.340	25.483	166.59	0.0060029	-0.031470	-0.027221	-1.2719	17.139	28.118	906.95	-0.0069537	undefined	undefined	liquid
22.340	25.489	166.59	0.0060028	-0.031470	-0.027221	-1.2719	17.139	28.118	906.95	-0.0069537	undefined	undefined	liquid
22.340	25.494	166.59	0.0060028	-0.031471	-0.027220	-1.2719	17.139	28.118	906.95	-0.0069537	undefined	undefined	liquid
22.340	25.500	166.59	0.0060028	-0.031471	-0.027220	-1.2720	17.139	28.118	906.95	-0.0069537	undefined	undefined	liquid
22.340	25.505	166.59	0.0060028	-0.031471	-0.027219	-1.2720	17.139	28.118	906.95	-0.0069537	undefined	undefined	liquid
22.340	25.511	166.59	0.0060028	-0.031472	-0.027218	-1.2720	17.139	28.117	906.95	-0.0069538	undefined	undefined	liquid
22.340	25.516	166.59	0.0060028	-0.031472	-0.027218	-1.2720	17.139	28.117	906.95	-0.0069538	undefined	undefined	liquid
22.340	25.522	166.59	0.0060028	-0.031472	-0.027217	-1.2720	17.139	28.117	906.95	-0.0069538	undefined	undefined	liquid
22.340	25.527	166.59	0.0060028	-0.031472	-0.027217	-1.2720	17.139	28.117	906.95	-0.0069538	undefined	undefined	liquid
22.340	25.533	166.59	0.0060028	-0.031473	-0.027216	-1.2720	17.139	28.117	906.95	-0.0069538	undefined	undefined	liquid
22.340	25.538	166.59	0.0060028	-0.031473	-0.027215	-1.2721	17.139	28.117	906.95	-0.0069538	undefined	undefined	liquid
22.340	25.544	166.59	0.0060028	-0.031473	-0.027215	-1.2721	17.139	28.117	906.95	-0.0069539	undefined	undefined	liquid
22.340	25.549	166.59	0.0060028	-0.031474	-0.027214	-1.2721	17.139	28.117	906.96	-0.0069539	undefined	undefined	liquid
22.340	25.555	166.59	0.0060028	-0.031474	-0.027214	-1.2721	17.139	28.117	906.96	-0.0069539	undefined	undefined	liquid
22.340	25.560	166.59	0.0060028	-0.031474	-0.027213	-1.2721	17.139	28.117	906.96	-0.0069539	undefined	undefined	liquid
22.340	25.566	166.59	0.0060028	-0.031475	-0.027212	-1.2721	17.139	28.117	906.96	-0.0069539	undefined	undefined	liquid
22.340	25.571	166.59	0.0060028	-0.031475	-0.027212	-1.2721	17.139	28.117	906.96	-0.0069539	undefined	undefined	liquid
22.340	25.577	166.59	0.0060028	-0.031475	-0.027211	-1.2722	17.139	28.117	906.96	-0.0069540	undefined	undefined	liquid
22.340	25.582	166.59	0.0060028	-0.031476	-0.027211	-1.2722	17.139	28.117	906.96	-0.0069540	undefined	undefined	liquid
22.340	25.588	166.59	0.0060028	-0.031476	-0.027210	-1.2722	17.139	28.117	906.96	-0.0069540	undefined	undefined	liquid
22.340	25.593	166.59	0.0060028	-0.031476	-0.027209	-1.2722	17.139	28.117	906.96	-0.0069540	undefined	undefined	liquid
22.340	25.599	166.59	0.0060028	-0.031477	-0.027209	-1.2722	17.139	28.117	906.96	-0.0069540	undefined	undefined	liquid
22.340	25.604	166.59	0.0060028	-0.031477	-0.027208	-1.2722	17.139	28.117	906.96	-0.0069541	undefined	undefined	liquid
22.340	25.610	166.59	0.0060028	-0.031477	-0.027208	-1.2722	17.139	28.117	906.96	-0.0069541	undefined	undefined	liquid
22.340	25.615	166.59	0.0060028	-0.031478	-0.027207	-1.2723	17.139	28.117	906.96	-0.0069541	undefined	undefined	liquid
22.340	25.621	166.59	0.0060028	-0.031478	-0.027206	-1.2723	17.139	28.117	906.96	-0.0069541	undefined	undefined	liquid
22.340	25.626	166.59	0.0060028	-0.031478	-0.027206	-1.2723	17.139	28.117	906.96	-0.0069541	undefined	undefined	liquid
22.340	25.632	166.59	0.0060028	-0.031478	-0.027205	-1.2723	17.139	28.117	906.97	-0.0069541	undefined	undefined	liquid
22.340	25.637	166.59	0.0060028	-0.031479	-0.027205	-1.2723	17.139	28.117	906.97	-0.0069542	undefined	undefined	liquid
22.340	25.643	166.59	0.0060028	-0.031479	-0.027204	-1.2723	17.140	28.117	906.97	-0.0069542	undefined	undefined	liquid
22.340	25.648	166.59	0.0060028	-0.031479	-0.027203	-1.2723	17.140	28.117	906.97	-0.0069542	undefined	undefined	liquid
22.340	25.654	166.59	0.0060028	-0.031480	-0.027203	-1.2724	17.140	28.117	906.97	-0.0069542	undefined	undefined	liquid
22.340	25.659	166.59	0.0060028	-0.031480	-0.027202	-1.2724	17.140	28.117	906.97	-0.0069542	undefined	undefined	liquid
22.340	25.665	166.59	0.0060028	-0.031480	-0.027202	-1.2724	17.140	28.117	906.97	-0.0069542	undefined	undefined	liquid
22.340	25.670	166.59	0.0060028	-0.031481	-0.027201	-1.2724	17.140	28.117	906.97	-0.0069543	undefined	undefined	liquid
22.340	25.676	166.59	0.0060028	-0.031481	-0.027200	-1.2724	17.140	28.117	906.97	-0.0069543	undefined	undefined	liquid
22.340	25.681	166.59	0.0060028	-0.031481	-0.027200	-1.2724	17.140	28.117	906.97	-0.0069543	undefined	undefined	liquid
22.340	25.687	166.59	0.0060028	-0.031482	-0.027199	-1.2724	17.140	28.117	906.97	-0.0069543	undefined	undefined	liquid
22.340	25.692	166.59	0.0060027	-0.031482	-0.027199	-1.2725	17.140	28.116	906.97	-0.0069543	undefined	undefined	liquid
22.340	25.698	166.59	0.0060027	-0.031482	-0.027198	-1.2725	17.140	28.116	906.97	-0.0069543	undefined	undefined	liquid
22.340	25.703	166.59	0.0060027	-0.031483	-0.027197	-1.2725	17.140	28.116	906.97	-0.0069544	undefined	undefined	liquid
22.340	25.709	166.59	0.0060027	-0.031483	-0.027197	-1.2725	17.140	28.116	906.97	-0.0069544	undefined	undefined	liquid
22.340	25.714	166.59	0.0060027	-0.031483	-0.027196	-1.2725	17.140	28.116	906.98	-0.0069544	undefined	undefined	liquid
22.340	25.720	166.59	0.0060027	-0.031484	-0.027196	-1.2725	17.140	28.116	906.98	-0.0069544	undefined	undefined	liquid
22.340	25.725	166.59	0.0060027	-0.031484	-0.027195	-1.2725	17.140	28.116	906.98	-0.0069544	undefined	undefined	liquid
22.340	25.731	166.59	0.0060027	-0.031484	-0.027194	-1.2726	17.140	28.116	906.98	-0.0069544	undefined	undefined	liquid
22.340	25.736	166.59	0.0060027	-0.031485	-0.027194	-1.2726	17.140	28.116	906.98	-0.0069545	undefined	undefined	liquid
22.340	25.742	166.59	0.0060027	-0.031485	-0.027193	-1.2726	17.140	28.116	906.98	-0.0069545	undefined	undefined	liquid
22.340	25.747	166.59	0.0060027	-0.031485	-0.027193	-1.2726	17.140	28.116	906.98	-0.0069545	undefined	undefined	liquid
22.340	25.753	166.59	0.0060027	-0.031485	-0.027192	-1.2726	17.140	28.116	906.98	-0.0069545	undefined	undefined	liquid
22.340	25.758	166.59	0.0060027	-0.031486	-0.027191	-1.2726	17.140	28.116	906.98	-0.0069545	undefined	undefined	liquid
22.340	25.764	166.59	0.0060027	-0.031486	-0.027191	-1.2726	17.140	28.116	906.98	-0.0069545	undefined	undefined	liquid
22.340	25.769	166.59	0.0060027	-0.031486	-0.027190	-1.2727	17.140	28.116	906.98	-0.0069546	undefined	undefined	liquid
22.340	25.775	166.59	0.0060027	-0.031487	-0.027190	-1.2727	17.140	28.116	906.98	-0.0069546	undefined	undefined	liquid
22.340	25.780	166.59	0.0060027	-0.031487	-0.027189	-1.2727	17.140	28.116	906.98	-0.0069546	undefined	undefined	liquid
22.340	25.786	166.59	0.0060027	-0.031487	-0.027188	-1.2727	17.140	28.116	906.98	-0.0069546	undefined	undefined	liquid
22.340	25.791	166.59	0.0060027	-0.031488	-0.027188	-1.2727	17.140	28.116	906.98	-0.0069546	undefined	undefined	liquid
22.340	25.797	166.59	0.0060027	-0.031488	-0.027187	-1.2727	17.140	28.116	906.99	-0.0069546	undefined	undefined	liquid
22.340	25.802	166.59	0.0060027	-0.031488	-0.027187	-1.2727	17.140	28.116	906.99	-0.0069547	undefined	undefined	liquid
22.340	25.808	166.59	0.0060027	-0.031489	-0.027186	-1.2728	17.140	28.116	906.99	-0.0069547	undefined	undefined	liquid
22.340	25.813	166.59	0.0060027	-0.031489	-0.027185	-1.2728	17.140	28.116	906.99	-0.0069547	undefined	undefined	liquid
22.340	25.819	166.59	0.0060027	-0.031489	-0.027185	-1.2728	17.140	28.116	906.99	-0.0069547	undefined	undefined	liquid
22.340	25.824	166.59	0.0060027	-0.031490	-0.027184	-1.2728	17.140	28.116	906.99	-0.0069547	undefined	undefined	liquid
22.340	25.830	166.59	0.0060027	-0.031490	-0.027184	-1.2728	17.140	28.116	906.99	-0.0069547	undefined	undefined	liquid
22.340	25.835	166.59	0.0060027	-0.031490	-0.027183	-1.2728	17.140	28.116	906.99	-0.0069548	undefined	undefined	liquid
22.340	25.841	166.59	0.0060027	-0.031491	-0.027182	-1.2728	17.140	28.116	906.99	-0.0069548	undefined	undefined	liquid
22.340	25.846	166.59	0.0060027	-0.031491	-0.027182	-1.2729	17.140	28.116	906.99	-0.0069548	undefined	undefined	liquid
22.340	25.852	166.59	0.0060027	-0.031491	-0.027181	-1.2729	17.140	28.116	906.99	-0.0069548	undefined	undefined	liquid
22.340	25.857	166.59	0.0060027	-0.031492	-0.027181	-1.2729	17.140	28.116	906.99	-0.0069548	undefined	undefined	liquid
22.340	25.863	166.59	0.0060027	-0.031492	-0.027180	-1.2729	17.140	28.116	906.99	-0.0069548	undefined	undefined	liquid
22.340	25.868	166.59	0.0060027	-0.031492	-0.027179	-1.2729	17.140	28.115	906.99	-0.0069549	undefined	undefined	liquid
22.340	25.874	166.59	0.0060027	-0.031492	-0.027179	-1.2729	17.140	28.115	906.99	-0.0069549	undefined	undefined	liquid
22.340	25.879	166.59	0.0060027	-0.031493	-0.027178	-1.2729	17.140	28.115	907.00	-0.0069549	undefined	undefined	liquid
22.340	25.885	166.59	0.0060027	-0.031493	-0.027178	-1.2730	17.140	28.115	907.00	-0.0069549	undefined	undefined	liquid
22.340	25.890	166.59	0.0060026	-0.031493	-0.027177	-1.2730	17.140	28.115	907.00	-0.0069549	undefined	undefined	liquid
22.340	25.896	166.59	0.0060026	-0.031494	-0.027177	-1.2730	17.140	28.115	907.00	-0.0069549	undefined	undefined	liquid
22.340	25.901	166.59	0.0060026	-0.031494	-0.027176	-1.2730	17.140	28.115	907.00	-0.0069550	undefined	undefined	liquid
22.340	25.907	166.59	0.0060026	-0.031494	-0.027175	-1.2730	17.140	28.115	907.00	-0.0069550	undefined	undefined	liquid
22.340	25.912	166.59	0.0060026	-0.031495	-0.027175	-1.2730	17.140	28.115	907.00	-0.0069550	undefined	undefined	liquid
22.340	25.918	166.59	0.0060026	-0.031495	-0.027174	-1.2730	17.140	28.115	907.00	-0.0069550	undefined	undefined	liquid
22.340	25.923	166.59	0.0060026	-0.031495	-0.027174	-1.2731	17.140	28.115	907.00	-0.0069550	undefined	undefined	liquid
22.340	25.929	166.59	0.0060026	-0.031496	-0.027173	-1.2731	17.140	28.115	907.00	-0.0069550	undefined	undefined	liquid
22.340	25.934	166.59	0.0060026	-0.031496	-0.027172	-1.2731	17.140	28.115	907.00	-0.0069551	undefined	undefined	liquid
22.340	25.940	166.59	0.0060026	-0.031496	-0.027172	-1.2731	17.140	28.115	907.00	-0.0069551	undefined	undefined	liquid
22.340	25.945	166.59	0.0060026	-0.031497	-0.027171	-1.2731	17.140	28.115	907.00	-0.0069551	undefined	undefined	liquid
22.340	25.951	166.59	0.0060026	-0.031497	-0.027171	-1.2731	17.140	28.115	907.00	-0.0069551	undefined	undefined	liquid
22.340	25.956	166.59	0.0060026	-0.031497	-0.027170	-1.2731	17.140	28.115	907.01	-0.0069551	undefined	undefined	liquid
22.340	25.962	166.59	0.0060026	-0.031498	-0.027169	-1.2732	17.140	28.115	907.01	-0.0069552	undefined	undefined	liquid
22.340	25.967	166.59	0.0060026	-0.031498	-0.027169	-1.2732	17.140	28.115	907.01	-0.0069552	undefined	undefined	liquid
22.340	25.973	166.59	0.0060026	-0.031498	-0.027168	-1.2732	17.140	28.115	907.01	-0.0069552	undefined	undefined	liquid
22.340	25.978	166.59	0.0060026	-0.031499	-0.027168	-1.2732	17.140	28.115	907.01	-0.0069552	undefined	undefined	liquid
22.340	25.984	166.59	0.0060026	-0.031499	-0.027167	-1.2732	17.140	28.115	907.01	-0.0069552	undefined	undefined	liquid
22.340	25.989	166.59	0.0060026	-0.031499	-0.027166	-1.2732	17.140	28.115	907.01	-0.0069552	undefined	undefined	liquid
22.340	25.995	166.59	0.0060026	-0.031499	-0.027166	-1.2732	17.140	28.115	907.01	-0.0069553	undefined	undefined	liquid
22.340	26.000	166.59	0.0060026	-0.031500	-0.027165	-1.2733	17.140	28.115	907.01	-0.0069553	undefined	undefined	liquid
22.340	26.006	166.59	0.0060026	-0.031500	-0.027165	-1.2733	17.140	28.115	907.01	-0.0069553	undefined	undefined	liquid
22.340	26.011	166.59	0.0060026	-0.031500	-0.027164	-1.2733	17.140	28.115	907.01	-0.0069553	undefined	undefined	liquid
22.340	26.017	166.59	0.0060026	-0.031501	-0.027163	-1.2733	17.140	28.115	907.01	-0.0069553	undefined	undefined	liquid
22.340	26.022	166.59	0.0060026	-0.031501	-0.027163	-1.2733	17.140	28.115	907.01	-0.0069553	undefined	undefined	liquid
22.340	26.028	166.59	0.0060026	-0.031501	-0.027162	-1.2733	17.140	28.115	907.01	-0.0069554	undefined	undefined	liquid
22.340	26.033	166.60	0.0060026	-0.031502	-0.027162	-1.2733	17.140	28.115	907.01	-0.0069554	undefined	undefined	liquid
22.340	26.039	166.60	0.0060026	-0.031502	-0.027161	-1.2734	17.140	28.115	907.02	-0.0069554	undefined	undefined	liquid
22.340	26.044	166.60	0.0060026	-0.031502	-0.027160	-1.2734	17.140	28.115	907.02	-0.0069554	undefined	undefined	liquid
22.340	26.050	166.60	0.0060026	-0.031503	-0.027160	-1.2734	17.140	28.114	907.02	-0.0069554	undefined	undefined	liquid
22.340	26.055	166.60	0.0060026	-0.031503	-0.027159	-1.2734	17.140	28.114	907.02	-0.0069554	undefined	undefined	liquid
22.340	26.061	166.60	0.0060026	-0.031503	-0.027159	-1.2734	17.140	28.114	907.02	-0.0069555	undefined	undefined	liquid
22.340	26.066	166.60	0.0060026	-0.031504	-0.027158	-1.2734	17.140	28.114	907.02	-0.0069555	undefined	undefined	liquid
22.340	26.072	166.60	0.0060026	-0.031504	-0.027157	-1.2734	17.140	28.114	907.02	-0.0069555	undefined	undefined	liquid
22.340	26.077	166.60	0.0060026	-0.031504	-0.027157	-1.2735	17.140	28.114	907.02	-0.0069555	undefined	undefined	liquid
22.340	26.083	166.60	0.0060026	-0.031505	-0.027156	-1.2735	17.140	28.114	907.02	-0.0069555	undefined	undefined	liquid
22.340	26.088	166.60	0.0060026	-0.031505	-0.027156	-1.2735	17.140	28.114	907.02	-0.0069555	undefined	undefined	liquid
22.340	26.094	166.60	0.0060025	-0.031505	-0.027155	-1.2735	17.140	28.114	907.02	-0.0069556	undefined	undefined	liquid
22.340	26.099	166.60	0.0060025	-0.031505	-0.027154	-1.2735	17.140	28.114	907.02	-0.0069556	undefined	undefined	liquid
22.340	26.105	166.60	0.0060025	-0.031506	-0.027154	-1.2735	17.140	28.114	907.02	-0.0069556	undefined	undefined	liquid
22.340	26.110	166.60	0.0060025	-0.031506	-0.027153	-1.2735	17.140	28.114	907.02	-0.0069556	undefined	undefined	liquid
22.340	26.116	166.60	0.0060025	-0.031506	-0.027153	-1.2736	17.140	28.114	907.02	-0.0069556	undefined	undefined	liquid
22.340	26.121	166.60	0.0060025	-0.031507	-0.027152	-1.2736	17.140	28.114	907.03	-0.0069556	undefined	undefined	liquid
22.340	26.127	166.60	0.0060025	-0.031507	-0.027151	-1.2736	17.140	28.114	907.03	-0.0069557	undefined	undefined	liquid
22.340	26.132	166.60	0.0060025	-0.031507	-0.027151	-1.2736	17.140	28.114	907.03	-0.0069557	undefined	undefined	liquid
22.340	26.138	166.60	0.0060025	-0.031508	-0.027150	-1.2736	17.140	28.114	907.03	-0.0069557	undefined	undefined	liquid
22.340	26.143	166.60	0.0060025	-0.031508	-0.027150	-1.2736	17.140	28.114	907.03	-0.0069557	undefined	undefined	liquid
22.340	26.149	166.60	0.0060025	-0.031508	-0.027149	-1.2736	17.140	28.114	907.03	-0.0069557	undefined	undefined	liquid
22.340	26.154	166.60	0.0060025	-0.031509	-0.027148	-1.2737	17.140	28.114	907.03	-0.0069557	undefined	undefined	liquid
22.340	26.160	166.60	0.0060025	-0.031509	-0.027148	-1.2737	17.140	28.114	907.03	-0.0069558	undefined	undefined	liquid
22.340	26.165	166.60	0.0060025	-0.031509	-0.027147	-1.2737	17.140	28.114	907.03	-0.0069558	undefined	undefined	liquid
22.340	26.171	166.60	0.0060025	-0.031510	-0.027147	-1.2737	17.140	28.114	907.03	-0.0069558	undefined	undefined	liquid
22.340	26.176	166.60	0.0060025	-0.031510	-0.027146	-1.2737	17.140	28.114	907.03	-0.0069558	undefined	undefined	liquid
22.340	26.182	166.60	0.0060025	-0.031510	-0.027145	-1.2737	17.140	28.114	907.03	-0.0069558	undefined	undefined	liquid
22.340	26.187	166.60	0.0060025	-0.031511	-0.027145	-1.2737	17.140	28.114	907.03	-0.0069558	undefined	undefined	liquid
22.340	26.193	166.60	0.0060025	-0.031511	-0.027144	-1.2738	17.140	28.114	907.03	-0.0069559	undefined	undefined	liquid
22.340	26.198	166.60	0.0060025	-0.031511	-0.027144	-1.2738	17.140	28.114	907.03	-0.0069559	undefined	undefined	liquid
22.340	26.204	166.60	0.0060025	-0.031512	-0.027143	-1.2738	17.140	28.114	907.04	-0.0069559	undefined	undefined	liquid
22.340	26.209	166.60	0.0060025	-0.031512	-0.027142	-1.2738	17.140	28.114	907.04	-0.0069559	undefined	undefined	liquid
22.340	26.215	166.60	0.0060025	-0.031512	-0.027142	-1.2738	17.140	28.114	907.04	-0.0069559	undefined	undefined	liquid
22.340	26.220	166.60	0.0060025	-0.031512	-0.027141	-1.2738	17.140	28.114	907.04	-0.0069559	undefined	undefined	liquid
22.340	26.226	166.60	0.0060025	-0.031513	-0.027141	-1.2738	17.140	28.114	907.04	-0.0069560	undefined	undefined	liquid
22.340	26.231	166.60	0.0060025	-0.031513	-0.027140	-1.2739	17.140	28.113	907.04	-0.0069560	undefined	undefined	liquid
22.340	26.237	166.60	0.0060025	-0.031513	-0.027139	-1.2739	17.140	28.113	907.04	-0.0069560	undefined	undefined	liquid
22.340	26.242	166.60	0.0060025	-0.031514	-0.027139	-1.2739	17.140	28.113	907.04	-0.0069560	undefined	undefined	liquid
22.340	26.248	166.60	0.0060025	-0.031514	-0.027138	-1.2739	17.141	28.113	907.04	-0.0069560	undefined	undefined	liquid
22.340	26.253	166.60	0.0060025	-0.031514	-0.027138	-1.2739	17.141	28.113	907.04	-0.0069560	undefined	undefined	liquid
22.340	26.259	166.60	0.0060025	-0.031515	-0.027137	-1.2739	17.141	28.113	907.04	-0.0069561	undefined	undefined	liquid
22.340	26.264	166.60	0.0060025	-0.031515	-0.027136	-1.2739	17.141	28.113	907.04	-0.0069561	undefined	undefined	liquid
22.340	26.270	166.60	0.0060025	-0.031515	-0.027136	-1.2740	17.141	28.113	907.04	-0.0069561	undefined	undefined	liquid
22.340	26.275	166.60	0.0060025	-0.031516	-0.027135	-1.2740	17.141	28.113	907.04	-0.0069561	undefined	undefined	liquid
22.340	26.281	166.60	0.0060025	-0.031516	-0.027135	-1.2740	17.141	28.113	907.04	-0.0069561	undefined	undefined	liquid
22.340	26.286	166.60	0.0060025	-0.031516	-0.027134	-1.2740	17.141	28.113	907.05	-0.0069561	undefined	undefined	liquid
22.340	26.292	166.60	0.0060025	-0.031517	-0.027133	-1.2740	17.141	28.113	907.05	-0.0069562	undefined	undefined	liquid
22.340	26.297	166.60	0.0060024	-0.031517	-0.027133	-1.2740	17.141	28.113	907.05	-0.0069562	undefined	undefined	liquid
22.340	26.303	166.60	0.0060024	-0.031517	-0.027132	-1.2740	17.141	28.113	907.05	-0.0069562	undefined	undefined	liquid
22.340	26.308	166.60	0.0060024	-0.031518	-0.027132	-1.2741	17.141	28.113	907.05	-0.0069562	undefined	undefined	liquid
22.340	26.314	166.60	0.0060024	-0.031518	-0.027131	-1.2741	17.141	28.113	907.05	-0.0069562	undefined	undefined	liquid
22.340	26.319	166.60	0.0060024	-0.031518	-0.027130	-1.2741	17.141	28.113	907.05	-0.0069563	undefined	undefined	liquid
22.340	26.325	166.60	0.0060024	-0.031518	-0.027130	-1.2741	17.141	28.113	907.05	-0.0069563	undefined	undefined	liquid
22.340	26.330	166.60	0.0060024	-0.031519	-0.027129	-1.2741	17.141	28.113	907.05	-0.0069563	undefined	undefined	liquid
22.340	26.336	166.60	0.0060024	-0.031519	-0.027129	-1.2741	17.141	28.113	907.05	-0.0069563	undefined	undefined	liquid
22.340	26.341	166.60	0.0060024	-0.031519	-0.027128	-1.2741	17.141	28.113	907.05	-0.0069563	undefined	undefined	liquid
22.340	26.347	166.60	0.0060024	-0.031520	-0.027128	-1.2742	17.141	28.113	907.05	-0.0069563	undefined	undefined	liquid
22.340	26.352	166.60	0.0060024	-0.031520	-0.027127	-1.2742	17.141	28.113	907.05	-0.0069564	undefined	undefined	liquid
22.340	26.358	166.60	0.0060024	-0.031520	-0.027126	-1.2742	17.141	28.113	907.05	-0.0069564	undefined	undefined	liquid
22.340	26.363	166.60	0.0060024	-0.031521	-0.027126	-1.2742	17.141	28.113	907.05	-0.0069564	undefined	undefined	liquid
22.340	26.369	166.60	0.0060024	-0.031521	-0.027125	-1.2742	17.141	28.113	907.06	-0.0069564	undefined	undefined	liquid
22.340	26.374	166.60	0.0060024	-0.031521	-0.027125	-1.2742	17.141	28.113	907.06	-0.0069564	undefined	undefined	liquid
22.340	26.380	166.60	0.0060024	-0.031522	-0.027124	-1.2742	17.141	28.113	907.06	-0.0069564	undefined	undefined	liquid
22.340	26.385	166.60	0.0060024	-0.031522	-0.027123	-1.2743	17.141	28.113	907.06	-0.0069565	undefined	undefined	liquid
22.340	26.391	166.60	0.0060024	-0.031522	-0.027123	-1.2743	17.141	28.113	907.06	-0.0069565	undefined	undefined	liquid
22.340	26.396	166.60	0.0060024	-0.031523	-0.027122	-1.2743	17.141	28.113	907.06	-0.0069565	undefined	undefined	liquid
22.340	26.402	166.60	0.0060024	-0.031523	-0.027122	-1.2743	17.141	28.113	907.06	-0.0069565	undefined	undefined	liquid
22.340	26.407	166.60	0.0060024	-0.031523	-0.027121	-1.2743	17.141	28.112	907.06	-0.0069565	undefined	undefined	liquid
22.340	26.413	166.60	0.0060024	-0.031524	-0.027120	-1.2743	17.141	28.112	907.06	-0.0069565	undefined	undefined	liquid
22.340	26.418	166.60	0.0060024	-0.031524	-0.027120	-1.2743	17.141	28.112	907.06	-0.0069566	undefined	undefined	liquid
22.340	26.424	166.60	0.0060024	-0.031524	-0.027119	-1.2744	17.141	28.112	907.06	-0.0069566	undefined	undefined	liquid
22.340	26.429	166.60	0.0060024	-0.031525	-0.027119	-1.2744	17.141	28.112	907.06	-0.0069566	undefined	undefined	liquid
22.340	26.435	166.60	0.0060024	-0.031525	-0.027118	-1.2744	17.141	28.112	907.06	-0.0069566	undefined	undefined	liquid
22.340	26.440	166.60	0.0060024	-0.031525	-0.027117	-1.2744	17.141	28.112	907.06	-0.0069566	undefined	undefined	liquid
22.340	26.446	166.60	0.0060024	-0.031525	-0.027117	-1.2744	17.141	28.112	907.06	-0.0069566	undefined	undefined	liquid
22.340	26.451	166.60	0.0060024	-0.031526	-0.027116	-1.2744	17.141	28.112	907.07	-0.0069567	undefined	undefined	liquid
22.340	26.457	166.60	0.0060024	-0.031526	-0.027116	-1.2744	17.141	28.112	907.07	-0.0069567	undefined	undefined	liquid
22.340	26.462	166.60	0.0060024	-0.031526	-0.027115	-1.2745	17.141	28.112	907.07	-0.0069567	undefined	undefined	liquid
22.340	26.468	166.60	0.0060024	-0.031527	-0.027114	-1.2745	17.141	28.112	907.07	-0.0069567	undefined	undefined	liquid
22.340	26.473	166.60	0.0060024	-0.031527	-0.027114	-1.2745	17.141	28.112	907.07	-0.0069567	undefined	undefined	liquid
22.340	26.479	166.60	0.0060024	-0.031527	-0.027113	-1.2745	17.141	28.112	907.07	-0.0069567	undefined	undefined	liquid
22.340	26.484	166.60	0.0060024	-0.031528	-0.027113	-1.2745	17.141	28.112	907.07	-0.0069568	undefined	undefined	liquid
22.340	26.490	166.60	0.0060024	-0.031528	-0.027112	-1.2745	17.141	28.112	907.07	-0.0069568	undefined	undefined	liquid
22.340	26.495	166.60	0.0060024	-0.031528	-0.027111	-1.2745	17.141	28.112	907.07	-0.0069568	undefined	undefined	liquid
22.340	26.501	166.60	0.0060023	-0.031529	-0.027111	-1.2746	17.141	28.112	907.07	-0.0069568	undefined	undefined	liquid
22.340	26.506	166.60	0.0060023	-0.031529	-0.027110	-1.2746	17.141	28.112	907.07	-0.0069568	undefined	undefined	liquid
22.340	26.512	166.60	0.0060023	-0.031529	-0.027110	-1.2746	17.141	28.112	907.07	-0.0069568	undefined	undefined	liquid
22.340	26.517	166.60	0.0060023	-0.031530	-0.027109	-1.2746	17.141	28.112	907.07	-0.0069569	undefined	undefined	liquid
22.340	26.523	166.60	0.0060023	-0.031530	-0.027108	-1.2746	17.141	28.112	907.07	-0.0069569	undefined	undefined	liquid
22.340	26.528	166.60	0.0060023	-0.031530	-0.027108	-1.2746	17.141	28.112	907.08	-0.0069569	undefined	undefined	liquid
22.340	26.534	166.60	0.0060023	-0.031531	-0.027107	-1.2746	17.141	28.112	907.08	-0.0069569	undefined	undefined	liquid
22.340	26.539	166.60	0.0060023	-0.031531	-0.027107	-1.2747	17.141	28.112	907.08	-0.0069569	undefined	undefined	liquid
22.340	26.545	166.60	0.0060023	-0.031531	-0.027106	-1.2747	17.141	28.112	907.08	-0.0069569	undefined	undefined	liquid
22.340	26.550	166.60	0.0060023	-0.031532	-0.027105	-1.2747	17.141	28.112	907.08	-0.0069570	undefined	undefined	liquid
22.340	26.556	166.60	0.0060023	-0.031532	-0.027105	-1.2747	17.141	28.112	907.08	-0.0069570	undefined	undefined	liquid
22.340	26.561	166.60	0.0060023	-0.031532	-0.027104	-1.2747	17.141	28.112	907.08	-0.0069570	undefined	undefined	liquid
22.340	26.567	166.60	0.0060023	-0.031532	-0.027104	-1.2747	17.141	28.112	907.08	-0.0069570	undefined	undefined	liquid
22.340	26.572	166.60	0.0060023	-0.031533	-0.027103	-1.2747	17.141	28.112	907.08	-0.0069570	undefined	undefined	liquid
22.340	26.578	166.60	0.0060023	-0.031533	-0.027102	-1.2748	17.141	28.112	907.08	-0.0069570	undefined	undefined	liquid
22.340	26.583	166.60	0.0060023	-0.031533	-0.027102	-1.2748	17.141	28.112	907.08	-0.0069571	undefined	undefined	liquid
22.340	26.589	166.60	0.0060023	-0.031534	-0.027101	-1.2748	17.141	28.111	907.08	-0.0069571	undefined	undefined	liquid
22.340	26.594	166.60	0.0060023	-0.031534	-0.027101	-1.2748	17.141	28.111	907.08	-0.0069571	undefined	undefined	liquid
22.340	26.600	166.60	0.0060023	-0.031534	-0.027100	-1.2748	17.141	28.111	907.08	-0.0069571	undefined	undefined	liquid
22.340	26.605	166.60	0.0060023	-0.031535	-0.027099	-1.2748	17.141	28.111	907.08	-0.0069571	undefined	undefined	liquid
22.340	26.611	166.60	0.0060023	-0.031535	-0.027099	-1.2748	17.141	28.111	907.09	-0.0069571	undefined	undefined	liquid
22.340	26.616	166.60	0.0060023	-0.031535	-0.027098	-1.2749	17.141	28.111	907.09	-0.0069572	undefined	undefined	liquid
22.340	26.622	166.60	0.0060023	-0.031536	-0.027098	-1.2749	17.141	28.111	907.09	-0.0069572	undefined	undefined	liquid
22.340	26.627	166.60	0.0060023	-0.031536	-0.027097	-1.2749	17.141	28.111	907.09	-0.0069572	undefined	undefined	liquid
22.340	26.633	166.60	0.0060023	-0.031536	-0.027096	-1.2749	17.141	28.111	907.09	-0.0069572	undefined	undefined	liquid
22.340	26.638	166.60	0.0060023	-0.031537	-0.027096	-1.2749	17.141	28.111	907.09	-0.0069572	undefined	undefined	liquid
22.340	26.644	166.60	0.0060023	-0.031537	-0.027095	-1.2749	17.141	28.111	907.09	-0.0069573	undefined	undefined	liquid
22.340	26.649	166.60	0.0060023	-0.031537	-0.027095	-1.2749	17.141	28.111	907.09	-0.0069573	undefined	undefined	liquid
22.340	26.655	166.60	0.0060023	-0.031538	-0.027094	-1.2750	17.141	28.111	907.09	-0.0069573	undefined	undefined	liquid
22.340	26.660	166.60	0.0060023	-0.031538	-0.027093	-1.2750	17.141	28.111	907.09	-0.0069573	undefined	undefined	liquid
22.340	26.666	166.60	0.0060023	-0.031538	-0.027093	-1.2750	17.141	28.111	907.09	-0.0069573	undefined	undefined	liquid
22.340	26.671	166.60	0.0060023	-0.031538	-0.027092	-1.2750	17.141	28.111	907.09	-0.0069573	undefined	undefined	liquid
22.340	26.677	166.60	0.0060023	-0.031539	-0.027092	-1.2750	17.141	28.111	907.09	-0.0069574	undefined	undefined	liquid
22.340	26.682	166.60	0.0060023	-0.031539	-0.027091	-1.2750	17.141	28.111	907.09	-0.0069574	undefined	undefined	liquid
22.340	26.688	166.60	0.0060023	-0.031539	-0.027090	-1.2750	17.141	28.111	907.09	-0.0069574	undefined	undefined	liquid
22.340	26.693	166.60	0.0060023	-0.031540	-0.027090	-1.2751	17.141	28.111	907.10	-0.0069574	undefined	undefined	liquid
22.340	26.699	166.60	0.0060022	-0.031540	-0.027089	-1.2751	17.141	28.111	907.10	-0.0069574	undefined	undefined	liquid
22.340	26.704	166.60	0.0060022	-0.031540	-0.027089	-1.2751	17.141	28.111	907.10	-0.0069574	undefined	undefined	liquid
22.340	26.710	166.60	0.0060022	-0.031541	-0.027088	-1.2751	17.141	28.111	907.10	-0.0069575	undefined	undefined	liquid
22.340	26.715	166.60	0.0060022	-0.031541	-0.027087	-1.2751	17.141	28.111	907.10	-0.0069575	undefined	undefined	liquid
22.340	26.721	166.60	0.0060022	-0.031541	-0.027087	-1.2751	17.141	28.111	907.10	-0.0069575	undefined	undefined	liquid
22.340	26.726	166.60	0.0060022	-0.031542	-0.027086	-1.2751	17.141	28.111	907.10	-0.0069575	undefined	undefined	liquid
22.340	26.732	166.60	0.0060022	-0.031542	-0.027086	-1.2752	17.141	28.111	907.10	-0.0069575	undefined	undefined	liquid
22.340	26.737	166.60	0.0060022	-0.031542	-0.027085	-1.2752	17.141	28.111	907.10	-0.0069575	undefined	undefined	liquid
22.340	26.743	166.60	0.0060022	-0.031543	-0.027084	-1.2752	17.141	28.111	907.10	-0.0069576	undefined	undefined	liquid
22.340	26.748	166.60	0.0060022	-0.031543	-0.027084	-1.2752	17.141	28.111	907.10	-0.0069576	undefined	undefined	liquid
22.340	26.754	166.60	0.0060022	-0.031543	-0.027083	-1.2752	17.141	28.111	907.10	-0.0069576	undefined	undefined	liquid
22.340	26.759	166.61	0.0060022	-0.031544	-0.027083	-1.2752	17.141	28.111	907.10	-0.0069576	undefined	undefined	liquid
22.340	26.765	166.61	0.0060022	-0.031544	-0.027082	-1.2752	17.141	28.110	907.10	-0.0069576	undefined	undefined	liquid
22.340	26.770	166.61	0.0060022	-0.031544	-0.027081	-1.2753	17.141	28.110	907.10	-0.0069576	undefined	undefined	liquid
22.340	26.776	166.61	0.0060022	-0.031545	-0.027081	-1.2753	17.141	28.110	907.11	-0.0069577	undefined	undefined	liquid
22.340	26.781	166.61	0.0060022	-0.031545	-0.027080	-1.2753	17.141	28.110	907.11	-0.0069577	undefined	undefined	liquid
22.340	26.787	166.61	0.0060022	-0.031545	-0.027080	-1.2753	17.141	28.110	907.11	-0.0069577	undefined	undefined	liquid
22.340	26.792	166.61	0.0060022	-0.031545	-0.027079	-1.2753	17.141	28.110	907.11	-0.0069577	undefined	undefined	liquid
22.340	26.798	166.61	0.0060022	-0.031546	-0.027079	-1.2753	17.141	28.110	907.11	-0.0069577	undefined	undefined	liquid
22.340	26.803	166.61	0.0060022	-0.031546	-0.027078	-1.2753	17.141	28.110	907.11	-0.0069577	undefined	undefined	liquid
22.340	26.809	166.61	0.0060022	-0.031546	-0.027077	-1.2754	17.141	28.110	907.11	-0.0069578	undefined	undefined	liquid
22.340	26.814	166.61	0.0060022	-0.031547	-0.027077	-1.2754	17.141	28.110	907.11	-0.0069578	undefined	undefined	liquid
22.340	26.820	166.61	0.0060022	-0.031547	-0.027076	-1.2754	17.141	28.110	907.11	-0.0069578	undefined	undefined	liquid
22.340	26.825	166.61	0.0060022	-0.031547	-0.027076	-1.2754	17.141	28.110	907.11	-0.0069578	undefined	undefined	liquid
22.340	26.831	166.61	0.0060022	-0.031548	-0.027075	-1.2754	17.141	28.110	907.11	-0.0069578	undefined	undefined	liquid
22.340	26.836	166.61	0.0060022	-0.031548	-0.027074	-1.2754	17.141	28.110	907.11	-0.0069578	undefined	undefined	liquid
22.340	26.842	166.61	0.0060022	-0.031548	-0.027074	-1.2754	17.141	28.110	907.11	-0.0069579	undefined	undefined	liquid
22.340	26.847	166.61	0.0060022	-0.031549	-0.027073	-1.2755	17.141	28.110	907.11	-0.0069579	undefined	undefined	liquid
22.340	26.853	166.61	0.0060022	-0.031549	-0.027073	-1.2755	17.141	28.110	907.11	-0.0069579	undefined	undefined	liquid
22.340	26.858	166.61	0.0060022	-0.031549	-0.027072	-1.2755	17.142	28.110	907.12	-0.0069579	undefined	undefined	liquid
22.340	26.864	166.61	0.0060022	-0.031550	-0.027071	-1.2755	17.142	28.110	907.12	-0.0069579	undefined	undefined	liquid
22.340	26.869	166.61	0.0060022	-0.031550	-0.027071	-1.2755	17.142	28.110	907.12	-0.0069579	undefined	undefined	liquid
22.340	26.875	166.61	0.0060022	-0.031550	-0.027070	-1.2755	17.142	28.110	907.12	-0.0069580	undefined	undefined	liquid
22.340	26.880	166.61	0.0060022	-0.031551	-0.027070	-1.2755	17.142	28.110	907.12	-0.0069580	undefined	undefined	liquid
22.340	26.886	166.61	0.0060022	-0.031551	-0.027069	-1.2756	17.142	28.110	907.12	-0.0069580	undefined	undefined	liquid
22.340	26.891	166.61	0.0060022	-0.031551	-0.027068	-1.2756	17.142	28.110	907.12	-0.0069580	undefined	undefined	liquid
22.340	26.897	166.61	0.0060022	-0.031551	-0.027068	-1.2756	17.142	28.110	907.12	-0.0069580	undefined	undefined	liquid
22.340	26.902	166.61	0.0060021	-0.031552	-0.027067	-1.2756	17.142	28.110	907.12	-0.0069580	undefined	undefined	liquid
22.340	26.908	166.61	0.0060021	-0.031552	-0.027067	-1.2756	17.142	28.110	907.12	-0.0069581	undefined	undefined	liquid
22.340	26.913	166.61	0.0060021	-0.031552	-0.027066	-1.2756	17.142	28.110	907.12	-0.0069581	undefined	undefined	liquid
22.340	26.919	166.61	0.0060021	-0.031553	-0.027065	-1.2756	17.142	28.110	907.12	-0.0069581	undefined	undefined	liquid
22.340	26.924	166.61	0.0060021	-0.031553	-0.027065	-1.2757	17.142	28.110	907.12	-0.0069581	undefined	undefined	liquid
22.340	26.930	166.61	0.0060021	-0.031553	-0.027064	-1.2757	17.142	28.110	907.12	-0.0069581	undefined	undefined	liquid
22.340	26.935	166.61	0.0060021	-0.031554	-0.027064	-1.2757	17.142	28.110	907.13	-0.0069581	undefined	undefined	liquid
22.340	26.941	166.61	0.0060021	-0.031554	-0.027063	-1.2757	17.142	28.110	907.13	-0.0069582	undefined	undefined	liquid
22.340	26.946	166.61	0.0060021	-0.031554	-0.027062	-1.2757	17.142	28.109	907.13	-0.0069582	undefined	undefined	liquid
22.340	26.952	166.61	0.0060021	-0.031555	-0.027062	-1.2757	17.142	28.109	907.13	-0.0069582	undefined	undefined	liquid
22.340	26.957	166.61	0.0060021	-0.031555	-0.027061	-1.2757	17.142	28.109	907.13	-0.0069582	undefined	undefined	liquid
22.340	26.963	166.61	0.0060021	-0.031555	-0.027061	-1.2758	17.142	28.109	907.13	-0.0069582	undefined	undefined	liquid
22.340	26.968	166.61	0.0060021	-0.031556	-0.027060	-1.2758	17.142	28.109	907.13	-0.0069582	undefined	undefined	liquid
22.340	26.974	166.61	0.0060021	-0.031556	-0.027059	-1.2758	17.142	28.109	907.13	-0.0069583	undefined	undefined	liquid
22.340	26.979	166.61	0.0060021	-0.031556	-0.027059	-1.2758	17.142	28.109	907.13	-0.0069583	undefined	undefined	liquid
22.340	26.985	166.61	0.0060021	-0.031557	-0.027058	-1.2758	17.142	28.109	907.13	-0.0069583	undefined	undefined	liquid
22.340	26.990	166.61	0.0060021	-0.031557	-0.027058	-1.2758	17.142	28.109	907.13	-0.0069583	undefined	undefined	liquid
22.340	26.996	166.61	0.0060021	-0.031557	-0.027057	-1.2758	17.142	28.109	907.13	-0.0069583	undefined	undefined	liquid
22.340	27.001	166.61	0.0060021	-0.031558	-0.027056	-1.2759	17.142	28.109	907.13	-0.0069584	undefined	undefined	liquid
22.340	27.007	166.61	0.0060021	-0.031558	-0.027056	-1.2759	17.142	28.109	907.13	-0.0069584	undefined	undefined	liquid
22.340	27.012	166.61	0.0060021	-0.031558	-0.027055	-1.2759	17.142	28.109	907.13	-0.0069584	undefined	undefined	liquid
22.340	27.018	166.61	0.0060021	-0.031558	-0.027055	-1.2759	17.142	28.109	907.14	-0.0069584	undefined	undefined	liquid
22.340	27.023	166.61	0.0060021	-0.031559	-0.027054	-1.2759	17.142	28.109	907.14	-0.0069584	undefined	undefined	liquid
22.340	27.029	166.61	0.0060021	-0.031559	-0.027053	-1.2759	17.142	28.109	907.14	-0.0069584	undefined	undefined	liquid
22.340	27.034	166.61	0.0060021	-0.031559	-0.027053	-1.2759	17.142	28.109	907.14	-0.0069585	undefined	undefined	liquid
22.340	27.040	166.61	0.0060021	-0.031560	-0.027052	-1.2760	17.142	28.109	907.14	-0.0069585	undefined	undefined	liquid
22.340	27.045	166.61	0.0060021	-0.031560	-0.027052	-1.2760	17.142	28.109	907.14	-0.0069585	undefined	undefined	liquid
22.340	27.051	166.61	0.0060021	-0.031560	-0.027051	-1.2760	17.142	28.109	907.14	-0.0069585	undefined	undefined	liquid
22.340	27.056	166.61	0.0060021	-0.031561	-0.027050	-1.2760	17.142	28.109	907.14	-0.0069585	undefined	undefined	liquid
22.340	27.062	166.61	0.0060021	-0.031561	-0.027050	-1.2760	17.142	28.109	907.14	-0.0069585	undefined	undefined	liquid
22.340	27.067	166.61	0.0060021	-0.031561	-0.027049	-1.2760	17.142	28.109	907.14	-0.0069586	undefined	undefined	liquid
22.340	27.073	166.61	0.0060021	-0.031562	-0.027049	-1.2760	17.142	28.109	907.14	-0.0069586	undefined	undefined	liquid
22.340	27.078	166.61	0.0060021	-0.031562	-0.027048	-1.2761	17.142	28.109	907.14	-0.0069586	undefined	undefined	liquid
22.340	27.084	166.61	0.0060021	-0.031562	-0.027047	-1.2761	17.142	28.109	907.14	-0.0069586	undefined	undefined	liquid
22.340	27.089	166.61	0.0060021	-0.031563	-0.027047	-1.2761	17.142	28.109	907.14	-0.0069586	undefined	undefined	liquid
22.340	27.095	166.61	0.0060021	-0.031563	-0.027046	-1.2761	17.142	28.109	907.14	-0.0069586	undefined	undefined	liquid
22.340	27.100	166.61	0.0060021	-0.031563	-0.027046	-1.2761	17.142	28.109	907.15	-0.0069587	undefined	undefined	liquid
22.340	27.106	166.61	0.0060020	-0.031564	-0.027045	-1.2761	17.142	28.109	907.15	-0.0069587	undefined	undefined	liquid
22.340	27.111	166.61	0.0060020	-0.031564	-0.027044	-1.2761	17.142	28.109	907.15	-0.0069587	undefined	undefined	liquid
22.340	27.117	166.61	0.0060020	-0.031564	-0.027044	-1.2762	17.142	28.109	907.15	-0.0069587	undefined	undefined	liquid
22.340	27.122	166.61	0.0060020	-0.031564	-0.027043	-1.2762	17.142	28.109	907.15	-0.0069587	undefined	undefined	liquid
22.340	27.128	166.61	0.0060020	-0.031565	-0.027043	-1.2762	17.142	28.108	907.15	-0.0069587	undefined	undefined	liquid
22.340	27.133	166.61	0.0060020	-0.031565	-0.027042	-1.2762	17.142	28.108	907.15	-0.0069588	undefined	undefined	liquid
22.340	27.139	166.61	0.0060020	-0.031565	-0.027041	-1.2762	17.142	28.108	907.15	-0.0069588	undefined	undefined	liquid
22.340	27.144	166.61	0.0060020	-0.031566	-0.027041	-1.2762	17.142	28.108	907.15	-0.0069588	undefined	undefined	liquid
22.340	27.150	166.61	0.0060020	-0.031566	-0.027040	-1.2762	17.142	28.108	907.15	-0.0069588	undefined	undefined	liquid
22.340	27.155	166.61	0.0060020	-0.031566	-0.027040	-1.2763	17.142	28.108	907.15	-0.0069588	undefined	undefined	liquid
22.340	27.161	166.61	0.0060020	-0.031567	-0.027039	-1.2763	17.142	28.108	907.15	-0.0069588	undefined	undefined	liquid
22.340	27.166	166.61	0.0060020	-0.031567	-0.027038	-1.2763	17.142	28.108	907.15	-0.0069589	undefined	undefined	liquid
22.340	27.172	166.61	0.0060020	-0.031567	-0.027038	-1.2763	17.142	28.108	907.15	-0.0069589	undefined	undefined	liquid
22.340	27.177	166.61	0.0060020	-0.031568	-0.027037	-1.2763	17.142	28.108	907.15	-0.0069589	undefined	undefined	liquid
22.340	27.183	166.61	0.0060020	-0.031568	-0.027037	-1.2763	17.142	28.108	907.16	-0.0069589	undefined	undefined	liquid
22.340	27.188	166.61	0.0060020	-0.031568	-0.027036	-1.2763	17.142	28.108	907.16	-0.0069589	undefined	undefined	liquid
22.340	27.194	166.61	0.0060020	-0.031569	-0.027035	-1.2764	17.142	28.108	907.16	-0.0069589	undefined	undefined	liquid
22.340	27.199	166.61	0.0060020	-0.031569	-0.027035	-1.2764	17.142	28.108	907.16	-0.0069590	undefined	undefined	liquid
22.340	27.205	166.61	0.0060020	-0.031569	-0.027034	-1.2764	17.142	28.108	907.16	-0.0069590	undefined	undefined	liquid
22.340	27.210	166.61	0.0060020	-0.031570	-0.027034	-1.2764	17.142	28.108	907.16	-0.0069590	undefined	undefined	liquid
22.340	27.216	166.61	0.0060020	-0.031570	-0.027033	-1.2764	17.142	28.108	907.16	-0.0069590	undefined	undefined	liquid
22.340	27.221	166.61	0.0060020	-0.031570	-0.027032	-1.2764	17.142	28.108	907.16	-0.0069590	undefined	undefined	liquid
22.340	27.227	166.61	0.0060020	-0.031571	-0.027032	-1.2764	17.142	28.108	907.16	-0.0069590	undefined	undefined	liquid
22.340	27.232	166.61	0.0060020	-0.031571	-0.027031	-1.2765	17.142	28.108	907.16	-0.0069591	undefined	undefined	liquid
22.340	27.238	166.61	0.0060020	-0.031571	-0.027031	-1.2765	17.142	28.108	907.16	-0.0069591	undefined	undefined	liquid
22.340	27.243	166.61	0.0060020	-0.031571	-0.027030	-1.2765	17.142	28.108	907.16	-0.0069591	undefined	undefined	liquid
22.340	27.249	166.61	0.0060020	-0.031572	-0.027030	-1.2765	17.142	28.108	907.16	-0.0069591	undefined	undefined	liquid
22.340	27.254	166.61	0.0060020	-0.031572	-0.027029	-1.2765	17.142	28.108	907.16	-0.0069591	undefined	undefined	liquid
22.340	27.260	166.61	0.0060020	-0.031572	-0.027028	-1.2765	17.142	28.108	907.17	-0.0069591	undefined	undefined	liquid
22.340	27.265	166.61	0.0060020	-0.031573	-0.027028	-1.2765	17.142	28.108	907.17	-0.0069592	undefined	undefined	liquid
22.340	27.271	166.61	0.0060020	-0.031573	-0.027027	-1.2766	17.142	28.108	907.17	-0.0069592	undefined	undefined	liquid
22.340	27.276	166.61	0.0060020	-0.031573	-0.027027	-1.2766	17.142	28.108	907.17	-0.0069592	undefined	undefined	liquid
22.340	27.282	166.61	0.0060020	-0.031574	-0.027026	-1.2766	17.142	28.108	907.17	-0.0069592	undefined	undefined	liquid
22.340	27.287	166.61	0.0060020	-0.031574	-0.027025	-1.2766	17.142	28.108	907.17	-0.0069592	undefined	undefined	liquid
22.340	27.293	166.61	0.0060020	-0.031574	-0.027025	-1.2766	17.142	28.108	907.17	-0.0069592	undefined	undefined	liquid
22.340	27.298	166.61	0.0060020	-0.031575	-0.027024	-1.2766	17.142	28.108	907.17	-0.0069593	undefined	undefined	liquid
22.340	27.304	166.61	0.0060019	-0.031575	-0.027024	-1.2766	17.142	28.107	907.17	-0.0069593	undefined	undefined	liquid
22.340	27.309	166.61	0.0060019	-0.031575	-0.027023	-1.2767	17.142	28.107	907.17	-0.0069593	undefined	undefined	liquid
22.340	27.315	166.61	0.0060019	-0.031576	-0.027022	-1.2767	17.142	28.107	907.17	-0.0069593	undefined	undefined	liquid
22.340	27.320	166.61	0.0060019	-0.031576	-0.027022	-1.2767	17.142	28.107	907.17	-0.0069593	undefined	undefined	liquid
22.340	27.326	166.61	0.0060019	-0.031576	-0.027021	-1.2767	17.142	28.107	907.17	-0.0069594	undefined	undefined	liquid
22.340	27.331	166.61	0.0060019	-0.031577	-0.027021	-1.2767	17.142	28.107	907.17	-0.0069594	undefined	undefined	liquid
22.340	27.337	166.61	0.0060019	-0.031577	-0.027020	-1.2767	17.142	28.107	907.17	-0.0069594	undefined	undefined	liquid
22.340	27.342	166.61	0.0060019	-0.031577	-0.027019	-1.2767	17.142	28.107	907.18	-0.0069594	undefined	undefined	liquid
22.340	27.348	166.61	0.0060019	-0.031577	-0.027019	-1.2768	17.142	28.107	907.18	-0.0069594	undefined	undefined	liquid
22.340	27.353	166.61	0.0060019	-0.031578	-0.027018	-1.2768	17.142	28.107	907.18	-0.0069594	undefined	undefined	liquid
22.340	27.359	166.61	0.0060019	-0.031578	-0.027018	-1.2768	17.142	28.107	907.18	-0.0069595	undefined	undefined	liquid
22.340	27.364	166.61	0.0060019	-0.031578	-0.027017	-1.2768	17.142	28.107	907.18	-0.0069595	undefined	undefined	liquid
22.340	27.370	166.61	0.0060019	-0.031579	-0.027016	-1.2768	17.142	28.107	907.18	-0.0069595	undefined	undefined	liquid
22.340	27.375	166.61	0.0060019	-0.031579	-0.027016	-1.2768	17.142	28.107	907.18	-0.0069595	undefined	undefined	liquid
22.340	27.381	166.61	0.0060019	-0.031579	-0.027015	-1.2768	17.142	28.107	907.18	-0.0069595	undefined	undefined	liquid
22.340	27.386	166.61	0.0060019	-0.031580	-0.027015	-1.2769	17.142	28.107	907.18	-0.0069595	undefined	undefined	liquid
22.340	27.392	166.61	0.0060019	-0.031580	-0.027014	-1.2769	17.142	28.107	907.18	-0.0069596	undefined	undefined	liquid
22.340	27.397	166.61	0.0060019	-0.031580	-0.027013	-1.2769	17.142	28.107	907.18	-0.0069596	undefined	undefined	liquid
22.340	27.403	166.61	0.0060019	-0.031581	-0.027013	-1.2769	17.142	28.107	907.18	-0.0069596	undefined	undefined	liquid
22.340	27.408	166.61	0.0060019	-0.031581	-0.027012	-1.2769	17.142	28.107	907.18	-0.0069596	undefined	undefined	liquid
22.340	27.414	166.61	0.0060019	-0.031581	-0.027012	-1.2769	17.142	28.107	907.18	-0.0069596	undefined	undefined	liquid
22.340	27.419	166.61	0.0060019	-0.031582	-0.027011	-1.2769	17.142	28.107	907.18	-0.0069596	undefined	undefined	liquid
22.340	27.425	166.61	0.0060019	-0.031582	-0.027010	-1.2770	17.142	28.107	907.19	-0.0069597	undefined	undefined	liquid
22.340	27.430	166.61	0.0060019	-0.031582	-0.027010	-1.2770	17.142	28.107	907.19	-0.0069597	undefined	undefined	liquid
22.340	27.436	166.61	0.0060019	-0.031583	-0.027009	-1.2770	17.142	28.107	907.19	-0.0069597	undefined	undefined	liquid
22.340	27.441	166.61	0.0060019	-0.031583	-0.027009	-1.2770	17.142	28.107	907.19	-0.0069597	undefined	undefined	liquid
22.340	27.447	166.61	0.0060019	-0.031583	-0.027008	-1.2770	17.142	28.107	907.19	-0.0069597	undefined	undefined	liquid
22.340	27.452	166.61	0.0060019	-0.031584	-0.027007	-1.2770	17.142	28.107	907.19	-0.0069597	undefined	undefined	liquid
22.340	27.458	166.61	0.0060019	-0.031584	-0.027007	-1.2770	17.142	28.107	907.19	-0.0069598	undefined	undefined	liquid
22.340	27.463	166.61	0.0060019	-0.031584	-0.027006	-1.2771	17.142	28.107	907.19	-0.0069598	undefined	undefined	liquid
22.340	27.469	166.61	0.0060019	-0.031584	-0.027006	-1.2771	17.143	28.107	907.19	-0.0069598	undefined	undefined	liquid
22.340	27.474	166.61	0.0060019	-0.031585	-0.027005	-1.2771	17.143	28.107	907.19	-0.0069598	undefined	undefined	liquid
22.340	27.480	166.61	0.0060019	-0.031585	-0.027004	-1.2771	17.143	28.107	907.19	-0.0069598	undefined	undefined	liquid
22.340	27.485	166.62	0.0060019	-0.031585	-0.027004	-1.2771	17.143	28.106	907.19	-0.0069598	undefined	undefined	liquid
22.340	27.491	166.62	0.0060019	-0.031586	-0.027003	-1.2771	17.143	28.106	907.19	-0.0069599	undefined	undefined	liquid
22.340	27.496	166.62	0.0060019	-0.031586	-0.027003	-1.2771	17.143	28.106	907.19	-0.0069599	undefined	undefined	liquid
22.340	27.502	166.62	0.0060019	-0.031586	-0.027002	-1.2772	17.143	28.106	907.20	-0.0069599	undefined	undefined	liquid
22.340	27.507	166.62	0.0060018	-0.031587	-0.027001	-1.2772	17.143	28.106	907.20	-0.0069599	undefined	undefined	liquid
22.340	27.513	166.62	0.0060018	-0.031587	-0.027001	-1.2772	17.143	28.106	907.20	-0.0069599	undefined	undefined	liquid
22.340	27.518	166.62	0.0060018	-0.031587	-0.027000	-1.2772	17.143	28.106	907.20	-0.0069599	undefined	undefined	liquid
22.340	27.524	166.62	0.0060018	-0.031588	-0.027000	-1.2772	17.143	28.106	907.20	-0.0069600	undefined	undefined	liquid
22.340	27.529	166.62	0.0060018	-0.031588	-0.026999	-1.2772	17.143	28.106	907.20	-0.0069600	undefined	undefined	liquid
22.340	27.535	166.62	0.0060018	-0.031588	-0.026998	-1.2772	17.143	28.106	907.20	-0.0069600	undefined	undefined	liquid
22.340	27.540	166.62	0.0060018	-0.031589	-0.026998	-1.2773	17.143	28.106	907.20	-0.0069600	undefined	undefined	liquid
22.340	27.546	166.62	0.0060018	-0.031589	-0.026997	-1.2773	17.143	28.106	907.20	-0.0069600	undefined	undefined	liquid
22.340	27.551	166.62	0.0060018	-0.031589	-0.026997	-1.2773	17.143	28.106	907.20	-0.0069600	undefined	undefined	liquid
22.340	27.557	166.62	0.0060018	-0.031590	-0.026996	-1.2773	17.143	28.106	907.20	-0.0069601	undefined	undefined	liquid
22.340	27.562	166.62	0.0060018	-0.031590	-0.026995	-1.2773	17.143	28.106	907.20	-0.0069601	undefined	undefined	liquid
22.340	27.568	166.62	0.0060018	-0.031590	-0.026995	-1.2773	17.143	28.106	907.20	-0.0069601	undefined	undefined	liquid
22.340	27.573	166.62	0.0060018	-0.031590	-0.026994	-1.2773	17.143	28.106	907.20	-0.0069601	undefined	undefined	liquid
22.340	27.579	166.62	0.0060018	-0.031591	-0.026994	-1.2774	17.143	28.106	907.20	-0.0069601	undefined	undefined	liquid
22.340	27.584	166.62	0.0060018	-0.031591	-0.026993	-1.2774	17.143	28.106	907.21	-0.0069601	undefined	undefined	liquid
22.340	27.590	166.62	0.0060018	-0.031591	-0.026992	-1.2774	17.143	28.106	907.21	-0.0069602	undefined	undefined	liquid
22.340	27.595	166.62	0.0060018	-0.031592	-0.026992	-1.2774	17.143	28.106	907.21	-0.0069602	undefined	undefined	liquid
22.340	27.601	166.62	0.0060018	-0.031592	-0.026991	-1.2774	17.143	28.106	907.21	-0.0069602	undefined	undefined	liquid
22.340	27.606	166.62	0.0060018	-0.031592	-0.026991	-1.2774	17.143	28.106	907.21	-0.0069602	undefined	undefined	liquid
22.340	27.612	166.62	0.0060018	-0.031593	-0.026990	-1.2774	17.143	28.106	907.21	-0.0069602	undefined	undefined	liquid
22.340	27.617	166.62	0.0060018	-0.031593	-0.026989	-1.2775	17.143	28.106	907.21	-0.0069602	undefined	undefined	liquid
22.340	27.623	166.62	0.0060018	-0.031593	-0.026989	-1.2775	17.143	28.106	907.21	-0.0069603	undefined	undefined	liquid
22.340	27.628	166.62	0.0060018	-0.031594	-0.026988	-1.2775	17.143	28.106	907.21	-0.0069603	undefined	undefined	liquid
22.340	27.634	166.62	0.0060018	-0.031594	-0.026988	-1.2775	17.143	28.106	907.21	-0.0069603	undefined	undefined	liquid
22.340	27.639	166.62	0.0060018	-0.031594	-0.026987	-1.2775	17.143	28.106	907.21	-0.0069603	undefined	undefined	liquid
22.340	27.645	166.62	0.0060018	-0.031595	-0.026986	-1.2775	17.143	28.106	907.21	-0.0069603	undefined	undefined	liquid
22.340	27.650	166.62	0.0060018	-0.031595	-0.026986	-1.2775	17.143	28.106	907.21	-0.0069604	undefined	undefined	liquid
22.340	27.656	166.62	0.0060018	-0.031595	-0.026985	-1.2776	17.143	28.106	907.21	-0.0069604	undefined	undefined	liquid
22.340	27.661	166.62	0.0060018	-0.031596	-0.026985	-1.2776	17.143	28.105	907.21	-0.0069604	undefined	undefined	liquid
22.340	27.667	166.62	0.0060018	-0.031596	-0.026984	-1.2776	17.143	28.105	907.22	-0.0069604	undefined	undefined	liquid
22.340	27.672	166.62	0.0060018	-0.031596	-0.026983	-1.2776	17.143	28.105	907.22	-0.0069604	undefined	undefined	liquid
22.340	27.678	166.62	0.0060018	-0.031597	-0.026983	-1.2776	17.143	28.105	907.22	-0.0069604	undefined	undefined	liquid
22.340	27.683	166.62	0.0060018	-0.031597	-0.026982	-1.2776	17.143	28.105	907.22	-0.0069605	undefined	undefined	liquid
22.340	27.689	166.62	0.0060018	-0.031597	-0.026982	-1.2776	17.143	28.105	907.22	-0.0069605	undefined	undefined	liquid
22.340	27.694	166.62	0.0060018	-0.031597	-0.026981	-1.2777	17.143	28.105	907.22	-0.0069605	undefined	undefined	liquid
22.340	27.700	166.62	0.0060018	-0.031598	-0.026980	-1.2777	17.143	28.105	907.22	-0.0069605	undefined	undefined	liquid
