Temperature (K)	Pressure (psia)	Density (kg/m3)	Volume (m3/kg)	Internal Energy (kJ/mol)	Enthalpy (kJ/mol)	Entropy (J/mol*K)	Cv (J/mol*K)	Cp (J/mol*K)	Sound Spd. (m/s)	Joule-Thomson (F/psia)	Viscosity (uPa*s)	Therm. Cond. (W/m*K)	Phase
22.270	24.400	166.75	0.0059969	-0.033366	-0.029302	-1.3571	17.051	27.956	909.60	-0.0070173	undefined	undefined	liquid
22.270	24.404	166.75	0.0059968	-0.033366	-0.029301	-1.3571	17.051	27.956	909.60	-0.0070173	undefined	undefined	liquid
22.270	24.408	166.75	0.0059968	-0.033366	-0.029301	-1.3571	17.051	27.956	909.60	-0.0070173	undefined	undefined	liquid
22.270	24.413	166.75	0.0059968	-0.033366	-0.029300	-1.3571	17.051	27.955	909.60	-0.0070173	undefined	undefined	liquid
22.270	24.417	166.75	0.0059968	-0.033367	-0.029300	-1.3571	17.051	27.955	909.60	-0.0070174	undefined	undefined	liquid
22.270	24.421	166.75	0.0059968	-0.033367	-0.029299	-1.3571	17.051	27.955	909.60	-0.0070174	undefined	undefined	liquid
22.270	24.425	166.75	0.0059968	-0.033367	-0.029299	-1.3572	17.051	27.955	909.60	-0.0070174	undefined	undefined	liquid
22.270	24.429	166.75	0.0059968	-0.033367	-0.029299	-1.3572	17.051	27.955	909.60	-0.0070174	undefined	undefined	liquid
22.270	24.434	166.75	0.0059968	-0.033368	-0.029298	-1.3572	17.051	27.955	909.60	-0.0070174	undefined	undefined	liquid
22.270	24.438	166.75	0.0059968	-0.033368	-0.029298	-1.3572	17.051	27.955	909.60	-0.0070174	undefined	undefined	liquid
22.270	24.442	166.75	0.0059968	-0.033368	-0.029297	-1.3572	17.051	27.955	909.60	-0.0070174	undefined	undefined	liquid
22.270	24.446	166.75	0.0059968	-0.033368	-0.029297	-1.3572	17.051	27.955	909.60	-0.0070174	undefined	undefined	liquid
22.270	24.450	166.75	0.0059968	-0.033369	-0.029296	-1.3572	17.051	27.955	909.60	-0.0070175	undefined	undefined	liquid
22.270	24.455	166.75	0.0059968	-0.033369	-0.029296	-1.3572	17.051	27.955	909.61	-0.0070175	undefined	undefined	liquid
22.270	24.459	166.75	0.0059968	-0.033369	-0.029295	-1.3572	17.051	27.955	909.61	-0.0070175	undefined	undefined	liquid
22.270	24.463	166.76	0.0059968	-0.033369	-0.029295	-1.3573	17.051	27.955	909.61	-0.0070175	undefined	undefined	liquid
22.270	24.467	166.76	0.0059968	-0.033370	-0.029294	-1.3573	17.051	27.955	909.61	-0.0070175	undefined	undefined	liquid
22.270	24.471	166.76	0.0059968	-0.033370	-0.029294	-1.3573	17.051	27.955	909.61	-0.0070175	undefined	undefined	liquid
22.270	24.476	166.76	0.0059968	-0.033370	-0.029294	-1.3573	17.051	27.955	909.61	-0.0070175	undefined	undefined	liquid
22.270	24.480	166.76	0.0059968	-0.033370	-0.029293	-1.3573	17.051	27.955	909.61	-0.0070176	undefined	undefined	liquid
22.270	24.484	166.76	0.0059968	-0.033370	-0.029293	-1.3573	17.051	27.955	909.61	-0.0070176	undefined	undefined	liquid
22.270	24.488	166.76	0.0059968	-0.033371	-0.029292	-1.3573	17.051	27.955	909.61	-0.0070176	undefined	undefined	liquid
22.270	24.492	166.76	0.0059968	-0.033371	-0.029292	-1.3573	17.051	27.955	909.61	-0.0070176	undefined	undefined	liquid
22.270	24.497	166.76	0.0059968	-0.033371	-0.029291	-1.3573	17.051	27.955	909.61	-0.0070176	undefined	undefined	liquid
22.270	24.501	166.76	0.0059968	-0.033371	-0.029291	-1.3574	17.051	27.955	909.61	-0.0070176	undefined	undefined	liquid
22.270	24.505	166.76	0.0059968	-0.033372	-0.029290	-1.3574	17.051	27.955	909.61	-0.0070176	undefined	undefined	liquid
22.270	24.509	166.76	0.0059968	-0.033372	-0.029290	-1.3574	17.051	27.955	909.61	-0.0070176	undefined	undefined	liquid
22.270	24.513	166.76	0.0059968	-0.033372	-0.029289	-1.3574	17.051	27.955	909.61	-0.0070177	undefined	undefined	liquid
22.270	24.518	166.76	0.0059968	-0.033372	-0.029289	-1.3574	17.051	27.955	909.61	-0.0070177	undefined	undefined	liquid
22.270	24.522	166.76	0.0059968	-0.033373	-0.029288	-1.3574	17.051	27.955	909.61	-0.0070177	undefined	undefined	liquid
22.270	24.526	166.76	0.0059968	-0.033373	-0.029288	-1.3574	17.051	27.955	909.61	-0.0070177	undefined	undefined	liquid
22.270	24.530	166.76	0.0059968	-0.033373	-0.029288	-1.3574	17.051	27.955	909.61	-0.0070177	undefined	undefined	liquid
22.270	24.534	166.76	0.0059968	-0.033373	-0.029287	-1.3574	17.051	27.955	909.61	-0.0070177	undefined	undefined	liquid
22.270	24.539	166.76	0.0059968	-0.033374	-0.029287	-1.3575	17.051	27.955	909.62	-0.0070177	undefined	undefined	liquid
22.270	24.543	166.76	0.0059968	-0.033374	-0.029286	-1.3575	17.051	27.955	909.62	-0.0070177	undefined	undefined	liquid
22.270	24.547	166.76	0.0059968	-0.033374	-0.029286	-1.3575	17.051	27.955	909.62	-0.0070178	undefined	undefined	liquid
22.270	24.551	166.76	0.0059968	-0.033374	-0.029285	-1.3575	17.051	27.955	909.62	-0.0070178	undefined	undefined	liquid
22.270	24.555	166.76	0.0059968	-0.033375	-0.029285	-1.3575	17.051	27.955	909.62	-0.0070178	undefined	undefined	liquid
22.270	24.560	166.76	0.0059968	-0.033375	-0.029284	-1.3575	17.051	27.955	909.62	-0.0070178	undefined	undefined	liquid
22.270	24.564	166.76	0.0059968	-0.033375	-0.029284	-1.3575	17.051	27.955	909.62	-0.0070178	undefined	undefined	liquid
22.270	24.568	166.76	0.0059968	-0.033375	-0.029283	-1.3575	17.051	27.955	909.62	-0.0070178	undefined	undefined	liquid
22.270	24.572	166.76	0.0059968	-0.033376	-0.029283	-1.3575	17.051	27.955	909.62	-0.0070178	undefined	undefined	liquid
22.270	24.576	166.76	0.0059968	-0.033376	-0.029283	-1.3575	17.051	27.955	909.62	-0.0070179	undefined	undefined	liquid
22.270	24.581	166.76	0.0059968	-0.033376	-0.029282	-1.3576	17.051	27.955	909.62	-0.0070179	undefined	undefined	liquid
22.270	24.585	166.76	0.0059968	-0.033376	-0.029282	-1.3576	17.051	27.955	909.62	-0.0070179	undefined	undefined	liquid
22.270	24.589	166.76	0.0059968	-0.033376	-0.029281	-1.3576	17.051	27.954	909.62	-0.0070179	undefined	undefined	liquid
22.270	24.593	166.76	0.0059968	-0.033377	-0.029281	-1.3576	17.051	27.954	909.62	-0.0070179	undefined	undefined	liquid
22.270	24.597	166.76	0.0059968	-0.033377	-0.029280	-1.3576	17.051	27.954	909.62	-0.0070179	undefined	undefined	liquid
22.270	24.602	166.76	0.0059968	-0.033377	-0.029280	-1.3576	17.051	27.954	909.62	-0.0070179	undefined	undefined	liquid
22.270	24.606	166.76	0.0059968	-0.033377	-0.029279	-1.3576	17.051	27.954	909.62	-0.0070179	undefined	undefined	liquid
22.270	24.610	166.76	0.0059967	-0.033378	-0.029279	-1.3576	17.051	27.954	909.62	-0.0070180	undefined	undefined	liquid
22.270	24.614	166.76	0.0059967	-0.033378	-0.029278	-1.3576	17.051	27.954	909.62	-0.0070180	undefined	undefined	liquid
22.270	24.618	166.76	0.0059967	-0.033378	-0.029278	-1.3577	17.051	27.954	909.63	-0.0070180	undefined	undefined	liquid
22.270	24.623	166.76	0.0059967	-0.033378	-0.029278	-1.3577	17.051	27.954	909.63	-0.0070180	undefined	undefined	liquid
22.270	24.627	166.76	0.0059967	-0.033379	-0.029277	-1.3577	17.051	27.954	909.63	-0.0070180	undefined	undefined	liquid
22.270	24.631	166.76	0.0059967	-0.033379	-0.029277	-1.3577	17.051	27.954	909.63	-0.0070180	undefined	undefined	liquid
22.270	24.635	166.76	0.0059967	-0.033379	-0.029276	-1.3577	17.051	27.954	909.63	-0.0070180	undefined	undefined	liquid
22.270	24.639	166.76	0.0059967	-0.033379	-0.029276	-1.3577	17.051	27.954	909.63	-0.0070180	undefined	undefined	liquid
22.270	24.644	166.76	0.0059967	-0.033380	-0.029275	-1.3577	17.051	27.954	909.63	-0.0070181	undefined	undefined	liquid
22.270	24.648	166.76	0.0059967	-0.033380	-0.029275	-1.3577	17.051	27.954	909.63	-0.0070181	undefined	undefined	liquid
22.270	24.652	166.76	0.0059967	-0.033380	-0.029274	-1.3577	17.051	27.954	909.63	-0.0070181	undefined	undefined	liquid
22.270	24.656	166.76	0.0059967	-0.033380	-0.029274	-1.3578	17.051	27.954	909.63	-0.0070181	undefined	undefined	liquid
22.270	24.660	166.76	0.0059967	-0.033381	-0.029273	-1.3578	17.051	27.954	909.63	-0.0070181	undefined	undefined	liquid
22.270	24.665	166.76	0.0059967	-0.033381	-0.029273	-1.3578	17.051	27.954	909.63	-0.0070181	undefined	undefined	liquid
22.270	24.669	166.76	0.0059967	-0.033381	-0.029272	-1.3578	17.051	27.954	909.63	-0.0070181	undefined	undefined	liquid
22.270	24.673	166.76	0.0059967	-0.033381	-0.029272	-1.3578	17.051	27.954	909.63	-0.0070182	undefined	undefined	liquid
22.270	24.677	166.76	0.0059967	-0.033382	-0.029272	-1.3578	17.051	27.954	909.63	-0.0070182	undefined	undefined	liquid
22.270	24.681	166.76	0.0059967	-0.033382	-0.029271	-1.3578	17.051	27.954	909.63	-0.0070182	undefined	undefined	liquid
22.270	24.686	166.76	0.0059967	-0.033382	-0.029271	-1.3578	17.051	27.954	909.63	-0.0070182	undefined	undefined	liquid
22.270	24.690	166.76	0.0059967	-0.033382	-0.029270	-1.3578	17.051	27.954	909.63	-0.0070182	undefined	undefined	liquid
22.270	24.694	166.76	0.0059967	-0.033382	-0.029270	-1.3579	17.051	27.954	909.63	-0.0070182	undefined	undefined	liquid
22.270	24.698	166.76	0.0059967	-0.033383	-0.029269	-1.3579	17.051	27.954	909.64	-0.0070182	undefined	undefined	liquid
22.270	24.702	166.76	0.0059967	-0.033383	-0.029269	-1.3579	17.051	27.954	909.64	-0.0070182	undefined	undefined	liquid
22.270	24.707	166.76	0.0059967	-0.033383	-0.029268	-1.3579	17.051	27.954	909.64	-0.0070183	undefined	undefined	liquid
22.270	24.711	166.76	0.0059967	-0.033383	-0.029268	-1.3579	17.051	27.954	909.64	-0.0070183	undefined	undefined	liquid
22.270	24.715	166.76	0.0059967	-0.033384	-0.029267	-1.3579	17.051	27.954	909.64	-0.0070183	undefined	undefined	liquid
22.270	24.719	166.76	0.0059967	-0.033384	-0.029267	-1.3579	17.051	27.954	909.64	-0.0070183	undefined	undefined	liquid
22.270	24.723	166.76	0.0059967	-0.033384	-0.029267	-1.3579	17.051	27.954	909.64	-0.0070183	undefined	undefined	liquid
22.270	24.728	166.76	0.0059967	-0.033384	-0.029266	-1.3579	17.051	27.954	909.64	-0.0070183	undefined	undefined	liquid
22.270	24.732	166.76	0.0059967	-0.033385	-0.029266	-1.3580	17.051	27.954	909.64	-0.0070183	undefined	undefined	liquid
22.270	24.736	166.76	0.0059967	-0.033385	-0.029265	-1.3580	17.051	27.954	909.64	-0.0070183	undefined	undefined	liquid
22.270	24.740	166.76	0.0059967	-0.033385	-0.029265	-1.3580	17.051	27.954	909.64	-0.0070184	undefined	undefined	liquid
22.270	24.744	166.76	0.0059967	-0.033385	-0.029264	-1.3580	17.051	27.954	909.64	-0.0070184	undefined	undefined	liquid
22.270	24.749	166.76	0.0059967	-0.033386	-0.029264	-1.3580	17.051	27.954	909.64	-0.0070184	undefined	undefined	liquid
22.270	24.753	166.76	0.0059967	-0.033386	-0.029263	-1.3580	17.051	27.954	909.64	-0.0070184	undefined	undefined	liquid
22.270	24.757	166.76	0.0059967	-0.033386	-0.029263	-1.3580	17.051	27.954	909.64	-0.0070184	undefined	undefined	liquid
22.270	24.761	166.76	0.0059967	-0.033386	-0.029262	-1.3580	17.051	27.954	909.64	-0.0070184	undefined	undefined	liquid
22.270	24.765	166.76	0.0059967	-0.033387	-0.029262	-1.3580	17.051	27.954	909.64	-0.0070184	undefined	undefined	liquid
22.270	24.770	166.76	0.0059967	-0.033387	-0.029261	-1.3580	17.051	27.953	909.64	-0.0070185	undefined	undefined	liquid
22.270	24.774	166.76	0.0059967	-0.033387	-0.029261	-1.3581	17.051	27.953	909.64	-0.0070185	undefined	undefined	liquid
22.270	24.778	166.76	0.0059967	-0.033387	-0.029261	-1.3581	17.051	27.953	909.64	-0.0070185	undefined	undefined	liquid
22.270	24.782	166.76	0.0059967	-0.033388	-0.029260	-1.3581	17.051	27.953	909.65	-0.0070185	undefined	undefined	liquid
22.270	24.786	166.76	0.0059967	-0.033388	-0.029260	-1.3581	17.051	27.953	909.65	-0.0070185	undefined	undefined	liquid
22.270	24.791	166.76	0.0059967	-0.033388	-0.029259	-1.3581	17.051	27.953	909.65	-0.0070185	undefined	undefined	liquid
22.270	24.795	166.76	0.0059967	-0.033388	-0.029259	-1.3581	17.051	27.953	909.65	-0.0070185	undefined	undefined	liquid
22.270	24.799	166.76	0.0059967	-0.033389	-0.029258	-1.3581	17.051	27.953	909.65	-0.0070185	undefined	undefined	liquid
22.270	24.803	166.76	0.0059967	-0.033389	-0.029258	-1.3581	17.051	27.953	909.65	-0.0070186	undefined	undefined	liquid
22.270	24.807	166.76	0.0059967	-0.033389	-0.029257	-1.3581	17.051	27.953	909.65	-0.0070186	undefined	undefined	liquid
22.270	24.812	166.76	0.0059966	-0.033389	-0.029257	-1.3582	17.051	27.953	909.65	-0.0070186	undefined	undefined	liquid
22.270	24.816	166.76	0.0059966	-0.033389	-0.029256	-1.3582	17.051	27.953	909.65	-0.0070186	undefined	undefined	liquid
22.270	24.820	166.76	0.0059966	-0.033390	-0.029256	-1.3582	17.051	27.953	909.65	-0.0070186	undefined	undefined	liquid
22.270	24.824	166.76	0.0059966	-0.033390	-0.029256	-1.3582	17.051	27.953	909.65	-0.0070186	undefined	undefined	liquid
22.270	24.828	166.76	0.0059966	-0.033390	-0.029255	-1.3582	17.051	27.953	909.65	-0.0070186	undefined	undefined	liquid
22.270	24.833	166.76	0.0059966	-0.033390	-0.029255	-1.3582	17.051	27.953	909.65	-0.0070187	undefined	undefined	liquid
22.270	24.837	166.76	0.0059966	-0.033391	-0.029254	-1.3582	17.051	27.953	909.65	-0.0070187	undefined	undefined	liquid
22.270	24.841	166.76	0.0059966	-0.033391	-0.029254	-1.3582	17.051	27.953	909.65	-0.0070187	undefined	undefined	liquid
22.270	24.845	166.76	0.0059966	-0.033391	-0.029253	-1.3582	17.051	27.953	909.65	-0.0070187	undefined	undefined	liquid
22.270	24.849	166.76	0.0059966	-0.033391	-0.029253	-1.3583	17.051	27.953	909.65	-0.0070187	undefined	undefined	liquid
22.270	24.854	166.76	0.0059966	-0.033392	-0.029252	-1.3583	17.051	27.953	909.65	-0.0070187	undefined	undefined	liquid
22.270	24.858	166.76	0.0059966	-0.033392	-0.029252	-1.3583	17.051	27.953	909.65	-0.0070187	undefined	undefined	liquid
22.270	24.862	166.76	0.0059966	-0.033392	-0.029251	-1.3583	17.051	27.953	909.66	-0.0070187	undefined	undefined	liquid
22.270	24.866	166.76	0.0059966	-0.033392	-0.029251	-1.3583	17.051	27.953	909.66	-0.0070188	undefined	undefined	liquid
22.270	24.870	166.76	0.0059966	-0.033393	-0.029251	-1.3583	17.051	27.953	909.66	-0.0070188	undefined	undefined	liquid
22.270	24.875	166.76	0.0059966	-0.033393	-0.029250	-1.3583	17.051	27.953	909.66	-0.0070188	undefined	undefined	liquid
22.270	24.879	166.76	0.0059966	-0.033393	-0.029250	-1.3583	17.051	27.953	909.66	-0.0070188	undefined	undefined	liquid
22.270	24.883	166.76	0.0059966	-0.033393	-0.029249	-1.3583	17.051	27.953	909.66	-0.0070188	undefined	undefined	liquid
22.270	24.887	166.76	0.0059966	-0.033394	-0.029249	-1.3584	17.051	27.953	909.66	-0.0070188	undefined	undefined	liquid
22.270	24.891	166.76	0.0059966	-0.033394	-0.029248	-1.3584	17.051	27.953	909.66	-0.0070188	undefined	undefined	liquid
22.270	24.896	166.76	0.0059966	-0.033394	-0.029248	-1.3584	17.051	27.953	909.66	-0.0070188	undefined	undefined	liquid
22.270	24.900	166.76	0.0059966	-0.033394	-0.029247	-1.3584	17.051	27.953	909.66	-0.0070189	undefined	undefined	liquid
22.270	24.904	166.76	0.0059966	-0.033395	-0.029247	-1.3584	17.051	27.953	909.66	-0.0070189	undefined	undefined	liquid
22.270	24.908	166.76	0.0059966	-0.033395	-0.029246	-1.3584	17.051	27.953	909.66	-0.0070189	undefined	undefined	liquid
22.270	24.912	166.76	0.0059966	-0.033395	-0.029246	-1.3584	17.051	27.953	909.66	-0.0070189	undefined	undefined	liquid
22.270	24.917	166.76	0.0059966	-0.033395	-0.029245	-1.3584	17.051	27.953	909.66	-0.0070189	undefined	undefined	liquid
22.270	24.921	166.76	0.0059966	-0.033395	-0.029245	-1.3584	17.051	27.953	909.66	-0.0070189	undefined	undefined	liquid
22.270	24.925	166.76	0.0059966	-0.033396	-0.029245	-1.3585	17.051	27.953	909.66	-0.0070189	undefined	undefined	liquid
22.270	24.929	166.76	0.0059966	-0.033396	-0.029244	-1.3585	17.051	27.953	909.66	-0.0070190	undefined	undefined	liquid
22.270	24.933	166.76	0.0059966	-0.033396	-0.029244	-1.3585	17.051	27.953	909.66	-0.0070190	undefined	undefined	liquid
22.270	24.938	166.76	0.0059966	-0.033396	-0.029243	-1.3585	17.051	27.953	909.66	-0.0070190	undefined	undefined	liquid
22.270	24.942	166.76	0.0059966	-0.033397	-0.029243	-1.3585	17.051	27.953	909.67	-0.0070190	undefined	undefined	liquid
22.270	24.946	166.76	0.0059966	-0.033397	-0.029242	-1.3585	17.051	27.953	909.67	-0.0070190	undefined	undefined	liquid
22.270	24.950	166.76	0.0059966	-0.033397	-0.029242	-1.3585	17.051	27.952	909.67	-0.0070190	undefined	undefined	liquid
22.270	24.954	166.76	0.0059966	-0.033397	-0.029241	-1.3585	17.052	27.952	909.67	-0.0070190	undefined	undefined	liquid
22.270	24.959	166.76	0.0059966	-0.033398	-0.029241	-1.3585	17.052	27.952	909.67	-0.0070190	undefined	undefined	liquid
22.270	24.963	166.76	0.0059966	-0.033398	-0.029240	-1.3585	17.052	27.952	909.67	-0.0070191	undefined	undefined	liquid
22.270	24.967	166.76	0.0059966	-0.033398	-0.029240	-1.3586	17.052	27.952	909.67	-0.0070191	undefined	undefined	liquid
22.270	24.971	166.76	0.0059966	-0.033398	-0.029240	-1.3586	17.052	27.952	909.67	-0.0070191	undefined	undefined	liquid
22.270	24.975	166.76	0.0059966	-0.033399	-0.029239	-1.3586	17.052	27.952	909.67	-0.0070191	undefined	undefined	liquid
22.270	24.980	166.76	0.0059966	-0.033399	-0.029239	-1.3586	17.052	27.952	909.67	-0.0070191	undefined	undefined	liquid
22.270	24.984	166.76	0.0059966	-0.033399	-0.029238	-1.3586	17.052	27.952	909.67	-0.0070191	undefined	undefined	liquid
22.270	24.988	166.76	0.0059966	-0.033399	-0.029238	-1.3586	17.052	27.952	909.67	-0.0070191	undefined	undefined	liquid
22.270	24.992	166.76	0.0059966	-0.033400	-0.029237	-1.3586	17.052	27.952	909.67	-0.0070191	undefined	undefined	liquid
22.270	24.996	166.76	0.0059966	-0.033400	-0.029237	-1.3586	17.052	27.952	909.67	-0.0070192	undefined	undefined	liquid
22.270	25.001	166.76	0.0059966	-0.033400	-0.029236	-1.3586	17.052	27.952	909.67	-0.0070192	undefined	undefined	liquid
22.270	25.005	166.76	0.0059966	-0.033400	-0.029236	-1.3587	17.052	27.952	909.67	-0.0070192	undefined	undefined	liquid
22.270	25.009	166.76	0.0059966	-0.033401	-0.029235	-1.3587	17.052	27.952	909.67	-0.0070192	undefined	undefined	liquid
22.270	25.013	166.76	0.0059965	-0.033401	-0.029235	-1.3587	17.052	27.952	909.67	-0.0070192	undefined	undefined	liquid
22.270	25.017	166.76	0.0059965	-0.033401	-0.029234	-1.3587	17.052	27.952	909.67	-0.0070192	undefined	undefined	liquid
22.270	25.022	166.76	0.0059965	-0.033401	-0.029234	-1.3587	17.052	27.952	909.68	-0.0070192	undefined	undefined	liquid
22.270	25.026	166.76	0.0059965	-0.033401	-0.029234	-1.3587	17.052	27.952	909.68	-0.0070193	undefined	undefined	liquid
22.270	25.030	166.76	0.0059965	-0.033402	-0.029233	-1.3587	17.052	27.952	909.68	-0.0070193	undefined	undefined	liquid
22.270	25.034	166.76	0.0059965	-0.033402	-0.029233	-1.3587	17.052	27.952	909.68	-0.0070193	undefined	undefined	liquid
22.270	25.038	166.76	0.0059965	-0.033402	-0.029232	-1.3587	17.052	27.952	909.68	-0.0070193	undefined	undefined	liquid
22.270	25.043	166.76	0.0059965	-0.033402	-0.029232	-1.3588	17.052	27.952	909.68	-0.0070193	undefined	undefined	liquid
22.270	25.047	166.76	0.0059965	-0.033403	-0.029231	-1.3588	17.052	27.952	909.68	-0.0070193	undefined	undefined	liquid
22.270	25.051	166.76	0.0059965	-0.033403	-0.029231	-1.3588	17.052	27.952	909.68	-0.0070193	undefined	undefined	liquid
22.270	25.055	166.76	0.0059965	-0.033403	-0.029230	-1.3588	17.052	27.952	909.68	-0.0070193	undefined	undefined	liquid
22.270	25.059	166.76	0.0059965	-0.033403	-0.029230	-1.3588	17.052	27.952	909.68	-0.0070194	undefined	undefined	liquid
22.270	25.064	166.76	0.0059965	-0.033404	-0.029229	-1.3588	17.052	27.952	909.68	-0.0070194	undefined	undefined	liquid
22.270	25.068	166.76	0.0059965	-0.033404	-0.029229	-1.3588	17.052	27.952	909.68	-0.0070194	undefined	undefined	liquid
22.270	25.072	166.76	0.0059965	-0.033404	-0.029229	-1.3588	17.052	27.952	909.68	-0.0070194	undefined	undefined	liquid
22.270	25.076	166.76	0.0059965	-0.033404	-0.029228	-1.3588	17.052	27.952	909.68	-0.0070194	undefined	undefined	liquid
22.270	25.080	166.76	0.0059965	-0.033405	-0.029228	-1.3589	17.052	27.952	909.68	-0.0070194	undefined	undefined	liquid
22.270	25.085	166.76	0.0059965	-0.033405	-0.029227	-1.3589	17.052	27.952	909.68	-0.0070194	undefined	undefined	liquid
22.270	25.089	166.76	0.0059965	-0.033405	-0.029227	-1.3589	17.052	27.952	909.68	-0.0070194	undefined	undefined	liquid
22.270	25.093	166.76	0.0059965	-0.033405	-0.029226	-1.3589	17.052	27.952	909.68	-0.0070195	undefined	undefined	liquid
22.270	25.097	166.76	0.0059965	-0.033406	-0.029226	-1.3589	17.052	27.952	909.68	-0.0070195	undefined	undefined	liquid
22.270	25.101	166.76	0.0059965	-0.033406	-0.029225	-1.3589	17.052	27.952	909.68	-0.0070195	undefined	undefined	liquid
22.270	25.106	166.76	0.0059965	-0.033406	-0.029225	-1.3589	17.052	27.952	909.69	-0.0070195	undefined	undefined	liquid
22.270	25.110	166.76	0.0059965	-0.033406	-0.029224	-1.3589	17.052	27.952	909.69	-0.0070195	undefined	undefined	liquid
22.270	25.114	166.76	0.0059965	-0.033407	-0.029224	-1.3589	17.052	27.952	909.69	-0.0070195	undefined	undefined	liquid
22.270	25.118	166.76	0.0059965	-0.033407	-0.029223	-1.3589	17.052	27.952	909.69	-0.0070195	undefined	undefined	liquid
22.270	25.122	166.76	0.0059965	-0.033407	-0.029223	-1.3590	17.052	27.952	909.69	-0.0070196	undefined	undefined	liquid
22.270	25.127	166.76	0.0059965	-0.033407	-0.029223	-1.3590	17.052	27.951	909.69	-0.0070196	undefined	undefined	liquid
22.270	25.131	166.76	0.0059965	-0.033407	-0.029222	-1.3590	17.052	27.951	909.69	-0.0070196	undefined	undefined	liquid
22.270	25.135	166.76	0.0059965	-0.033408	-0.029222	-1.3590	17.052	27.951	909.69	-0.0070196	undefined	undefined	liquid
22.270	25.139	166.76	0.0059965	-0.033408	-0.029221	-1.3590	17.052	27.951	909.69	-0.0070196	undefined	undefined	liquid
22.270	25.143	166.76	0.0059965	-0.033408	-0.029221	-1.3590	17.052	27.951	909.69	-0.0070196	undefined	undefined	liquid
22.270	25.148	166.76	0.0059965	-0.033408	-0.029220	-1.3590	17.052	27.951	909.69	-0.0070196	undefined	undefined	liquid
22.270	25.152	166.76	0.0059965	-0.033409	-0.029220	-1.3590	17.052	27.951	909.69	-0.0070196	undefined	undefined	liquid
22.270	25.156	166.76	0.0059965	-0.033409	-0.029219	-1.3590	17.052	27.951	909.69	-0.0070197	undefined	undefined	liquid
22.270	25.160	166.76	0.0059965	-0.033409	-0.029219	-1.3591	17.052	27.951	909.69	-0.0070197	undefined	undefined	liquid
22.270	25.164	166.76	0.0059965	-0.033409	-0.029218	-1.3591	17.052	27.951	909.69	-0.0070197	undefined	undefined	liquid
22.270	25.169	166.76	0.0059965	-0.033410	-0.029218	-1.3591	17.052	27.951	909.69	-0.0070197	undefined	undefined	liquid
22.270	25.173	166.76	0.0059965	-0.033410	-0.029218	-1.3591	17.052	27.951	909.69	-0.0070197	undefined	undefined	liquid
22.270	25.177	166.76	0.0059965	-0.033410	-0.029217	-1.3591	17.052	27.951	909.69	-0.0070197	undefined	undefined	liquid
22.270	25.181	166.76	0.0059965	-0.033410	-0.029217	-1.3591	17.052	27.951	909.69	-0.0070197	undefined	undefined	liquid
22.270	25.185	166.76	0.0059965	-0.033411	-0.029216	-1.3591	17.052	27.951	909.70	-0.0070198	undefined	undefined	liquid
22.270	25.190	166.76	0.0059965	-0.033411	-0.029216	-1.3591	17.052	27.951	909.70	-0.0070198	undefined	undefined	liquid
22.270	25.194	166.77	0.0059965	-0.033411	-0.029215	-1.3591	17.052	27.951	909.70	-0.0070198	undefined	undefined	liquid
22.270	25.198	166.77	0.0059965	-0.033411	-0.029215	-1.3592	17.052	27.951	909.70	-0.0070198	undefined	undefined	liquid
22.270	25.202	166.77	0.0059965	-0.033412	-0.029214	-1.3592	17.052	27.951	909.70	-0.0070198	undefined	undefined	liquid
22.270	25.206	166.77	0.0059965	-0.033412	-0.029214	-1.3592	17.052	27.951	909.70	-0.0070198	undefined	undefined	liquid
22.270	25.211	166.77	0.0059965	-0.033412	-0.029213	-1.3592	17.052	27.951	909.70	-0.0070198	undefined	undefined	liquid
22.270	25.215	166.77	0.0059965	-0.033412	-0.029213	-1.3592	17.052	27.951	909.70	-0.0070198	undefined	undefined	liquid
22.270	25.219	166.77	0.0059964	-0.033413	-0.029213	-1.3592	17.052	27.951	909.70	-0.0070199	undefined	undefined	liquid
22.270	25.223	166.77	0.0059964	-0.033413	-0.029212	-1.3592	17.052	27.951	909.70	-0.0070199	undefined	undefined	liquid
22.270	25.227	166.77	0.0059964	-0.033413	-0.029212	-1.3592	17.052	27.951	909.70	-0.0070199	undefined	undefined	liquid
22.270	25.232	166.77	0.0059964	-0.033413	-0.029211	-1.3592	17.052	27.951	909.70	-0.0070199	undefined	undefined	liquid
22.270	25.236	166.77	0.0059964	-0.033413	-0.029211	-1.3593	17.052	27.951	909.70	-0.0070199	undefined	undefined	liquid
22.270	25.240	166.77	0.0059964	-0.033414	-0.029210	-1.3593	17.052	27.951	909.70	-0.0070199	undefined	undefined	liquid
22.270	25.244	166.77	0.0059964	-0.033414	-0.029210	-1.3593	17.052	27.951	909.70	-0.0070199	undefined	undefined	liquid
22.270	25.248	166.77	0.0059964	-0.033414	-0.029209	-1.3593	17.052	27.951	909.70	-0.0070199	undefined	undefined	liquid
22.270	25.253	166.77	0.0059964	-0.033414	-0.029209	-1.3593	17.052	27.951	909.70	-0.0070200	undefined	undefined	liquid
22.270	25.257	166.77	0.0059964	-0.033415	-0.029208	-1.3593	17.052	27.951	909.70	-0.0070200	undefined	undefined	liquid
22.270	25.261	166.77	0.0059964	-0.033415	-0.029208	-1.3593	17.052	27.951	909.70	-0.0070200	undefined	undefined	liquid
22.270	25.265	166.77	0.0059964	-0.033415	-0.029207	-1.3593	17.052	27.951	909.71	-0.0070200	undefined	undefined	liquid
22.270	25.269	166.77	0.0059964	-0.033415	-0.029207	-1.3593	17.052	27.951	909.71	-0.0070200	undefined	undefined	liquid
22.270	25.274	166.77	0.0059964	-0.033416	-0.029207	-1.3594	17.052	27.951	909.71	-0.0070200	undefined	undefined	liquid
22.270	25.278	166.77	0.0059964	-0.033416	-0.029206	-1.3594	17.052	27.951	909.71	-0.0070200	undefined	undefined	liquid
22.270	25.282	166.77	0.0059964	-0.033416	-0.029206	-1.3594	17.052	27.951	909.71	-0.0070201	undefined	undefined	liquid
22.270	25.286	166.77	0.0059964	-0.033416	-0.029205	-1.3594	17.052	27.951	909.71	-0.0070201	undefined	undefined	liquid
22.270	25.290	166.77	0.0059964	-0.033417	-0.029205	-1.3594	17.052	27.951	909.71	-0.0070201	undefined	undefined	liquid
22.270	25.295	166.77	0.0059964	-0.033417	-0.029204	-1.3594	17.052	27.951	909.71	-0.0070201	undefined	undefined	liquid
22.270	25.299	166.77	0.0059964	-0.033417	-0.029204	-1.3594	17.052	27.951	909.71	-0.0070201	undefined	undefined	liquid
22.270	25.303	166.77	0.0059964	-0.033417	-0.029203	-1.3594	17.052	27.951	909.71	-0.0070201	undefined	undefined	liquid
22.270	25.307	166.77	0.0059964	-0.033418	-0.029203	-1.3594	17.052	27.950	909.71	-0.0070201	undefined	undefined	liquid
22.270	25.311	166.77	0.0059964	-0.033418	-0.029202	-1.3594	17.052	27.950	909.71	-0.0070201	undefined	undefined	liquid
22.270	25.316	166.77	0.0059964	-0.033418	-0.029202	-1.3595	17.052	27.950	909.71	-0.0070202	undefined	undefined	liquid
22.270	25.320	166.77	0.0059964	-0.033418	-0.029202	-1.3595	17.052	27.950	909.71	-0.0070202	undefined	undefined	liquid
22.270	25.324	166.77	0.0059964	-0.033419	-0.029201	-1.3595	17.052	27.950	909.71	-0.0070202	undefined	undefined	liquid
22.270	25.328	166.77	0.0059964	-0.033419	-0.029201	-1.3595	17.052	27.950	909.71	-0.0070202	undefined	undefined	liquid
22.270	25.332	166.77	0.0059964	-0.033419	-0.029200	-1.3595	17.052	27.950	909.71	-0.0070202	undefined	undefined	liquid
22.270	25.337	166.77	0.0059964	-0.033419	-0.029200	-1.3595	17.052	27.950	909.71	-0.0070202	undefined	undefined	liquid
22.270	25.341	166.77	0.0059964	-0.033419	-0.029199	-1.3595	17.052	27.950	909.71	-0.0070202	undefined	undefined	liquid
22.270	25.345	166.77	0.0059964	-0.033420	-0.029199	-1.3595	17.052	27.950	909.72	-0.0070202	undefined	undefined	liquid
22.270	25.349	166.77	0.0059964	-0.033420	-0.029198	-1.3595	17.052	27.950	909.72	-0.0070203	undefined	undefined	liquid
22.270	25.353	166.77	0.0059964	-0.033420	-0.029198	-1.3596	17.052	27.950	909.72	-0.0070203	undefined	undefined	liquid
22.270	25.358	166.77	0.0059964	-0.033420	-0.029197	-1.3596	17.052	27.950	909.72	-0.0070203	undefined	undefined	liquid
22.270	25.362	166.77	0.0059964	-0.033421	-0.029197	-1.3596	17.052	27.950	909.72	-0.0070203	undefined	undefined	liquid
22.270	25.366	166.77	0.0059964	-0.033421	-0.029196	-1.3596	17.052	27.950	909.72	-0.0070203	undefined	undefined	liquid
22.270	25.370	166.77	0.0059964	-0.033421	-0.029196	-1.3596	17.052	27.950	909.72	-0.0070203	undefined	undefined	liquid
22.270	25.374	166.77	0.0059964	-0.033421	-0.029196	-1.3596	17.052	27.950	909.72	-0.0070203	undefined	undefined	liquid
22.270	25.379	166.77	0.0059964	-0.033422	-0.029195	-1.3596	17.052	27.950	909.72	-0.0070204	undefined	undefined	liquid
22.270	25.383	166.77	0.0059964	-0.033422	-0.029195	-1.3596	17.052	27.950	909.72	-0.0070204	undefined	undefined	liquid
22.270	25.387	166.77	0.0059964	-0.033422	-0.029194	-1.3596	17.052	27.950	909.72	-0.0070204	undefined	undefined	liquid
22.270	25.391	166.77	0.0059964	-0.033422	-0.029194	-1.3597	17.052	27.950	909.72	-0.0070204	undefined	undefined	liquid
22.270	25.395	166.77	0.0059964	-0.033423	-0.029193	-1.3597	17.052	27.950	909.72	-0.0070204	undefined	undefined	liquid
22.270	25.400	166.77	0.0059964	-0.033423	-0.029193	-1.3597	17.052	27.950	909.72	-0.0070204	undefined	undefined	liquid
22.270	25.404	166.77	0.0059964	-0.033423	-0.029192	-1.3597	17.052	27.950	909.72	-0.0070204	undefined	undefined	liquid
22.270	25.408	166.77	0.0059964	-0.033423	-0.029192	-1.3597	17.052	27.950	909.72	-0.0070204	undefined	undefined	liquid
22.270	25.412	166.77	0.0059964	-0.033424	-0.029191	-1.3597	17.052	27.950	909.72	-0.0070205	undefined	undefined	liquid
22.270	25.416	166.77	0.0059964	-0.033424	-0.029191	-1.3597	17.052	27.950	909.72	-0.0070205	undefined	undefined	liquid
22.270	25.421	166.77	0.0059963	-0.033424	-0.029191	-1.3597	17.052	27.950	909.72	-0.0070205	undefined	undefined	liquid
22.270	25.425	166.77	0.0059963	-0.033424	-0.029190	-1.3597	17.052	27.950	909.72	-0.0070205	undefined	undefined	liquid
22.270	25.429	166.77	0.0059963	-0.033425	-0.029190	-1.3598	17.052	27.950	909.73	-0.0070205	undefined	undefined	liquid
22.270	25.433	166.77	0.0059963	-0.033425	-0.029189	-1.3598	17.052	27.950	909.73	-0.0070205	undefined	undefined	liquid
22.270	25.437	166.77	0.0059963	-0.033425	-0.029189	-1.3598	17.052	27.950	909.73	-0.0070205	undefined	undefined	liquid
22.270	25.442	166.77	0.0059963	-0.033425	-0.029188	-1.3598	17.052	27.950	909.73	-0.0070205	undefined	undefined	liquid
22.270	25.446	166.77	0.0059963	-0.033426	-0.029188	-1.3598	17.052	27.950	909.73	-0.0070206	undefined	undefined	liquid
22.270	25.450	166.77	0.0059963	-0.033426	-0.029187	-1.3598	17.052	27.950	909.73	-0.0070206	undefined	undefined	liquid
22.270	25.454	166.77	0.0059963	-0.033426	-0.029187	-1.3598	17.052	27.950	909.73	-0.0070206	undefined	undefined	liquid
22.270	25.458	166.77	0.0059963	-0.033426	-0.029186	-1.3598	17.052	27.950	909.73	-0.0070206	undefined	undefined	liquid
22.270	25.463	166.77	0.0059963	-0.033426	-0.029186	-1.3598	17.052	27.950	909.73	-0.0070206	undefined	undefined	liquid
22.270	25.467	166.77	0.0059963	-0.033427	-0.029185	-1.3599	17.052	27.950	909.73	-0.0070206	undefined	undefined	liquid
22.270	25.471	166.77	0.0059963	-0.033427	-0.029185	-1.3599	17.052	27.950	909.73	-0.0070206	undefined	undefined	liquid
22.270	25.475	166.77	0.0059963	-0.033427	-0.029185	-1.3599	17.052	27.950	909.73	-0.0070207	undefined	undefined	liquid
22.270	25.479	166.77	0.0059963	-0.033427	-0.029184	-1.3599	17.052	27.950	909.73	-0.0070207	undefined	undefined	liquid
22.270	25.484	166.77	0.0059963	-0.033428	-0.029184	-1.3599	17.052	27.949	909.73	-0.0070207	undefined	undefined	liquid
22.270	25.488	166.77	0.0059963	-0.033428	-0.029183	-1.3599	17.052	27.949	909.73	-0.0070207	undefined	undefined	liquid
22.270	25.492	166.77	0.0059963	-0.033428	-0.029183	-1.3599	17.052	27.949	909.73	-0.0070207	undefined	undefined	liquid
22.270	25.496	166.77	0.0059963	-0.033428	-0.029182	-1.3599	17.052	27.949	909.73	-0.0070207	undefined	undefined	liquid
22.270	25.500	166.77	0.0059963	-0.033429	-0.029182	-1.3599	17.052	27.949	909.73	-0.0070207	undefined	undefined	liquid
22.270	25.505	166.77	0.0059963	-0.033429	-0.029181	-1.3599	17.052	27.949	909.73	-0.0070207	undefined	undefined	liquid
22.270	25.509	166.77	0.0059963	-0.033429	-0.029181	-1.3600	17.052	27.949	909.74	-0.0070208	undefined	undefined	liquid
22.270	25.513	166.77	0.0059963	-0.033429	-0.029180	-1.3600	17.052	27.949	909.74	-0.0070208	undefined	undefined	liquid
22.270	25.517	166.77	0.0059963	-0.033430	-0.029180	-1.3600	17.052	27.949	909.74	-0.0070208	undefined	undefined	liquid
22.270	25.521	166.77	0.0059963	-0.033430	-0.029180	-1.3600	17.052	27.949	909.74	-0.0070208	undefined	undefined	liquid
22.270	25.526	166.77	0.0059963	-0.033430	-0.029179	-1.3600	17.052	27.949	909.74	-0.0070208	undefined	undefined	liquid
22.270	25.530	166.77	0.0059963	-0.033430	-0.029179	-1.3600	17.052	27.949	909.74	-0.0070208	undefined	undefined	liquid
22.270	25.534	166.77	0.0059963	-0.033431	-0.029178	-1.3600	17.052	27.949	909.74	-0.0070208	undefined	undefined	liquid
22.270	25.538	166.77	0.0059963	-0.033431	-0.029178	-1.3600	17.052	27.949	909.74	-0.0070209	undefined	undefined	liquid
22.270	25.542	166.77	0.0059963	-0.033431	-0.029177	-1.3600	17.052	27.949	909.74	-0.0070209	undefined	undefined	liquid
22.270	25.547	166.77	0.0059963	-0.033431	-0.029177	-1.3601	17.052	27.949	909.74	-0.0070209	undefined	undefined	liquid
22.270	25.551	166.77	0.0059963	-0.033432	-0.029176	-1.3601	17.052	27.949	909.74	-0.0070209	undefined	undefined	liquid
22.270	25.555	166.77	0.0059963	-0.033432	-0.029176	-1.3601	17.053	27.949	909.74	-0.0070209	undefined	undefined	liquid
22.270	25.559	166.77	0.0059963	-0.033432	-0.029175	-1.3601	17.053	27.949	909.74	-0.0070209	undefined	undefined	liquid
22.270	25.563	166.77	0.0059963	-0.033432	-0.029175	-1.3601	17.053	27.949	909.74	-0.0070209	undefined	undefined	liquid
22.270	25.568	166.77	0.0059963	-0.033432	-0.029175	-1.3601	17.053	27.949	909.74	-0.0070209	undefined	undefined	liquid
22.270	25.572	166.77	0.0059963	-0.033433	-0.029174	-1.3601	17.053	27.949	909.74	-0.0070210	undefined	undefined	liquid
22.270	25.576	166.77	0.0059963	-0.033433	-0.029174	-1.3601	17.053	27.949	909.74	-0.0070210	undefined	undefined	liquid
22.270	25.580	166.77	0.0059963	-0.033433	-0.029173	-1.3601	17.053	27.949	909.74	-0.0070210	undefined	undefined	liquid
22.270	25.584	166.77	0.0059963	-0.033433	-0.029173	-1.3602	17.053	27.949	909.74	-0.0070210	undefined	undefined	liquid
22.270	25.589	166.77	0.0059963	-0.033434	-0.029172	-1.3602	17.053	27.949	909.75	-0.0070210	undefined	undefined	liquid
22.270	25.593	166.77	0.0059963	-0.033434	-0.029172	-1.3602	17.053	27.949	909.75	-0.0070210	undefined	undefined	liquid
22.270	25.597	166.77	0.0059963	-0.033434	-0.029171	-1.3602	17.053	27.949	909.75	-0.0070210	undefined	undefined	liquid
22.270	25.601	166.77	0.0059963	-0.033434	-0.029171	-1.3602	17.053	27.949	909.75	-0.0070210	undefined	undefined	liquid
22.270	25.605	166.77	0.0059963	-0.033435	-0.029170	-1.3602	17.053	27.949	909.75	-0.0070211	undefined	undefined	liquid
22.270	25.610	166.77	0.0059963	-0.033435	-0.029170	-1.3602	17.053	27.949	909.75	-0.0070211	undefined	undefined	liquid
22.270	25.614	166.77	0.0059963	-0.033435	-0.029169	-1.3602	17.053	27.949	909.75	-0.0070211	undefined	undefined	liquid
22.270	25.618	166.77	0.0059963	-0.033435	-0.029169	-1.3602	17.053	27.949	909.75	-0.0070211	undefined	undefined	liquid
22.270	25.622	166.77	0.0059963	-0.033436	-0.029169	-1.3603	17.053	27.949	909.75	-0.0070211	undefined	undefined	liquid
22.270	25.626	166.77	0.0059962	-0.033436	-0.029168	-1.3603	17.053	27.949	909.75	-0.0070211	undefined	undefined	liquid
22.270	25.631	166.77	0.0059962	-0.033436	-0.029168	-1.3603	17.053	27.949	909.75	-0.0070211	undefined	undefined	liquid
22.270	25.635	166.77	0.0059962	-0.033436	-0.029167	-1.3603	17.053	27.949	909.75	-0.0070212	undefined	undefined	liquid
22.270	25.639	166.77	0.0059962	-0.033437	-0.029167	-1.3603	17.053	27.949	909.75	-0.0070212	undefined	undefined	liquid
22.270	25.643	166.77	0.0059962	-0.033437	-0.029166	-1.3603	17.053	27.949	909.75	-0.0070212	undefined	undefined	liquid
22.270	25.647	166.77	0.0059962	-0.033437	-0.029166	-1.3603	17.053	27.949	909.75	-0.0070212	undefined	undefined	liquid
22.270	25.652	166.77	0.0059962	-0.033437	-0.029165	-1.3603	17.053	27.949	909.75	-0.0070212	undefined	undefined	liquid
22.270	25.656	166.77	0.0059962	-0.033438	-0.029165	-1.3603	17.053	27.949	909.75	-0.0070212	undefined	undefined	liquid
22.270	25.660	166.77	0.0059962	-0.033438	-0.029164	-1.3603	17.053	27.949	909.75	-0.0070212	undefined	undefined	liquid
22.270	25.664	166.77	0.0059962	-0.033438	-0.029164	-1.3604	17.053	27.948	909.75	-0.0070212	undefined	undefined	liquid
22.270	25.668	166.77	0.0059962	-0.033438	-0.029164	-1.3604	17.053	27.948	909.76	-0.0070213	undefined	undefined	liquid
22.270	25.673	166.77	0.0059962	-0.033438	-0.029163	-1.3604	17.053	27.948	909.76	-0.0070213	undefined	undefined	liquid
22.270	25.677	166.77	0.0059962	-0.033439	-0.029163	-1.3604	17.053	27.948	909.76	-0.0070213	undefined	undefined	liquid
22.270	25.681	166.77	0.0059962	-0.033439	-0.029162	-1.3604	17.053	27.948	909.76	-0.0070213	undefined	undefined	liquid
22.270	25.685	166.77	0.0059962	-0.033439	-0.029162	-1.3604	17.053	27.948	909.76	-0.0070213	undefined	undefined	liquid
22.270	25.689	166.77	0.0059962	-0.033439	-0.029161	-1.3604	17.053	27.948	909.76	-0.0070213	undefined	undefined	liquid
22.270	25.694	166.77	0.0059962	-0.033440	-0.029161	-1.3604	17.053	27.948	909.76	-0.0070213	undefined	undefined	liquid
22.270	25.698	166.77	0.0059962	-0.033440	-0.029160	-1.3604	17.053	27.948	909.76	-0.0070213	undefined	undefined	liquid
22.270	25.702	166.77	0.0059962	-0.033440	-0.029160	-1.3605	17.053	27.948	909.76	-0.0070214	undefined	undefined	liquid
22.270	25.706	166.77	0.0059962	-0.033440	-0.029159	-1.3605	17.053	27.948	909.76	-0.0070214	undefined	undefined	liquid
22.270	25.710	166.77	0.0059962	-0.033441	-0.029159	-1.3605	17.053	27.948	909.76	-0.0070214	undefined	undefined	liquid
22.270	25.715	166.77	0.0059962	-0.033441	-0.029158	-1.3605	17.053	27.948	909.76	-0.0070214	undefined	undefined	liquid
22.270	25.719	166.77	0.0059962	-0.033441	-0.029158	-1.3605	17.053	27.948	909.76	-0.0070214	undefined	undefined	liquid
22.270	25.723	166.77	0.0059962	-0.033441	-0.029158	-1.3605	17.053	27.948	909.76	-0.0070214	undefined	undefined	liquid
22.270	25.727	166.77	0.0059962	-0.033442	-0.029157	-1.3605	17.053	27.948	909.76	-0.0070214	undefined	undefined	liquid
22.270	25.731	166.77	0.0059962	-0.033442	-0.029157	-1.3605	17.053	27.948	909.76	-0.0070215	undefined	undefined	liquid
22.270	25.736	166.77	0.0059962	-0.033442	-0.029156	-1.3605	17.053	27.948	909.76	-0.0070215	undefined	undefined	liquid
22.270	25.740	166.77	0.0059962	-0.033442	-0.029156	-1.3606	17.053	27.948	909.76	-0.0070215	undefined	undefined	liquid
22.270	25.744	166.77	0.0059962	-0.033443	-0.029155	-1.3606	17.053	27.948	909.76	-0.0070215	undefined	undefined	liquid
22.270	25.748	166.77	0.0059962	-0.033443	-0.029155	-1.3606	17.053	27.948	909.77	-0.0070215	undefined	undefined	liquid
22.270	25.752	166.77	0.0059962	-0.033443	-0.029154	-1.3606	17.053	27.948	909.77	-0.0070215	undefined	undefined	liquid
22.270	25.757	166.77	0.0059962	-0.033443	-0.029154	-1.3606	17.053	27.948	909.77	-0.0070215	undefined	undefined	liquid
22.270	25.761	166.77	0.0059962	-0.033444	-0.029153	-1.3606	17.053	27.948	909.77	-0.0070215	undefined	undefined	liquid
22.270	25.765	166.77	0.0059962	-0.033444	-0.029153	-1.3606	17.053	27.948	909.77	-0.0070216	undefined	undefined	liquid
22.270	25.769	166.77	0.0059962	-0.033444	-0.029153	-1.3606	17.053	27.948	909.77	-0.0070216	undefined	undefined	liquid
22.270	25.773	166.77	0.0059962	-0.033444	-0.029152	-1.3606	17.053	27.948	909.77	-0.0070216	undefined	undefined	liquid
22.270	25.778	166.77	0.0059962	-0.033444	-0.029152	-1.3607	17.053	27.948	909.77	-0.0070216	undefined	undefined	liquid
22.270	25.782	166.77	0.0059962	-0.033445	-0.029151	-1.3607	17.053	27.948	909.77	-0.0070216	undefined	undefined	liquid
22.270	25.786	166.77	0.0059962	-0.033445	-0.029151	-1.3607	17.053	27.948	909.77	-0.0070216	undefined	undefined	liquid
22.270	25.790	166.77	0.0059962	-0.033445	-0.029150	-1.3607	17.053	27.948	909.77	-0.0070216	undefined	undefined	liquid
22.270	25.794	166.77	0.0059962	-0.033445	-0.029150	-1.3607	17.053	27.948	909.77	-0.0070217	undefined	undefined	liquid
22.270	25.799	166.77	0.0059962	-0.033446	-0.029149	-1.3607	17.053	27.948	909.77	-0.0070217	undefined	undefined	liquid
22.270	25.803	166.77	0.0059962	-0.033446	-0.029149	-1.3607	17.053	27.948	909.77	-0.0070217	undefined	undefined	liquid
22.270	25.807	166.77	0.0059962	-0.033446	-0.029148	-1.3607	17.053	27.948	909.77	-0.0070217	undefined	undefined	liquid
22.270	25.811	166.77	0.0059962	-0.033446	-0.029148	-1.3607	17.053	27.948	909.77	-0.0070217	undefined	undefined	liquid
22.270	25.815	166.77	0.0059962	-0.033447	-0.029147	-1.3608	17.053	27.948	909.77	-0.0070217	undefined	undefined	liquid
22.270	25.820	166.77	0.0059962	-0.033447	-0.029147	-1.3608	17.053	27.948	909.77	-0.0070217	undefined	undefined	liquid
22.270	25.824	166.77	0.0059962	-0.033447	-0.029147	-1.3608	17.053	27.948	909.77	-0.0070217	undefined	undefined	liquid
22.270	25.828	166.77	0.0059961	-0.033447	-0.029146	-1.3608	17.053	27.948	909.78	-0.0070218	undefined	undefined	liquid
22.270	25.832	166.77	0.0059961	-0.033448	-0.029146	-1.3608	17.053	27.948	909.78	-0.0070218	undefined	undefined	liquid
22.270	25.836	166.77	0.0059961	-0.033448	-0.029145	-1.3608	17.053	27.948	909.78	-0.0070218	undefined	undefined	liquid
22.270	25.841	166.77	0.0059961	-0.033448	-0.029145	-1.3608	17.053	27.947	909.78	-0.0070218	undefined	undefined	liquid
22.270	25.845	166.77	0.0059961	-0.033448	-0.029144	-1.3608	17.053	27.947	909.78	-0.0070218	undefined	undefined	liquid
22.270	25.849	166.77	0.0059961	-0.033449	-0.029144	-1.3608	17.053	27.947	909.78	-0.0070218	undefined	undefined	liquid
22.270	25.853	166.77	0.0059961	-0.033449	-0.029143	-1.3608	17.053	27.947	909.78	-0.0070218	undefined	undefined	liquid
22.270	25.857	166.77	0.0059961	-0.033449	-0.029143	-1.3609	17.053	27.947	909.78	-0.0070218	undefined	undefined	liquid
22.270	25.862	166.77	0.0059961	-0.033449	-0.029142	-1.3609	17.053	27.947	909.78	-0.0070219	undefined	undefined	liquid
22.270	25.866	166.77	0.0059961	-0.033450	-0.029142	-1.3609	17.053	27.947	909.78	-0.0070219	undefined	undefined	liquid
22.270	25.870	166.77	0.0059961	-0.033450	-0.029142	-1.3609	17.053	27.947	909.78	-0.0070219	undefined	undefined	liquid
22.270	25.874	166.77	0.0059961	-0.033450	-0.029141	-1.3609	17.053	27.947	909.78	-0.0070219	undefined	undefined	liquid
22.270	25.878	166.77	0.0059961	-0.033450	-0.029141	-1.3609	17.053	27.947	909.78	-0.0070219	undefined	undefined	liquid
22.270	25.883	166.77	0.0059961	-0.033450	-0.029140	-1.3609	17.053	27.947	909.78	-0.0070219	undefined	undefined	liquid
22.270	25.887	166.77	0.0059961	-0.033451	-0.029140	-1.3609	17.053	27.947	909.78	-0.0070219	undefined	undefined	liquid
22.270	25.891	166.77	0.0059961	-0.033451	-0.029139	-1.3609	17.053	27.947	909.78	-0.0070220	undefined	undefined	liquid
22.270	25.895	166.77	0.0059961	-0.033451	-0.029139	-1.3610	17.053	27.947	909.78	-0.0070220	undefined	undefined	liquid
22.270	25.899	166.77	0.0059961	-0.033451	-0.029138	-1.3610	17.053	27.947	909.78	-0.0070220	undefined	undefined	liquid
22.270	25.904	166.77	0.0059961	-0.033452	-0.029138	-1.3610	17.053	27.947	909.78	-0.0070220	undefined	undefined	liquid
22.270	25.908	166.77	0.0059961	-0.033452	-0.029137	-1.3610	17.053	27.947	909.78	-0.0070220	undefined	undefined	liquid
22.270	25.912	166.77	0.0059961	-0.033452	-0.029137	-1.3610	17.053	27.947	909.79	-0.0070220	undefined	undefined	liquid
22.270	25.916	166.77	0.0059961	-0.033452	-0.029137	-1.3610	17.053	27.947	909.79	-0.0070220	undefined	undefined	liquid
22.270	25.920	166.77	0.0059961	-0.033453	-0.029136	-1.3610	17.053	27.947	909.79	-0.0070220	undefined	undefined	liquid
22.270	25.925	166.78	0.0059961	-0.033453	-0.029136	-1.3610	17.053	27.947	909.79	-0.0070221	undefined	undefined	liquid
22.270	25.929	166.78	0.0059961	-0.033453	-0.029135	-1.3610	17.053	27.947	909.79	-0.0070221	undefined	undefined	liquid
22.270	25.933	166.78	0.0059961	-0.033453	-0.029135	-1.3611	17.053	27.947	909.79	-0.0070221	undefined	undefined	liquid
22.270	25.937	166.78	0.0059961	-0.033454	-0.029134	-1.3611	17.053	27.947	909.79	-0.0070221	undefined	undefined	liquid
22.270	25.941	166.78	0.0059961	-0.033454	-0.029134	-1.3611	17.053	27.947	909.79	-0.0070221	undefined	undefined	liquid
22.270	25.946	166.78	0.0059961	-0.033454	-0.029133	-1.3611	17.053	27.947	909.79	-0.0070221	undefined	undefined	liquid
22.270	25.950	166.78	0.0059961	-0.033454	-0.029133	-1.3611	17.053	27.947	909.79	-0.0070221	undefined	undefined	liquid
22.270	25.954	166.78	0.0059961	-0.033455	-0.029132	-1.3611	17.053	27.947	909.79	-0.0070221	undefined	undefined	liquid
22.270	25.958	166.78	0.0059961	-0.033455	-0.029132	-1.3611	17.053	27.947	909.79	-0.0070222	undefined	undefined	liquid
22.270	25.962	166.78	0.0059961	-0.033455	-0.029131	-1.3611	17.053	27.947	909.79	-0.0070222	undefined	undefined	liquid
22.270	25.967	166.78	0.0059961	-0.033455	-0.029131	-1.3611	17.053	27.947	909.79	-0.0070222	undefined	undefined	liquid
22.270	25.971	166.78	0.0059961	-0.033456	-0.029131	-1.3612	17.053	27.947	909.79	-0.0070222	undefined	undefined	liquid
22.270	25.975	166.78	0.0059961	-0.033456	-0.029130	-1.3612	17.053	27.947	909.79	-0.0070222	undefined	undefined	liquid
22.270	25.979	166.78	0.0059961	-0.033456	-0.029130	-1.3612	17.053	27.947	909.79	-0.0070222	undefined	undefined	liquid
22.270	25.983	166.78	0.0059961	-0.033456	-0.029129	-1.3612	17.053	27.947	909.79	-0.0070222	undefined	undefined	liquid
22.270	25.988	166.78	0.0059961	-0.033456	-0.029129	-1.3612	17.053	27.947	909.79	-0.0070223	undefined	undefined	liquid
22.270	25.992	166.78	0.0059961	-0.033457	-0.029128	-1.3612	17.053	27.947	909.80	-0.0070223	undefined	undefined	liquid
22.270	25.996	166.78	0.0059961	-0.033457	-0.029128	-1.3612	17.053	27.947	909.80	-0.0070223	undefined	undefined	liquid
22.270	26.000	166.78	0.0059961	-0.033457	-0.029127	-1.3612	17.053	27.947	909.80	-0.0070223	undefined	undefined	liquid
22.270	26.004	166.78	0.0059961	-0.033457	-0.029127	-1.3612	17.053	27.947	909.80	-0.0070223	undefined	undefined	liquid
22.270	26.009	166.78	0.0059961	-0.033458	-0.029126	-1.3612	17.053	27.947	909.80	-0.0070223	undefined	undefined	liquid
22.270	26.013	166.78	0.0059961	-0.033458	-0.029126	-1.3613	17.053	27.947	909.80	-0.0070223	undefined	undefined	liquid
22.270	26.017	166.78	0.0059961	-0.033458	-0.029126	-1.3613	17.053	27.947	909.80	-0.0070223	undefined	undefined	liquid
22.270	26.021	166.78	0.0059961	-0.033458	-0.029125	-1.3613	17.053	27.946	909.80	-0.0070224	undefined	undefined	liquid
22.270	26.025	166.78	0.0059961	-0.033459	-0.029125	-1.3613	17.053	27.946	909.80	-0.0070224	undefined	undefined	liquid
22.270	26.030	166.78	0.0059961	-0.033459	-0.029124	-1.3613	17.053	27.946	909.80	-0.0070224	undefined	undefined	liquid
22.270	26.034	166.78	0.0059960	-0.033459	-0.029124	-1.3613	17.053	27.946	909.80	-0.0070224	undefined	undefined	liquid
22.270	26.038	166.78	0.0059960	-0.033459	-0.029123	-1.3613	17.053	27.946	909.80	-0.0070224	undefined	undefined	liquid
22.270	26.042	166.78	0.0059960	-0.033460	-0.029123	-1.3613	17.053	27.946	909.80	-0.0070224	undefined	undefined	liquid
22.270	26.046	166.78	0.0059960	-0.033460	-0.029122	-1.3613	17.053	27.946	909.80	-0.0070224	undefined	undefined	liquid
22.270	26.051	166.78	0.0059960	-0.033460	-0.029122	-1.3614	17.053	27.946	909.80	-0.0070224	undefined	undefined	liquid
22.270	26.055	166.78	0.0059960	-0.033460	-0.029121	-1.3614	17.053	27.946	909.80	-0.0070225	undefined	undefined	liquid
22.270	26.059	166.78	0.0059960	-0.033461	-0.029121	-1.3614	17.053	27.946	909.80	-0.0070225	undefined	undefined	liquid
22.270	26.063	166.78	0.0059960	-0.033461	-0.029120	-1.3614	17.053	27.946	909.80	-0.0070225	undefined	undefined	liquid
22.270	26.067	166.78	0.0059960	-0.033461	-0.029120	-1.3614	17.053	27.946	909.80	-0.0070225	undefined	undefined	liquid
22.270	26.072	166.78	0.0059960	-0.033461	-0.029120	-1.3614	17.053	27.946	909.81	-0.0070225	undefined	undefined	liquid
22.270	26.076	166.78	0.0059960	-0.033462	-0.029119	-1.3614	17.053	27.946	909.81	-0.0070225	undefined	undefined	liquid
22.270	26.080	166.78	0.0059960	-0.033462	-0.029119	-1.3614	17.053	27.946	909.81	-0.0070225	undefined	undefined	liquid
22.270	26.084	166.78	0.0059960	-0.033462	-0.029118	-1.3614	17.053	27.946	909.81	-0.0070226	undefined	undefined	liquid
22.270	26.088	166.78	0.0059960	-0.033462	-0.029118	-1.3615	17.053	27.946	909.81	-0.0070226	undefined	undefined	liquid
22.270	26.093	166.78	0.0059960	-0.033462	-0.029117	-1.3615	17.053	27.946	909.81	-0.0070226	undefined	undefined	liquid
22.270	26.097	166.78	0.0059960	-0.033463	-0.029117	-1.3615	17.053	27.946	909.81	-0.0070226	undefined	undefined	liquid
22.270	26.101	166.78	0.0059960	-0.033463	-0.029116	-1.3615	17.053	27.946	909.81	-0.0070226	undefined	undefined	liquid
22.270	26.105	166.78	0.0059960	-0.033463	-0.029116	-1.3615	17.053	27.946	909.81	-0.0070226	undefined	undefined	liquid
22.270	26.109	166.78	0.0059960	-0.033463	-0.029115	-1.3615	17.053	27.946	909.81	-0.0070226	undefined	undefined	liquid
22.270	26.114	166.78	0.0059960	-0.033464	-0.029115	-1.3615	17.053	27.946	909.81	-0.0070226	undefined	undefined	liquid
22.270	26.118	166.78	0.0059960	-0.033464	-0.029115	-1.3615	17.053	27.946	909.81	-0.0070227	undefined	undefined	liquid
22.270	26.122	166.78	0.0059960	-0.033464	-0.029114	-1.3615	17.053	27.946	909.81	-0.0070227	undefined	undefined	liquid
22.270	26.126	166.78	0.0059960	-0.033464	-0.029114	-1.3616	17.053	27.946	909.81	-0.0070227	undefined	undefined	liquid
22.270	26.130	166.78	0.0059960	-0.033465	-0.029113	-1.3616	17.053	27.946	909.81	-0.0070227	undefined	undefined	liquid
22.270	26.135	166.78	0.0059960	-0.033465	-0.029113	-1.3616	17.053	27.946	909.81	-0.0070227	undefined	undefined	liquid
22.270	26.139	166.78	0.0059960	-0.033465	-0.029112	-1.3616	17.053	27.946	909.81	-0.0070227	undefined	undefined	liquid
22.270	26.143	166.78	0.0059960	-0.033465	-0.029112	-1.3616	17.053	27.946	909.81	-0.0070227	undefined	undefined	liquid
22.270	26.147	166.78	0.0059960	-0.033466	-0.029111	-1.3616	17.053	27.946	909.81	-0.0070228	undefined	undefined	liquid
22.270	26.151	166.78	0.0059960	-0.033466	-0.029111	-1.3616	17.053	27.946	909.82	-0.0070228	undefined	undefined	liquid
22.270	26.156	166.78	0.0059960	-0.033466	-0.029110	-1.3616	17.053	27.946	909.82	-0.0070228	undefined	undefined	liquid
22.270	26.160	166.78	0.0059960	-0.033466	-0.029110	-1.3616	17.054	27.946	909.82	-0.0070228	undefined	undefined	liquid
22.270	26.164	166.78	0.0059960	-0.033467	-0.029109	-1.3617	17.054	27.946	909.82	-0.0070228	undefined	undefined	liquid
22.270	26.168	166.78	0.0059960	-0.033467	-0.029109	-1.3617	17.054	27.946	909.82	-0.0070228	undefined	undefined	liquid
22.270	26.172	166.78	0.0059960	-0.033467	-0.029109	-1.3617	17.054	27.946	909.82	-0.0070228	undefined	undefined	liquid
22.270	26.177	166.78	0.0059960	-0.033467	-0.029108	-1.3617	17.054	27.946	909.82	-0.0070228	undefined	undefined	liquid
22.270	26.181	166.78	0.0059960	-0.033468	-0.029108	-1.3617	17.054	27.946	909.82	-0.0070229	undefined	undefined	liquid
22.270	26.185	166.78	0.0059960	-0.033468	-0.029107	-1.3617	17.054	27.946	909.82	-0.0070229	undefined	undefined	liquid
22.270	26.189	166.78	0.0059960	-0.033468	-0.029107	-1.3617	17.054	27.946	909.82	-0.0070229	undefined	undefined	liquid
22.270	26.193	166.78	0.0059960	-0.033468	-0.029106	-1.3617	17.054	27.946	909.82	-0.0070229	undefined	undefined	liquid
22.270	26.198	166.78	0.0059960	-0.033468	-0.029106	-1.3617	17.054	27.946	909.82	-0.0070229	undefined	undefined	liquid
22.270	26.202	166.78	0.0059960	-0.033469	-0.029105	-1.3617	17.054	27.945	909.82	-0.0070229	undefined	undefined	liquid
22.270	26.206	166.78	0.0059960	-0.033469	-0.029105	-1.3618	17.054	27.945	909.82	-0.0070229	undefined	undefined	liquid
22.270	26.210	166.78	0.0059960	-0.033469	-0.029104	-1.3618	17.054	27.945	909.82	-0.0070229	undefined	undefined	liquid
22.270	26.214	166.78	0.0059960	-0.033469	-0.029104	-1.3618	17.054	27.945	909.82	-0.0070230	undefined	undefined	liquid
22.270	26.219	166.78	0.0059960	-0.033470	-0.029104	-1.3618	17.054	27.945	909.82	-0.0070230	undefined	undefined	liquid
22.270	26.223	166.78	0.0059960	-0.033470	-0.029103	-1.3618	17.054	27.945	909.82	-0.0070230	undefined	undefined	liquid
22.270	26.227	166.78	0.0059960	-0.033470	-0.029103	-1.3618	17.054	27.945	909.82	-0.0070230	undefined	undefined	liquid
22.270	26.231	166.78	0.0059960	-0.033470	-0.029102	-1.3618	17.054	27.945	909.83	-0.0070230	undefined	undefined	liquid
22.270	26.235	166.78	0.0059959	-0.033471	-0.029102	-1.3618	17.054	27.945	909.83	-0.0070230	undefined	undefined	liquid
22.270	26.240	166.78	0.0059959	-0.033471	-0.029101	-1.3618	17.054	27.945	909.83	-0.0070230	undefined	undefined	liquid
22.270	26.244	166.78	0.0059959	-0.033471	-0.029101	-1.3619	17.054	27.945	909.83	-0.0070231	undefined	undefined	liquid
22.270	26.248	166.78	0.0059959	-0.033471	-0.029100	-1.3619	17.054	27.945	909.83	-0.0070231	undefined	undefined	liquid
22.270	26.252	166.78	0.0059959	-0.033472	-0.029100	-1.3619	17.054	27.945	909.83	-0.0070231	undefined	undefined	liquid
22.270	26.256	166.78	0.0059959	-0.033472	-0.029099	-1.3619	17.054	27.945	909.83	-0.0070231	undefined	undefined	liquid
22.270	26.261	166.78	0.0059959	-0.033472	-0.029099	-1.3619	17.054	27.945	909.83	-0.0070231	undefined	undefined	liquid
22.270	26.265	166.78	0.0059959	-0.033472	-0.029098	-1.3619	17.054	27.945	909.83	-0.0070231	undefined	undefined	liquid
22.270	26.269	166.78	0.0059959	-0.033473	-0.029098	-1.3619	17.054	27.945	909.83	-0.0070231	undefined	undefined	liquid
22.270	26.273	166.78	0.0059959	-0.033473	-0.029098	-1.3619	17.054	27.945	909.83	-0.0070231	undefined	undefined	liquid
22.270	26.277	166.78	0.0059959	-0.033473	-0.029097	-1.3619	17.054	27.945	909.83	-0.0070232	undefined	undefined	liquid
22.270	26.282	166.78	0.0059959	-0.033473	-0.029097	-1.3620	17.054	27.945	909.83	-0.0070232	undefined	undefined	liquid
22.270	26.286	166.78	0.0059959	-0.033474	-0.029096	-1.3620	17.054	27.945	909.83	-0.0070232	undefined	undefined	liquid
22.270	26.290	166.78	0.0059959	-0.033474	-0.029096	-1.3620	17.054	27.945	909.83	-0.0070232	undefined	undefined	liquid
22.270	26.294	166.78	0.0059959	-0.033474	-0.029095	-1.3620	17.054	27.945	909.83	-0.0070232	undefined	undefined	liquid
22.270	26.298	166.78	0.0059959	-0.033474	-0.029095	-1.3620	17.054	27.945	909.83	-0.0070232	undefined	undefined	liquid
22.270	26.303	166.78	0.0059959	-0.033474	-0.029094	-1.3620	17.054	27.945	909.83	-0.0070232	undefined	undefined	liquid
22.270	26.307	166.78	0.0059959	-0.033475	-0.029094	-1.3620	17.054	27.945	909.83	-0.0070232	undefined	undefined	liquid
22.270	26.311	166.78	0.0059959	-0.033475	-0.029093	-1.3620	17.054	27.945	909.84	-0.0070233	undefined	undefined	liquid
22.270	26.315	166.78	0.0059959	-0.033475	-0.029093	-1.3620	17.054	27.945	909.84	-0.0070233	undefined	undefined	liquid
22.270	26.319	166.78	0.0059959	-0.033475	-0.029093	-1.3621	17.054	27.945	909.84	-0.0070233	undefined	undefined	liquid
22.270	26.324	166.78	0.0059959	-0.033476	-0.029092	-1.3621	17.054	27.945	909.84	-0.0070233	undefined	undefined	liquid
22.270	26.328	166.78	0.0059959	-0.033476	-0.029092	-1.3621	17.054	27.945	909.84	-0.0070233	undefined	undefined	liquid
22.270	26.332	166.78	0.0059959	-0.033476	-0.029091	-1.3621	17.054	27.945	909.84	-0.0070233	undefined	undefined	liquid
22.270	26.336	166.78	0.0059959	-0.033476	-0.029091	-1.3621	17.054	27.945	909.84	-0.0070233	undefined	undefined	liquid
22.270	26.340	166.78	0.0059959	-0.033477	-0.029090	-1.3621	17.054	27.945	909.84	-0.0070234	undefined	undefined	liquid
22.270	26.345	166.78	0.0059959	-0.033477	-0.029090	-1.3621	17.054	27.945	909.84	-0.0070234	undefined	undefined	liquid
22.270	26.349	166.78	0.0059959	-0.033477	-0.029089	-1.3621	17.054	27.945	909.84	-0.0070234	undefined	undefined	liquid
22.270	26.353	166.78	0.0059959	-0.033477	-0.029089	-1.3621	17.054	27.945	909.84	-0.0070234	undefined	undefined	liquid
22.270	26.357	166.78	0.0059959	-0.033478	-0.029088	-1.3621	17.054	27.945	909.84	-0.0070234	undefined	undefined	liquid
22.270	26.361	166.78	0.0059959	-0.033478	-0.029088	-1.3622	17.054	27.945	909.84	-0.0070234	undefined	undefined	liquid
22.270	26.366	166.78	0.0059959	-0.033478	-0.029088	-1.3622	17.054	27.945	909.84	-0.0070234	undefined	undefined	liquid
22.270	26.370	166.78	0.0059959	-0.033478	-0.029087	-1.3622	17.054	27.945	909.84	-0.0070234	undefined	undefined	liquid
22.270	26.374	166.78	0.0059959	-0.033479	-0.029087	-1.3622	17.054	27.945	909.84	-0.0070235	undefined	undefined	liquid
22.270	26.378	166.78	0.0059959	-0.033479	-0.029086	-1.3622	17.054	27.944	909.84	-0.0070235	undefined	undefined	liquid
22.270	26.382	166.78	0.0059959	-0.033479	-0.029086	-1.3622	17.054	27.944	909.84	-0.0070235	undefined	undefined	liquid
22.270	26.387	166.78	0.0059959	-0.033479	-0.029085	-1.3622	17.054	27.944	909.84	-0.0070235	undefined	undefined	liquid
22.270	26.391	166.78	0.0059959	-0.033480	-0.029085	-1.3622	17.054	27.944	909.85	-0.0070235	undefined	undefined	liquid
22.270	26.395	166.78	0.0059959	-0.033480	-0.029084	-1.3622	17.054	27.944	909.85	-0.0070235	undefined	undefined	liquid
22.270	26.399	166.78	0.0059959	-0.033480	-0.029084	-1.3623	17.054	27.944	909.85	-0.0070235	undefined	undefined	liquid
22.270	26.403	166.78	0.0059959	-0.033480	-0.029083	-1.3623	17.054	27.944	909.85	-0.0070236	undefined	undefined	liquid
22.270	26.408	166.78	0.0059959	-0.033480	-0.029083	-1.3623	17.054	27.944	909.85	-0.0070236	undefined	undefined	liquid
22.270	26.412	166.78	0.0059959	-0.033481	-0.029082	-1.3623	17.054	27.944	909.85	-0.0070236	undefined	undefined	liquid
22.270	26.416	166.78	0.0059959	-0.033481	-0.029082	-1.3623	17.054	27.944	909.85	-0.0070236	undefined	undefined	liquid
22.270	26.420	166.78	0.0059959	-0.033481	-0.029082	-1.3623	17.054	27.944	909.85	-0.0070236	undefined	undefined	liquid
22.270	26.424	166.78	0.0059959	-0.033481	-0.029081	-1.3623	17.054	27.944	909.85	-0.0070236	undefined	undefined	liquid
22.270	26.429	166.78	0.0059959	-0.033482	-0.029081	-1.3623	17.054	27.944	909.85	-0.0070236	undefined	undefined	liquid
22.270	26.433	166.78	0.0059959	-0.033482	-0.029080	-1.3623	17.054	27.944	909.85	-0.0070236	undefined	undefined	liquid
22.270	26.437	166.78	0.0059959	-0.033482	-0.029080	-1.3624	17.054	27.944	909.85	-0.0070237	undefined	undefined	liquid
22.270	26.441	166.78	0.0059958	-0.033482	-0.029079	-1.3624	17.054	27.944	909.85	-0.0070237	undefined	undefined	liquid
22.270	26.445	166.78	0.0059958	-0.033483	-0.029079	-1.3624	17.054	27.944	909.85	-0.0070237	undefined	undefined	liquid
22.270	26.450	166.78	0.0059958	-0.033483	-0.029078	-1.3624	17.054	27.944	909.85	-0.0070237	undefined	undefined	liquid
22.270	26.454	166.78	0.0059958	-0.033483	-0.029078	-1.3624	17.054	27.944	909.85	-0.0070237	undefined	undefined	liquid
22.270	26.458	166.78	0.0059958	-0.033483	-0.029077	-1.3624	17.054	27.944	909.85	-0.0070237	undefined	undefined	liquid
22.270	26.462	166.78	0.0059958	-0.033484	-0.029077	-1.3624	17.054	27.944	909.85	-0.0070237	undefined	undefined	liquid
22.270	26.466	166.78	0.0059958	-0.033484	-0.029077	-1.3624	17.054	27.944	909.85	-0.0070237	undefined	undefined	liquid
22.270	26.471	166.78	0.0059958	-0.033484	-0.029076	-1.3624	17.054	27.944	909.86	-0.0070238	undefined	undefined	liquid
22.270	26.475	166.78	0.0059958	-0.033484	-0.029076	-1.3625	17.054	27.944	909.86	-0.0070238	undefined	undefined	liquid
22.270	26.479	166.78	0.0059958	-0.033485	-0.029075	-1.3625	17.054	27.944	909.86	-0.0070238	undefined	undefined	liquid
22.270	26.483	166.78	0.0059958	-0.033485	-0.029075	-1.3625	17.054	27.944	909.86	-0.0070238	undefined	undefined	liquid
22.270	26.487	166.78	0.0059958	-0.033485	-0.029074	-1.3625	17.054	27.944	909.86	-0.0070238	undefined	undefined	liquid
22.270	26.492	166.78	0.0059958	-0.033485	-0.029074	-1.3625	17.054	27.944	909.86	-0.0070238	undefined	undefined	liquid
22.270	26.496	166.78	0.0059958	-0.033486	-0.029073	-1.3625	17.054	27.944	909.86	-0.0070238	undefined	undefined	liquid
22.270	26.500	166.78	0.0059958	-0.033486	-0.029073	-1.3625	17.054	27.944	909.86	-0.0070239	undefined	undefined	liquid
22.270	26.504	166.78	0.0059958	-0.033486	-0.029072	-1.3625	17.054	27.944	909.86	-0.0070239	undefined	undefined	liquid
22.270	26.508	166.78	0.0059958	-0.033486	-0.029072	-1.3625	17.054	27.944	909.86	-0.0070239	undefined	undefined	liquid
22.270	26.513	166.78	0.0059958	-0.033486	-0.029071	-1.3626	17.054	27.944	909.86	-0.0070239	undefined	undefined	liquid
22.270	26.517	166.78	0.0059958	-0.033487	-0.029071	-1.3626	17.054	27.944	909.86	-0.0070239	undefined	undefined	liquid
22.270	26.521	166.78	0.0059958	-0.033487	-0.029071	-1.3626	17.054	27.944	909.86	-0.0070239	undefined	undefined	liquid
22.270	26.525	166.78	0.0059958	-0.033487	-0.029070	-1.3626	17.054	27.944	909.86	-0.0070239	undefined	undefined	liquid
22.270	26.529	166.78	0.0059958	-0.033487	-0.029070	-1.3626	17.054	27.944	909.86	-0.0070239	undefined	undefined	liquid
22.270	26.534	166.78	0.0059958	-0.033488	-0.029069	-1.3626	17.054	27.944	909.86	-0.0070240	undefined	undefined	liquid
22.270	26.538	166.78	0.0059958	-0.033488	-0.029069	-1.3626	17.054	27.944	909.86	-0.0070240	undefined	undefined	liquid
22.270	26.542	166.78	0.0059958	-0.033488	-0.029068	-1.3626	17.054	27.944	909.86	-0.0070240	undefined	undefined	liquid
22.270	26.546	166.78	0.0059958	-0.033488	-0.029068	-1.3626	17.054	27.944	909.86	-0.0070240	undefined	undefined	liquid
22.270	26.550	166.78	0.0059958	-0.033489	-0.029067	-1.3626	17.054	27.944	909.87	-0.0070240	undefined	undefined	liquid
22.270	26.555	166.78	0.0059958	-0.033489	-0.029067	-1.3627	17.054	27.944	909.87	-0.0070240	undefined	undefined	liquid
22.270	26.559	166.78	0.0059958	-0.033489	-0.029066	-1.3627	17.054	27.943	909.87	-0.0070240	undefined	undefined	liquid
22.270	26.563	166.78	0.0059958	-0.033489	-0.029066	-1.3627	17.054	27.943	909.87	-0.0070240	undefined	undefined	liquid
22.270	26.567	166.78	0.0059958	-0.033490	-0.029066	-1.3627	17.054	27.943	909.87	-0.0070241	undefined	undefined	liquid
22.270	26.571	166.78	0.0059958	-0.033490	-0.029065	-1.3627	17.054	27.943	909.87	-0.0070241	undefined	undefined	liquid
22.270	26.576	166.78	0.0059958	-0.033490	-0.029065	-1.3627	17.054	27.943	909.87	-0.0070241	undefined	undefined	liquid
22.270	26.580	166.78	0.0059958	-0.033490	-0.029064	-1.3627	17.054	27.943	909.87	-0.0070241	undefined	undefined	liquid
22.270	26.584	166.78	0.0059958	-0.033491	-0.029064	-1.3627	17.054	27.943	909.87	-0.0070241	undefined	undefined	liquid
22.270	26.588	166.78	0.0059958	-0.033491	-0.029063	-1.3627	17.054	27.943	909.87	-0.0070241	undefined	undefined	liquid
22.270	26.592	166.78	0.0059958	-0.033491	-0.029063	-1.3628	17.054	27.943	909.87	-0.0070241	undefined	undefined	liquid
22.270	26.597	166.78	0.0059958	-0.033491	-0.029062	-1.3628	17.054	27.943	909.87	-0.0070242	undefined	undefined	liquid
22.270	26.601	166.78	0.0059958	-0.033492	-0.029062	-1.3628	17.054	27.943	909.87	-0.0070242	undefined	undefined	liquid
22.270	26.605	166.78	0.0059958	-0.033492	-0.029061	-1.3628	17.054	27.943	909.87	-0.0070242	undefined	undefined	liquid
22.270	26.609	166.78	0.0059958	-0.033492	-0.029061	-1.3628	17.054	27.943	909.87	-0.0070242	undefined	undefined	liquid
22.270	26.613	166.78	0.0059958	-0.033492	-0.029060	-1.3628	17.054	27.943	909.87	-0.0070242	undefined	undefined	liquid
22.270	26.618	166.78	0.0059958	-0.033492	-0.029060	-1.3628	17.054	27.943	909.87	-0.0070242	undefined	undefined	liquid
22.270	26.622	166.78	0.0059958	-0.033493	-0.029060	-1.3628	17.054	27.943	909.87	-0.0070242	undefined	undefined	liquid
22.270	26.626	166.78	0.0059958	-0.033493	-0.029059	-1.3628	17.054	27.943	909.87	-0.0070242	undefined	undefined	liquid
22.270	26.630	166.78	0.0059958	-0.033493	-0.029059	-1.3629	17.054	27.943	909.88	-0.0070243	undefined	undefined	liquid
22.270	26.634	166.78	0.0059958	-0.033493	-0.029058	-1.3629	17.054	27.943	909.88	-0.0070243	undefined	undefined	liquid
22.270	26.639	166.78	0.0059958	-0.033494	-0.029058	-1.3629	17.054	27.943	909.88	-0.0070243	undefined	undefined	liquid
22.270	26.643	166.78	0.0059958	-0.033494	-0.029057	-1.3629	17.054	27.943	909.88	-0.0070243	undefined	undefined	liquid
22.270	26.647	166.78	0.0059957	-0.033494	-0.029057	-1.3629	17.054	27.943	909.88	-0.0070243	undefined	undefined	liquid
22.270	26.651	166.78	0.0059957	-0.033494	-0.029056	-1.3629	17.054	27.943	909.88	-0.0070243	undefined	undefined	liquid
22.270	26.655	166.78	0.0059957	-0.033495	-0.029056	-1.3629	17.054	27.943	909.88	-0.0070243	undefined	undefined	liquid
22.270	26.660	166.79	0.0059957	-0.033495	-0.029055	-1.3629	17.054	27.943	909.88	-0.0070244	undefined	undefined	liquid
22.270	26.664	166.79	0.0059957	-0.033495	-0.029055	-1.3629	17.054	27.943	909.88	-0.0070244	undefined	undefined	liquid
22.270	26.668	166.79	0.0059957	-0.033495	-0.029055	-1.3630	17.054	27.943	909.88	-0.0070244	undefined	undefined	liquid
22.270	26.672	166.79	0.0059957	-0.033496	-0.029054	-1.3630	17.054	27.943	909.88	-0.0070244	undefined	undefined	liquid
22.270	26.676	166.79	0.0059957	-0.033496	-0.029054	-1.3630	17.054	27.943	909.88	-0.0070244	undefined	undefined	liquid
22.270	26.681	166.79	0.0059957	-0.033496	-0.029053	-1.3630	17.054	27.943	909.88	-0.0070244	undefined	undefined	liquid
22.270	26.685	166.79	0.0059957	-0.033496	-0.029053	-1.3630	17.054	27.943	909.88	-0.0070244	undefined	undefined	liquid
22.270	26.689	166.79	0.0059957	-0.033497	-0.029052	-1.3630	17.054	27.943	909.88	-0.0070244	undefined	undefined	liquid
22.270	26.693	166.79	0.0059957	-0.033497	-0.029052	-1.3630	17.054	27.943	909.88	-0.0070245	undefined	undefined	liquid
22.270	26.697	166.79	0.0059957	-0.033497	-0.029051	-1.3630	17.054	27.943	909.88	-0.0070245	undefined	undefined	liquid
22.270	26.702	166.79	0.0059957	-0.033497	-0.029051	-1.3630	17.054	27.943	909.88	-0.0070245	undefined	undefined	liquid
22.270	26.706	166.79	0.0059957	-0.033498	-0.029050	-1.3630	17.054	27.943	909.88	-0.0070245	undefined	undefined	liquid
22.270	26.710	166.79	0.0059957	-0.033498	-0.029050	-1.3631	17.054	27.943	909.89	-0.0070245	undefined	undefined	liquid
22.270	26.714	166.79	0.0059957	-0.033498	-0.029049	-1.3631	17.054	27.943	909.89	-0.0070245	undefined	undefined	liquid
22.270	26.718	166.79	0.0059957	-0.033498	-0.029049	-1.3631	17.054	27.943	909.89	-0.0070245	undefined	undefined	liquid
22.270	26.723	166.79	0.0059957	-0.033498	-0.029049	-1.3631	17.054	27.943	909.89	-0.0070245	undefined	undefined	liquid
22.270	26.727	166.79	0.0059957	-0.033499	-0.029048	-1.3631	17.054	27.943	909.89	-0.0070246	undefined	undefined	liquid
22.270	26.731	166.79	0.0059957	-0.033499	-0.029048	-1.3631	17.054	27.943	909.89	-0.0070246	undefined	undefined	liquid
22.270	26.735	166.79	0.0059957	-0.033499	-0.029047	-1.3631	17.054	27.942	909.89	-0.0070246	undefined	undefined	liquid
22.270	26.739	166.79	0.0059957	-0.033499	-0.029047	-1.3631	17.054	27.942	909.89	-0.0070246	undefined	undefined	liquid
22.270	26.744	166.79	0.0059957	-0.033500	-0.029046	-1.3631	17.054	27.942	909.89	-0.0070246	undefined	undefined	liquid
22.270	26.748	166.79	0.0059957	-0.033500	-0.029046	-1.3632	17.054	27.942	909.89	-0.0070246	undefined	undefined	liquid
22.270	26.752	166.79	0.0059957	-0.033500	-0.029045	-1.3632	17.054	27.942	909.89	-0.0070246	undefined	undefined	liquid
22.270	26.756	166.79	0.0059957	-0.033500	-0.029045	-1.3632	17.054	27.942	909.89	-0.0070247	undefined	undefined	liquid
22.270	26.760	166.79	0.0059957	-0.033501	-0.029044	-1.3632	17.054	27.942	909.89	-0.0070247	undefined	undefined	liquid
22.270	26.765	166.79	0.0059957	-0.033501	-0.029044	-1.3632	17.055	27.942	909.89	-0.0070247	undefined	undefined	liquid
22.270	26.769	166.79	0.0059957	-0.033501	-0.029044	-1.3632	17.055	27.942	909.89	-0.0070247	undefined	undefined	liquid
22.270	26.773	166.79	0.0059957	-0.033501	-0.029043	-1.3632	17.055	27.942	909.89	-0.0070247	undefined	undefined	liquid
22.270	26.777	166.79	0.0059957	-0.033502	-0.029043	-1.3632	17.055	27.942	909.89	-0.0070247	undefined	undefined	liquid
22.270	26.781	166.79	0.0059957	-0.033502	-0.029042	-1.3632	17.055	27.942	909.89	-0.0070247	undefined	undefined	liquid
22.270	26.786	166.79	0.0059957	-0.033502	-0.029042	-1.3633	17.055	27.942	909.89	-0.0070247	undefined	undefined	liquid
22.270	26.790	166.79	0.0059957	-0.033502	-0.029041	-1.3633	17.055	27.942	909.90	-0.0070248	undefined	undefined	liquid
22.270	26.794	166.79	0.0059957	-0.033503	-0.029041	-1.3633	17.055	27.942	909.90	-0.0070248	undefined	undefined	liquid
22.270	26.798	166.79	0.0059957	-0.033503	-0.029040	-1.3633	17.055	27.942	909.90	-0.0070248	undefined	undefined	liquid
22.270	26.802	166.79	0.0059957	-0.033503	-0.029040	-1.3633	17.055	27.942	909.90	-0.0070248	undefined	undefined	liquid
22.270	26.807	166.79	0.0059957	-0.033503	-0.029039	-1.3633	17.055	27.942	909.90	-0.0070248	undefined	undefined	liquid
22.270	26.811	166.79	0.0059957	-0.033504	-0.029039	-1.3633	17.055	27.942	909.90	-0.0070248	undefined	undefined	liquid
22.270	26.815	166.79	0.0059957	-0.033504	-0.029038	-1.3633	17.055	27.942	909.90	-0.0070248	undefined	undefined	liquid
22.270	26.819	166.79	0.0059957	-0.033504	-0.029038	-1.3633	17.055	27.942	909.90	-0.0070248	undefined	undefined	liquid
22.270	26.823	166.79	0.0059957	-0.033504	-0.029038	-1.3634	17.055	27.942	909.90	-0.0070249	undefined	undefined	liquid
22.270	26.828	166.79	0.0059957	-0.033504	-0.029037	-1.3634	17.055	27.942	909.90	-0.0070249	undefined	undefined	liquid
22.270	26.832	166.79	0.0059957	-0.033505	-0.029037	-1.3634	17.055	27.942	909.90	-0.0070249	undefined	undefined	liquid
22.270	26.836	166.79	0.0059957	-0.033505	-0.029036	-1.3634	17.055	27.942	909.90	-0.0070249	undefined	undefined	liquid
22.270	26.840	166.79	0.0059957	-0.033505	-0.029036	-1.3634	17.055	27.942	909.90	-0.0070249	undefined	undefined	liquid
22.270	26.844	166.79	0.0059957	-0.033505	-0.029035	-1.3634	17.055	27.942	909.90	-0.0070249	undefined	undefined	liquid
22.270	26.849	166.79	0.0059956	-0.033506	-0.029035	-1.3634	17.055	27.942	909.90	-0.0070249	undefined	undefined	liquid
22.270	26.853	166.79	0.0059956	-0.033506	-0.029034	-1.3634	17.055	27.942	909.90	-0.0070250	undefined	undefined	liquid
22.270	26.857	166.79	0.0059956	-0.033506	-0.029034	-1.3634	17.055	27.942	909.90	-0.0070250	undefined	undefined	liquid
22.270	26.861	166.79	0.0059956	-0.033506	-0.029033	-1.3635	17.055	27.942	909.90	-0.0070250	undefined	undefined	liquid
22.270	26.865	166.79	0.0059956	-0.033507	-0.029033	-1.3635	17.055	27.942	909.90	-0.0070250	undefined	undefined	liquid
22.270	26.870	166.79	0.0059956	-0.033507	-0.029033	-1.3635	17.055	27.942	909.91	-0.0070250	undefined	undefined	liquid
22.270	26.874	166.79	0.0059956	-0.033507	-0.029032	-1.3635	17.055	27.942	909.91	-0.0070250	undefined	undefined	liquid
22.270	26.878	166.79	0.0059956	-0.033507	-0.029032	-1.3635	17.055	27.942	909.91	-0.0070250	undefined	undefined	liquid
22.270	26.882	166.79	0.0059956	-0.033508	-0.029031	-1.3635	17.055	27.942	909.91	-0.0070250	undefined	undefined	liquid
22.270	26.886	166.79	0.0059956	-0.033508	-0.029031	-1.3635	17.055	27.942	909.91	-0.0070251	undefined	undefined	liquid
22.270	26.891	166.79	0.0059956	-0.033508	-0.029030	-1.3635	17.055	27.942	909.91	-0.0070251	undefined	undefined	liquid
22.270	26.895	166.79	0.0059956	-0.033508	-0.029030	-1.3635	17.055	27.942	909.91	-0.0070251	undefined	undefined	liquid
22.270	26.899	166.79	0.0059956	-0.033509	-0.029029	-1.3635	17.055	27.942	909.91	-0.0070251	undefined	undefined	liquid
22.270	26.903	166.79	0.0059956	-0.033509	-0.029029	-1.3636	17.055	27.942	909.91	-0.0070251	undefined	undefined	liquid
22.270	26.907	166.79	0.0059956	-0.033509	-0.029028	-1.3636	17.055	27.942	909.91	-0.0070251	undefined	undefined	liquid
22.270	26.912	166.79	0.0059956	-0.033509	-0.029028	-1.3636	17.055	27.942	909.91	-0.0070251	undefined	undefined	liquid
22.270	26.916	166.79	0.0059956	-0.033509	-0.029028	-1.3636	17.055	27.941	909.91	-0.0070251	undefined	undefined	liquid
22.270	26.920	166.79	0.0059956	-0.033510	-0.029027	-1.3636	17.055	27.941	909.91	-0.0070252	undefined	undefined	liquid
