Temperature (K)	Pressure (psia)	Density (kg/m3)	Volume (m3/kg)	Internal Energy (kJ/mol)	Enthalpy (kJ/mol)	Entropy (J/mol*K)	Cv (J/mol*K)	Cp (J/mol*K)	Sound Spd. (m/s)	Joule-Thomson (F/psia)	Viscosity (uPa*s)	Therm. Cond. (W/m*K)	Phase
22.220	24.400	166.88	0.0059922	-0.034757	-0.030697	-1.4198	16.988	27.835	911.62	-0.0070658	undefined	undefined	liquid
22.220	24.404	166.88	0.0059922	-0.034758	-0.030696	-1.4198	16.988	27.835	911.62	-0.0070659	undefined	undefined	liquid
22.220	24.408	166.88	0.0059922	-0.034758	-0.030696	-1.4198	16.988	27.835	911.63	-0.0070659	undefined	undefined	liquid
22.220	24.413	166.88	0.0059922	-0.034758	-0.030695	-1.4198	16.988	27.835	911.63	-0.0070659	undefined	undefined	liquid
22.220	24.417	166.88	0.0059922	-0.034758	-0.030695	-1.4198	16.988	27.835	911.63	-0.0070659	undefined	undefined	liquid
22.220	24.421	166.88	0.0059922	-0.034758	-0.030694	-1.4198	16.988	27.835	911.63	-0.0070659	undefined	undefined	liquid
22.220	24.425	166.88	0.0059922	-0.034759	-0.030694	-1.4199	16.988	27.835	911.63	-0.0070659	undefined	undefined	liquid
22.220	24.429	166.88	0.0059922	-0.034759	-0.030693	-1.4199	16.988	27.835	911.63	-0.0070659	undefined	undefined	liquid
22.220	24.434	166.88	0.0059922	-0.034759	-0.030693	-1.4199	16.988	27.835	911.63	-0.0070660	undefined	undefined	liquid
22.220	24.438	166.88	0.0059922	-0.034759	-0.030692	-1.4199	16.988	27.835	911.63	-0.0070660	undefined	undefined	liquid
22.220	24.442	166.88	0.0059922	-0.034760	-0.030692	-1.4199	16.988	27.835	911.63	-0.0070660	undefined	undefined	liquid
22.220	24.446	166.88	0.0059922	-0.034760	-0.030691	-1.4199	16.988	27.834	911.63	-0.0070660	undefined	undefined	liquid
22.220	24.450	166.88	0.0059922	-0.034760	-0.030691	-1.4199	16.988	27.834	911.63	-0.0070660	undefined	undefined	liquid
22.220	24.455	166.88	0.0059922	-0.034760	-0.030691	-1.4199	16.988	27.834	911.63	-0.0070660	undefined	undefined	liquid
22.220	24.459	166.88	0.0059922	-0.034761	-0.030690	-1.4199	16.988	27.834	911.63	-0.0070660	undefined	undefined	liquid
22.220	24.463	166.88	0.0059922	-0.034761	-0.030690	-1.4200	16.988	27.834	911.63	-0.0070660	undefined	undefined	liquid
22.220	24.467	166.88	0.0059922	-0.034761	-0.030689	-1.4200	16.988	27.834	911.63	-0.0070661	undefined	undefined	liquid
22.220	24.471	166.88	0.0059922	-0.034761	-0.030689	-1.4200	16.988	27.834	911.63	-0.0070661	undefined	undefined	liquid
22.220	24.476	166.88	0.0059922	-0.034762	-0.030688	-1.4200	16.988	27.834	911.63	-0.0070661	undefined	undefined	liquid
22.220	24.480	166.88	0.0059922	-0.034762	-0.030688	-1.4200	16.988	27.834	911.63	-0.0070661	undefined	undefined	liquid
22.220	24.484	166.88	0.0059922	-0.034762	-0.030687	-1.4200	16.988	27.834	911.63	-0.0070661	undefined	undefined	liquid
22.220	24.488	166.88	0.0059922	-0.034762	-0.030687	-1.4200	16.988	27.834	911.64	-0.0070661	undefined	undefined	liquid
22.220	24.492	166.88	0.0059922	-0.034763	-0.030686	-1.4200	16.988	27.834	911.64	-0.0070661	undefined	undefined	liquid
22.220	24.497	166.88	0.0059922	-0.034763	-0.030686	-1.4200	16.988	27.834	911.64	-0.0070662	undefined	undefined	liquid
22.220	24.501	166.88	0.0059922	-0.034763	-0.030686	-1.4201	16.988	27.834	911.64	-0.0070662	undefined	undefined	liquid
22.220	24.505	166.88	0.0059922	-0.034763	-0.030685	-1.4201	16.988	27.834	911.64	-0.0070662	undefined	undefined	liquid
22.220	24.509	166.88	0.0059922	-0.034763	-0.030685	-1.4201	16.988	27.834	911.64	-0.0070662	undefined	undefined	liquid
22.220	24.513	166.88	0.0059922	-0.034764	-0.030684	-1.4201	16.988	27.834	911.64	-0.0070662	undefined	undefined	liquid
22.220	24.518	166.88	0.0059922	-0.034764	-0.030684	-1.4201	16.988	27.834	911.64	-0.0070662	undefined	undefined	liquid
22.220	24.522	166.89	0.0059921	-0.034764	-0.030683	-1.4201	16.988	27.834	911.64	-0.0070662	undefined	undefined	liquid
22.220	24.526	166.89	0.0059921	-0.034764	-0.030683	-1.4201	16.988	27.834	911.64	-0.0070662	undefined	undefined	liquid
22.220	24.530	166.89	0.0059921	-0.034765	-0.030682	-1.4201	16.988	27.834	911.64	-0.0070663	undefined	undefined	liquid
22.220	24.534	166.89	0.0059921	-0.034765	-0.030682	-1.4201	16.988	27.834	911.64	-0.0070663	undefined	undefined	liquid
22.220	24.539	166.89	0.0059921	-0.034765	-0.030681	-1.4201	16.988	27.834	911.64	-0.0070663	undefined	undefined	liquid
22.220	24.543	166.89	0.0059921	-0.034765	-0.030681	-1.4202	16.988	27.834	911.64	-0.0070663	undefined	undefined	liquid
22.220	24.547	166.89	0.0059921	-0.034766	-0.030680	-1.4202	16.988	27.834	911.64	-0.0070663	undefined	undefined	liquid
22.220	24.551	166.89	0.0059921	-0.034766	-0.030680	-1.4202	16.988	27.834	911.64	-0.0070663	undefined	undefined	liquid
22.220	24.555	166.89	0.0059921	-0.034766	-0.030680	-1.4202	16.988	27.834	911.64	-0.0070663	undefined	undefined	liquid
22.220	24.560	166.89	0.0059921	-0.034766	-0.030679	-1.4202	16.988	27.834	911.64	-0.0070664	undefined	undefined	liquid
22.220	24.564	166.89	0.0059921	-0.034767	-0.030679	-1.4202	16.988	27.834	911.64	-0.0070664	undefined	undefined	liquid
22.220	24.568	166.89	0.0059921	-0.034767	-0.030678	-1.4202	16.988	27.834	911.65	-0.0070664	undefined	undefined	liquid
22.220	24.572	166.89	0.0059921	-0.034767	-0.030678	-1.4202	16.988	27.834	911.65	-0.0070664	undefined	undefined	liquid
22.220	24.576	166.89	0.0059921	-0.034767	-0.030677	-1.4202	16.988	27.834	911.65	-0.0070664	undefined	undefined	liquid
22.220	24.581	166.89	0.0059921	-0.034768	-0.030677	-1.4203	16.988	27.834	911.65	-0.0070664	undefined	undefined	liquid
22.220	24.585	166.89	0.0059921	-0.034768	-0.030676	-1.4203	16.988	27.834	911.65	-0.0070664	undefined	undefined	liquid
22.220	24.589	166.89	0.0059921	-0.034768	-0.030676	-1.4203	16.988	27.834	911.65	-0.0070664	undefined	undefined	liquid
22.220	24.593	166.89	0.0059921	-0.034768	-0.030675	-1.4203	16.988	27.834	911.65	-0.0070665	undefined	undefined	liquid
22.220	24.597	166.89	0.0059921	-0.034769	-0.030675	-1.4203	16.988	27.834	911.65	-0.0070665	undefined	undefined	liquid
22.220	24.602	166.89	0.0059921	-0.034769	-0.030675	-1.4203	16.988	27.834	911.65	-0.0070665	undefined	undefined	liquid
22.220	24.606	166.89	0.0059921	-0.034769	-0.030674	-1.4203	16.988	27.834	911.65	-0.0070665	undefined	undefined	liquid
22.220	24.610	166.89	0.0059921	-0.034769	-0.030674	-1.4203	16.988	27.834	911.65	-0.0070665	undefined	undefined	liquid
22.220	24.614	166.89	0.0059921	-0.034769	-0.030673	-1.4203	16.988	27.834	911.65	-0.0070665	undefined	undefined	liquid
22.220	24.618	166.89	0.0059921	-0.034770	-0.030673	-1.4204	16.988	27.834	911.65	-0.0070665	undefined	undefined	liquid
22.220	24.623	166.89	0.0059921	-0.034770	-0.030672	-1.4204	16.988	27.834	911.65	-0.0070665	undefined	undefined	liquid
22.220	24.627	166.89	0.0059921	-0.034770	-0.030672	-1.4204	16.988	27.833	911.65	-0.0070666	undefined	undefined	liquid
22.220	24.631	166.89	0.0059921	-0.034770	-0.030671	-1.4204	16.988	27.833	911.65	-0.0070666	undefined	undefined	liquid
22.220	24.635	166.89	0.0059921	-0.034771	-0.030671	-1.4204	16.988	27.833	911.65	-0.0070666	undefined	undefined	liquid
22.220	24.639	166.89	0.0059921	-0.034771	-0.030670	-1.4204	16.988	27.833	911.65	-0.0070666	undefined	undefined	liquid
22.220	24.644	166.89	0.0059921	-0.034771	-0.030670	-1.4204	16.988	27.833	911.65	-0.0070666	undefined	undefined	liquid
22.220	24.648	166.89	0.0059921	-0.034771	-0.030669	-1.4204	16.988	27.833	911.66	-0.0070666	undefined	undefined	liquid
22.220	24.652	166.89	0.0059921	-0.034772	-0.030669	-1.4204	16.988	27.833	911.66	-0.0070666	undefined	undefined	liquid
22.220	24.656	166.89	0.0059921	-0.034772	-0.030669	-1.4205	16.988	27.833	911.66	-0.0070667	undefined	undefined	liquid
22.220	24.660	166.89	0.0059921	-0.034772	-0.030668	-1.4205	16.988	27.833	911.66	-0.0070667	undefined	undefined	liquid
22.220	24.665	166.89	0.0059921	-0.034772	-0.030668	-1.4205	16.988	27.833	911.66	-0.0070667	undefined	undefined	liquid
22.220	24.669	166.89	0.0059921	-0.034773	-0.030667	-1.4205	16.988	27.833	911.66	-0.0070667	undefined	undefined	liquid
22.220	24.673	166.89	0.0059921	-0.034773	-0.030667	-1.4205	16.988	27.833	911.66	-0.0070667	undefined	undefined	liquid
22.220	24.677	166.89	0.0059921	-0.034773	-0.030666	-1.4205	16.988	27.833	911.66	-0.0070667	undefined	undefined	liquid
22.220	24.681	166.89	0.0059921	-0.034773	-0.030666	-1.4205	16.988	27.833	911.66	-0.0070667	undefined	undefined	liquid
22.220	24.686	166.89	0.0059921	-0.034774	-0.030665	-1.4205	16.988	27.833	911.66	-0.0070667	undefined	undefined	liquid
22.220	24.690	166.89	0.0059921	-0.034774	-0.030665	-1.4205	16.988	27.833	911.66	-0.0070668	undefined	undefined	liquid
22.220	24.694	166.89	0.0059921	-0.034774	-0.030664	-1.4205	16.988	27.833	911.66	-0.0070668	undefined	undefined	liquid
22.220	24.698	166.89	0.0059921	-0.034774	-0.030664	-1.4206	16.988	27.833	911.66	-0.0070668	undefined	undefined	liquid
22.220	24.702	166.89	0.0059921	-0.034774	-0.030663	-1.4206	16.988	27.833	911.66	-0.0070668	undefined	undefined	liquid
22.220	24.707	166.89	0.0059921	-0.034775	-0.030663	-1.4206	16.988	27.833	911.66	-0.0070668	undefined	undefined	liquid
22.220	24.711	166.89	0.0059921	-0.034775	-0.030663	-1.4206	16.988	27.833	911.66	-0.0070668	undefined	undefined	liquid
22.220	24.715	166.89	0.0059921	-0.034775	-0.030662	-1.4206	16.989	27.833	911.66	-0.0070668	undefined	undefined	liquid
22.220	24.719	166.89	0.0059921	-0.034775	-0.030662	-1.4206	16.989	27.833	911.66	-0.0070669	undefined	undefined	liquid
22.220	24.723	166.89	0.0059921	-0.034776	-0.030661	-1.4206	16.989	27.833	911.66	-0.0070669	undefined	undefined	liquid
22.220	24.728	166.89	0.0059920	-0.034776	-0.030661	-1.4206	16.989	27.833	911.67	-0.0070669	undefined	undefined	liquid
22.220	24.732	166.89	0.0059920	-0.034776	-0.030660	-1.4206	16.989	27.833	911.67	-0.0070669	undefined	undefined	liquid
22.220	24.736	166.89	0.0059920	-0.034776	-0.030660	-1.4207	16.989	27.833	911.67	-0.0070669	undefined	undefined	liquid
22.220	24.740	166.89	0.0059920	-0.034777	-0.030659	-1.4207	16.989	27.833	911.67	-0.0070669	undefined	undefined	liquid
22.220	24.744	166.89	0.0059920	-0.034777	-0.030659	-1.4207	16.989	27.833	911.67	-0.0070669	undefined	undefined	liquid
22.220	24.749	166.89	0.0059920	-0.034777	-0.030658	-1.4207	16.989	27.833	911.67	-0.0070669	undefined	undefined	liquid
22.220	24.753	166.89	0.0059920	-0.034777	-0.030658	-1.4207	16.989	27.833	911.67	-0.0070670	undefined	undefined	liquid
22.220	24.757	166.89	0.0059920	-0.034778	-0.030658	-1.4207	16.989	27.833	911.67	-0.0070670	undefined	undefined	liquid
22.220	24.761	166.89	0.0059920	-0.034778	-0.030657	-1.4207	16.989	27.833	911.67	-0.0070670	undefined	undefined	liquid
22.220	24.765	166.89	0.0059920	-0.034778	-0.030657	-1.4207	16.989	27.833	911.67	-0.0070670	undefined	undefined	liquid
22.220	24.770	166.89	0.0059920	-0.034778	-0.030656	-1.4207	16.989	27.833	911.67	-0.0070670	undefined	undefined	liquid
22.220	24.774	166.89	0.0059920	-0.034779	-0.030656	-1.4208	16.989	27.833	911.67	-0.0070670	undefined	undefined	liquid
22.220	24.778	166.89	0.0059920	-0.034779	-0.030655	-1.4208	16.989	27.833	911.67	-0.0070670	undefined	undefined	liquid
22.220	24.782	166.89	0.0059920	-0.034779	-0.030655	-1.4208	16.989	27.833	911.67	-0.0070671	undefined	undefined	liquid
22.220	24.786	166.89	0.0059920	-0.034779	-0.030654	-1.4208	16.989	27.833	911.67	-0.0070671	undefined	undefined	liquid
22.220	24.791	166.89	0.0059920	-0.034779	-0.030654	-1.4208	16.989	27.833	911.67	-0.0070671	undefined	undefined	liquid
22.220	24.795	166.89	0.0059920	-0.034780	-0.030653	-1.4208	16.989	27.833	911.67	-0.0070671	undefined	undefined	liquid
22.220	24.799	166.89	0.0059920	-0.034780	-0.030653	-1.4208	16.989	27.833	911.67	-0.0070671	undefined	undefined	liquid
22.220	24.803	166.89	0.0059920	-0.034780	-0.030652	-1.4208	16.989	27.832	911.67	-0.0070671	undefined	undefined	liquid
22.220	24.807	166.89	0.0059920	-0.034780	-0.030652	-1.4208	16.989	27.832	911.68	-0.0070671	undefined	undefined	liquid
22.220	24.812	166.89	0.0059920	-0.034781	-0.030652	-1.4209	16.989	27.832	911.68	-0.0070671	undefined	undefined	liquid
22.220	24.816	166.89	0.0059920	-0.034781	-0.030651	-1.4209	16.989	27.832	911.68	-0.0070672	undefined	undefined	liquid
22.220	24.820	166.89	0.0059920	-0.034781	-0.030651	-1.4209	16.989	27.832	911.68	-0.0070672	undefined	undefined	liquid
22.220	24.824	166.89	0.0059920	-0.034781	-0.030650	-1.4209	16.989	27.832	911.68	-0.0070672	undefined	undefined	liquid
22.220	24.828	166.89	0.0059920	-0.034782	-0.030650	-1.4209	16.989	27.832	911.68	-0.0070672	undefined	undefined	liquid
22.220	24.833	166.89	0.0059920	-0.034782	-0.030649	-1.4209	16.989	27.832	911.68	-0.0070672	undefined	undefined	liquid
22.220	24.837	166.89	0.0059920	-0.034782	-0.030649	-1.4209	16.989	27.832	911.68	-0.0070672	undefined	undefined	liquid
22.220	24.841	166.89	0.0059920	-0.034782	-0.030648	-1.4209	16.989	27.832	911.68	-0.0070672	undefined	undefined	liquid
22.220	24.845	166.89	0.0059920	-0.034783	-0.030648	-1.4209	16.989	27.832	911.68	-0.0070672	undefined	undefined	liquid
22.220	24.849	166.89	0.0059920	-0.034783	-0.030647	-1.4209	16.989	27.832	911.68	-0.0070673	undefined	undefined	liquid
22.220	24.854	166.89	0.0059920	-0.034783	-0.030647	-1.4210	16.989	27.832	911.68	-0.0070673	undefined	undefined	liquid
22.220	24.858	166.89	0.0059920	-0.034783	-0.030647	-1.4210	16.989	27.832	911.68	-0.0070673	undefined	undefined	liquid
22.220	24.862	166.89	0.0059920	-0.034784	-0.030646	-1.4210	16.989	27.832	911.68	-0.0070673	undefined	undefined	liquid
22.220	24.866	166.89	0.0059920	-0.034784	-0.030646	-1.4210	16.989	27.832	911.68	-0.0070673	undefined	undefined	liquid
22.220	24.870	166.89	0.0059920	-0.034784	-0.030645	-1.4210	16.989	27.832	911.68	-0.0070673	undefined	undefined	liquid
22.220	24.875	166.89	0.0059920	-0.034784	-0.030645	-1.4210	16.989	27.832	911.68	-0.0070673	undefined	undefined	liquid
22.220	24.879	166.89	0.0059920	-0.034784	-0.030644	-1.4210	16.989	27.832	911.68	-0.0070674	undefined	undefined	liquid
22.220	24.883	166.89	0.0059920	-0.034785	-0.030644	-1.4210	16.989	27.832	911.68	-0.0070674	undefined	undefined	liquid
22.220	24.887	166.89	0.0059920	-0.034785	-0.030643	-1.4210	16.989	27.832	911.69	-0.0070674	undefined	undefined	liquid
22.220	24.891	166.89	0.0059920	-0.034785	-0.030643	-1.4211	16.989	27.832	911.69	-0.0070674	undefined	undefined	liquid
22.220	24.896	166.89	0.0059920	-0.034785	-0.030642	-1.4211	16.989	27.832	911.69	-0.0070674	undefined	undefined	liquid
22.220	24.900	166.89	0.0059920	-0.034786	-0.030642	-1.4211	16.989	27.832	911.69	-0.0070674	undefined	undefined	liquid
22.220	24.904	166.89	0.0059920	-0.034786	-0.030641	-1.4211	16.989	27.832	911.69	-0.0070674	undefined	undefined	liquid
22.220	24.908	166.89	0.0059920	-0.034786	-0.030641	-1.4211	16.989	27.832	911.69	-0.0070674	undefined	undefined	liquid
22.220	24.912	166.89	0.0059920	-0.034786	-0.030641	-1.4211	16.989	27.832	911.69	-0.0070675	undefined	undefined	liquid
22.220	24.917	166.89	0.0059920	-0.034787	-0.030640	-1.4211	16.989	27.832	911.69	-0.0070675	undefined	undefined	liquid
22.220	24.921	166.89	0.0059920	-0.034787	-0.030640	-1.4211	16.989	27.832	911.69	-0.0070675	undefined	undefined	liquid
22.220	24.925	166.89	0.0059920	-0.034787	-0.030639	-1.4211	16.989	27.832	911.69	-0.0070675	undefined	undefined	liquid
22.220	24.929	166.89	0.0059920	-0.034787	-0.030639	-1.4212	16.989	27.832	911.69	-0.0070675	undefined	undefined	liquid
22.220	24.933	166.89	0.0059919	-0.034788	-0.030638	-1.4212	16.989	27.832	911.69	-0.0070675	undefined	undefined	liquid
22.220	24.938	166.89	0.0059919	-0.034788	-0.030638	-1.4212	16.989	27.832	911.69	-0.0070675	undefined	undefined	liquid
22.220	24.942	166.89	0.0059919	-0.034788	-0.030637	-1.4212	16.989	27.832	911.69	-0.0070676	undefined	undefined	liquid
22.220	24.946	166.89	0.0059919	-0.034788	-0.030637	-1.4212	16.989	27.832	911.69	-0.0070676	undefined	undefined	liquid
22.220	24.950	166.89	0.0059919	-0.034789	-0.030636	-1.4212	16.989	27.832	911.69	-0.0070676	undefined	undefined	liquid
22.220	24.954	166.89	0.0059919	-0.034789	-0.030636	-1.4212	16.989	27.832	911.69	-0.0070676	undefined	undefined	liquid
22.220	24.959	166.89	0.0059919	-0.034789	-0.030635	-1.4212	16.989	27.832	911.69	-0.0070676	undefined	undefined	liquid
22.220	24.963	166.89	0.0059919	-0.034789	-0.030635	-1.4212	16.989	27.832	911.69	-0.0070676	undefined	undefined	liquid
22.220	24.967	166.89	0.0059919	-0.034790	-0.030635	-1.4213	16.989	27.832	911.70	-0.0070676	undefined	undefined	liquid
22.220	24.971	166.89	0.0059919	-0.034790	-0.030634	-1.4213	16.989	27.832	911.70	-0.0070676	undefined	undefined	liquid
22.220	24.975	166.89	0.0059919	-0.034790	-0.030634	-1.4213	16.989	27.832	911.70	-0.0070677	undefined	undefined	liquid
22.220	24.980	166.89	0.0059919	-0.034790	-0.030633	-1.4213	16.989	27.832	911.70	-0.0070677	undefined	undefined	liquid
22.220	24.984	166.89	0.0059919	-0.034790	-0.030633	-1.4213	16.989	27.831	911.70	-0.0070677	undefined	undefined	liquid
22.220	24.988	166.89	0.0059919	-0.034791	-0.030632	-1.4213	16.989	27.831	911.70	-0.0070677	undefined	undefined	liquid
22.220	24.992	166.89	0.0059919	-0.034791	-0.030632	-1.4213	16.989	27.831	911.70	-0.0070677	undefined	undefined	liquid
22.220	24.996	166.89	0.0059919	-0.034791	-0.030631	-1.4213	16.989	27.831	911.70	-0.0070677	undefined	undefined	liquid
22.220	25.001	166.89	0.0059919	-0.034791	-0.030631	-1.4213	16.989	27.831	911.70	-0.0070677	undefined	undefined	liquid
22.220	25.005	166.89	0.0059919	-0.034792	-0.030630	-1.4213	16.989	27.831	911.70	-0.0070678	undefined	undefined	liquid
22.220	25.009	166.89	0.0059919	-0.034792	-0.030630	-1.4214	16.989	27.831	911.70	-0.0070678	undefined	undefined	liquid
22.220	25.013	166.89	0.0059919	-0.034792	-0.030630	-1.4214	16.989	27.831	911.70	-0.0070678	undefined	undefined	liquid
22.220	25.017	166.89	0.0059919	-0.034792	-0.030629	-1.4214	16.989	27.831	911.70	-0.0070678	undefined	undefined	liquid
22.220	25.022	166.89	0.0059919	-0.034793	-0.030629	-1.4214	16.989	27.831	911.70	-0.0070678	undefined	undefined	liquid
22.220	25.026	166.89	0.0059919	-0.034793	-0.030628	-1.4214	16.989	27.831	911.70	-0.0070678	undefined	undefined	liquid
22.220	25.030	166.89	0.0059919	-0.034793	-0.030628	-1.4214	16.989	27.831	911.70	-0.0070678	undefined	undefined	liquid
22.220	25.034	166.89	0.0059919	-0.034793	-0.030627	-1.4214	16.989	27.831	911.70	-0.0070678	undefined	undefined	liquid
22.220	25.038	166.89	0.0059919	-0.034794	-0.030627	-1.4214	16.989	27.831	911.70	-0.0070679	undefined	undefined	liquid
22.220	25.043	166.89	0.0059919	-0.034794	-0.030626	-1.4214	16.989	27.831	911.70	-0.0070679	undefined	undefined	liquid
22.220	25.047	166.89	0.0059919	-0.034794	-0.030626	-1.4215	16.989	27.831	911.71	-0.0070679	undefined	undefined	liquid
22.220	25.051	166.89	0.0059919	-0.034794	-0.030625	-1.4215	16.989	27.831	911.71	-0.0070679	undefined	undefined	liquid
22.220	25.055	166.89	0.0059919	-0.034795	-0.030625	-1.4215	16.989	27.831	911.71	-0.0070679	undefined	undefined	liquid
22.220	25.059	166.89	0.0059919	-0.034795	-0.030624	-1.4215	16.989	27.831	911.71	-0.0070679	undefined	undefined	liquid
22.220	25.064	166.89	0.0059919	-0.034795	-0.030624	-1.4215	16.989	27.831	911.71	-0.0070679	undefined	undefined	liquid
22.220	25.068	166.89	0.0059919	-0.034795	-0.030624	-1.4215	16.989	27.831	911.71	-0.0070679	undefined	undefined	liquid
22.220	25.072	166.89	0.0059919	-0.034795	-0.030623	-1.4215	16.989	27.831	911.71	-0.0070680	undefined	undefined	liquid
22.220	25.076	166.89	0.0059919	-0.034796	-0.030623	-1.4215	16.989	27.831	911.71	-0.0070680	undefined	undefined	liquid
22.220	25.080	166.89	0.0059919	-0.034796	-0.030622	-1.4215	16.989	27.831	911.71	-0.0070680	undefined	undefined	liquid
22.220	25.085	166.89	0.0059919	-0.034796	-0.030622	-1.4216	16.989	27.831	911.71	-0.0070680	undefined	undefined	liquid
22.220	25.089	166.89	0.0059919	-0.034796	-0.030621	-1.4216	16.989	27.831	911.71	-0.0070680	undefined	undefined	liquid
22.220	25.093	166.89	0.0059919	-0.034797	-0.030621	-1.4216	16.989	27.831	911.71	-0.0070680	undefined	undefined	liquid
22.220	25.097	166.89	0.0059919	-0.034797	-0.030620	-1.4216	16.989	27.831	911.71	-0.0070680	undefined	undefined	liquid
22.220	25.101	166.89	0.0059919	-0.034797	-0.030620	-1.4216	16.989	27.831	911.71	-0.0070681	undefined	undefined	liquid
22.220	25.106	166.89	0.0059919	-0.034797	-0.030619	-1.4216	16.989	27.831	911.71	-0.0070681	undefined	undefined	liquid
22.220	25.110	166.89	0.0059919	-0.034798	-0.030619	-1.4216	16.989	27.831	911.71	-0.0070681	undefined	undefined	liquid
22.220	25.114	166.89	0.0059919	-0.034798	-0.030619	-1.4216	16.989	27.831	911.71	-0.0070681	undefined	undefined	liquid
22.220	25.118	166.89	0.0059919	-0.034798	-0.030618	-1.4216	16.989	27.831	911.71	-0.0070681	undefined	undefined	liquid
22.220	25.122	166.89	0.0059919	-0.034798	-0.030618	-1.4217	16.989	27.831	911.71	-0.0070681	undefined	undefined	liquid
22.220	25.127	166.89	0.0059919	-0.034799	-0.030617	-1.4217	16.989	27.831	911.72	-0.0070681	undefined	undefined	liquid
22.220	25.131	166.89	0.0059919	-0.034799	-0.030617	-1.4217	16.989	27.831	911.72	-0.0070681	undefined	undefined	liquid
22.220	25.135	166.89	0.0059919	-0.034799	-0.030616	-1.4217	16.989	27.831	911.72	-0.0070682	undefined	undefined	liquid
22.220	25.139	166.89	0.0059918	-0.034799	-0.030616	-1.4217	16.989	27.831	911.72	-0.0070682	undefined	undefined	liquid
22.220	25.143	166.89	0.0059918	-0.034800	-0.030615	-1.4217	16.989	27.831	911.72	-0.0070682	undefined	undefined	liquid
22.220	25.148	166.89	0.0059918	-0.034800	-0.030615	-1.4217	16.989	27.831	911.72	-0.0070682	undefined	undefined	liquid
22.220	25.152	166.89	0.0059918	-0.034800	-0.030614	-1.4217	16.989	27.831	911.72	-0.0070682	undefined	undefined	liquid
22.220	25.156	166.89	0.0059918	-0.034800	-0.030614	-1.4217	16.989	27.831	911.72	-0.0070682	undefined	undefined	liquid
22.220	25.160	166.89	0.0059918	-0.034800	-0.030613	-1.4217	16.989	27.830	911.72	-0.0070682	undefined	undefined	liquid
22.220	25.164	166.89	0.0059918	-0.034801	-0.030613	-1.4218	16.989	27.830	911.72	-0.0070683	undefined	undefined	liquid
22.220	25.169	166.89	0.0059918	-0.034801	-0.030613	-1.4218	16.989	27.830	911.72	-0.0070683	undefined	undefined	liquid
22.220	25.173	166.89	0.0059918	-0.034801	-0.030612	-1.4218	16.989	27.830	911.72	-0.0070683	undefined	undefined	liquid
22.220	25.177	166.89	0.0059918	-0.034801	-0.030612	-1.4218	16.989	27.830	911.72	-0.0070683	undefined	undefined	liquid
22.220	25.181	166.89	0.0059918	-0.034802	-0.030611	-1.4218	16.989	27.830	911.72	-0.0070683	undefined	undefined	liquid
22.220	25.185	166.89	0.0059918	-0.034802	-0.030611	-1.4218	16.989	27.830	911.72	-0.0070683	undefined	undefined	liquid
22.220	25.190	166.89	0.0059918	-0.034802	-0.030610	-1.4218	16.989	27.830	911.72	-0.0070683	undefined	undefined	liquid
22.220	25.194	166.89	0.0059918	-0.034802	-0.030610	-1.4218	16.989	27.830	911.72	-0.0070683	undefined	undefined	liquid
22.220	25.198	166.89	0.0059918	-0.034803	-0.030609	-1.4218	16.989	27.830	911.72	-0.0070684	undefined	undefined	liquid
22.220	25.202	166.89	0.0059918	-0.034803	-0.030609	-1.4219	16.989	27.830	911.72	-0.0070684	undefined	undefined	liquid
22.220	25.206	166.89	0.0059918	-0.034803	-0.030608	-1.4219	16.989	27.830	911.73	-0.0070684	undefined	undefined	liquid
22.220	25.211	166.89	0.0059918	-0.034803	-0.030608	-1.4219	16.989	27.830	911.73	-0.0070684	undefined	undefined	liquid
22.220	25.215	166.89	0.0059918	-0.034804	-0.030607	-1.4219	16.989	27.830	911.73	-0.0070684	undefined	undefined	liquid
22.220	25.219	166.89	0.0059918	-0.034804	-0.030607	-1.4219	16.989	27.830	911.73	-0.0070684	undefined	undefined	liquid
22.220	25.223	166.89	0.0059918	-0.034804	-0.030607	-1.4219	16.989	27.830	911.73	-0.0070684	undefined	undefined	liquid
22.220	25.227	166.89	0.0059918	-0.034804	-0.030606	-1.4219	16.989	27.830	911.73	-0.0070685	undefined	undefined	liquid
22.220	25.232	166.89	0.0059918	-0.034805	-0.030606	-1.4219	16.989	27.830	911.73	-0.0070685	undefined	undefined	liquid
22.220	25.236	166.89	0.0059918	-0.034805	-0.030605	-1.4219	16.989	27.830	911.73	-0.0070685	undefined	undefined	liquid
22.220	25.240	166.89	0.0059918	-0.034805	-0.030605	-1.4220	16.989	27.830	911.73	-0.0070685	undefined	undefined	liquid
22.220	25.244	166.89	0.0059918	-0.034805	-0.030604	-1.4220	16.989	27.830	911.73	-0.0070685	undefined	undefined	liquid
22.220	25.248	166.89	0.0059918	-0.034805	-0.030604	-1.4220	16.989	27.830	911.73	-0.0070685	undefined	undefined	liquid
22.220	25.253	166.89	0.0059918	-0.034806	-0.030603	-1.4220	16.989	27.830	911.73	-0.0070685	undefined	undefined	liquid
22.220	25.257	166.90	0.0059918	-0.034806	-0.030603	-1.4220	16.989	27.830	911.73	-0.0070685	undefined	undefined	liquid
22.220	25.261	166.90	0.0059918	-0.034806	-0.030602	-1.4220	16.989	27.830	911.73	-0.0070686	undefined	undefined	liquid
22.220	25.265	166.90	0.0059918	-0.034806	-0.030602	-1.4220	16.989	27.830	911.73	-0.0070686	undefined	undefined	liquid
22.220	25.269	166.90	0.0059918	-0.034807	-0.030602	-1.4220	16.989	27.830	911.73	-0.0070686	undefined	undefined	liquid
22.220	25.274	166.90	0.0059918	-0.034807	-0.030601	-1.4220	16.989	27.830	911.73	-0.0070686	undefined	undefined	liquid
22.220	25.278	166.90	0.0059918	-0.034807	-0.030601	-1.4221	16.989	27.830	911.73	-0.0070686	undefined	undefined	liquid
22.220	25.282	166.90	0.0059918	-0.034807	-0.030600	-1.4221	16.989	27.830	911.73	-0.0070686	undefined	undefined	liquid
22.220	25.286	166.90	0.0059918	-0.034808	-0.030600	-1.4221	16.989	27.830	911.74	-0.0070686	undefined	undefined	liquid
22.220	25.290	166.90	0.0059918	-0.034808	-0.030599	-1.4221	16.989	27.830	911.74	-0.0070687	undefined	undefined	liquid
22.220	25.295	166.90	0.0059918	-0.034808	-0.030599	-1.4221	16.989	27.830	911.74	-0.0070687	undefined	undefined	liquid
22.220	25.299	166.90	0.0059918	-0.034808	-0.030598	-1.4221	16.989	27.830	911.74	-0.0070687	undefined	undefined	liquid
22.220	25.303	166.90	0.0059918	-0.034809	-0.030598	-1.4221	16.989	27.830	911.74	-0.0070687	undefined	undefined	liquid
22.220	25.307	166.90	0.0059918	-0.034809	-0.030597	-1.4221	16.989	27.830	911.74	-0.0070687	undefined	undefined	liquid
22.220	25.311	166.90	0.0059918	-0.034809	-0.030597	-1.4221	16.990	27.830	911.74	-0.0070687	undefined	undefined	liquid
22.220	25.316	166.90	0.0059918	-0.034809	-0.030596	-1.4221	16.990	27.830	911.74	-0.0070687	undefined	undefined	liquid
22.220	25.320	166.90	0.0059918	-0.034810	-0.030596	-1.4222	16.990	27.830	911.74	-0.0070687	undefined	undefined	liquid
22.220	25.324	166.90	0.0059918	-0.034810	-0.030596	-1.4222	16.990	27.830	911.74	-0.0070688	undefined	undefined	liquid
22.220	25.328	166.90	0.0059918	-0.034810	-0.030595	-1.4222	16.990	27.830	911.74	-0.0070688	undefined	undefined	liquid
22.220	25.332	166.90	0.0059918	-0.034810	-0.030595	-1.4222	16.990	27.830	911.74	-0.0070688	undefined	undefined	liquid
22.220	25.337	166.90	0.0059918	-0.034810	-0.030594	-1.4222	16.990	27.830	911.74	-0.0070688	undefined	undefined	liquid
22.220	25.341	166.90	0.0059917	-0.034811	-0.030594	-1.4222	16.990	27.829	911.74	-0.0070688	undefined	undefined	liquid
22.220	25.345	166.90	0.0059917	-0.034811	-0.030593	-1.4222	16.990	27.829	911.74	-0.0070688	undefined	undefined	liquid
22.220	25.349	166.90	0.0059917	-0.034811	-0.030593	-1.4222	16.990	27.829	911.74	-0.0070688	undefined	undefined	liquid
22.220	25.353	166.90	0.0059917	-0.034811	-0.030592	-1.4222	16.990	27.829	911.74	-0.0070688	undefined	undefined	liquid
22.220	25.358	166.90	0.0059917	-0.034812	-0.030592	-1.4223	16.990	27.829	911.74	-0.0070689	undefined	undefined	liquid
22.220	25.362	166.90	0.0059917	-0.034812	-0.030591	-1.4223	16.990	27.829	911.74	-0.0070689	undefined	undefined	liquid
22.220	25.366	166.90	0.0059917	-0.034812	-0.030591	-1.4223	16.990	27.829	911.75	-0.0070689	undefined	undefined	liquid
22.220	25.370	166.90	0.0059917	-0.034812	-0.030591	-1.4223	16.990	27.829	911.75	-0.0070689	undefined	undefined	liquid
22.220	25.374	166.90	0.0059917	-0.034813	-0.030590	-1.4223	16.990	27.829	911.75	-0.0070689	undefined	undefined	liquid
22.220	25.379	166.90	0.0059917	-0.034813	-0.030590	-1.4223	16.990	27.829	911.75	-0.0070689	undefined	undefined	liquid
22.220	25.383	166.90	0.0059917	-0.034813	-0.030589	-1.4223	16.990	27.829	911.75	-0.0070689	undefined	undefined	liquid
22.220	25.387	166.90	0.0059917	-0.034813	-0.030589	-1.4223	16.990	27.829	911.75	-0.0070690	undefined	undefined	liquid
22.220	25.391	166.90	0.0059917	-0.034814	-0.030588	-1.4223	16.990	27.829	911.75	-0.0070690	undefined	undefined	liquid
22.220	25.395	166.90	0.0059917	-0.034814	-0.030588	-1.4224	16.990	27.829	911.75	-0.0070690	undefined	undefined	liquid
22.220	25.400	166.90	0.0059917	-0.034814	-0.030587	-1.4224	16.990	27.829	911.75	-0.0070690	undefined	undefined	liquid
22.220	25.404	166.90	0.0059917	-0.034814	-0.030587	-1.4224	16.990	27.829	911.75	-0.0070690	undefined	undefined	liquid
22.220	25.408	166.90	0.0059917	-0.034815	-0.030586	-1.4224	16.990	27.829	911.75	-0.0070690	undefined	undefined	liquid
22.220	25.412	166.90	0.0059917	-0.034815	-0.030586	-1.4224	16.990	27.829	911.75	-0.0070690	undefined	undefined	liquid
22.220	25.416	166.90	0.0059917	-0.034815	-0.030585	-1.4224	16.990	27.829	911.75	-0.0070690	undefined	undefined	liquid
22.220	25.421	166.90	0.0059917	-0.034815	-0.030585	-1.4224	16.990	27.829	911.75	-0.0070691	undefined	undefined	liquid
22.220	25.425	166.90	0.0059917	-0.034815	-0.030585	-1.4224	16.990	27.829	911.75	-0.0070691	undefined	undefined	liquid
22.220	25.429	166.90	0.0059917	-0.034816	-0.030584	-1.4224	16.990	27.829	911.75	-0.0070691	undefined	undefined	liquid
22.220	25.433	166.90	0.0059917	-0.034816	-0.030584	-1.4225	16.990	27.829	911.75	-0.0070691	undefined	undefined	liquid
22.220	25.437	166.90	0.0059917	-0.034816	-0.030583	-1.4225	16.990	27.829	911.75	-0.0070691	undefined	undefined	liquid
22.220	25.442	166.90	0.0059917	-0.034816	-0.030583	-1.4225	16.990	27.829	911.75	-0.0070691	undefined	undefined	liquid
22.220	25.446	166.90	0.0059917	-0.034817	-0.030582	-1.4225	16.990	27.829	911.76	-0.0070691	undefined	undefined	liquid
22.220	25.450	166.90	0.0059917	-0.034817	-0.030582	-1.4225	16.990	27.829	911.76	-0.0070692	undefined	undefined	liquid
22.220	25.454	166.90	0.0059917	-0.034817	-0.030581	-1.4225	16.990	27.829	911.76	-0.0070692	undefined	undefined	liquid
22.220	25.458	166.90	0.0059917	-0.034817	-0.030581	-1.4225	16.990	27.829	911.76	-0.0070692	undefined	undefined	liquid
22.220	25.463	166.90	0.0059917	-0.034818	-0.030580	-1.4225	16.990	27.829	911.76	-0.0070692	undefined	undefined	liquid
22.220	25.467	166.90	0.0059917	-0.034818	-0.030580	-1.4225	16.990	27.829	911.76	-0.0070692	undefined	undefined	liquid
22.220	25.471	166.90	0.0059917	-0.034818	-0.030579	-1.4225	16.990	27.829	911.76	-0.0070692	undefined	undefined	liquid
22.220	25.475	166.90	0.0059917	-0.034818	-0.030579	-1.4226	16.990	27.829	911.76	-0.0070692	undefined	undefined	liquid
22.220	25.479	166.90	0.0059917	-0.034819	-0.030579	-1.4226	16.990	27.829	911.76	-0.0070692	undefined	undefined	liquid
22.220	25.484	166.90	0.0059917	-0.034819	-0.030578	-1.4226	16.990	27.829	911.76	-0.0070693	undefined	undefined	liquid
22.220	25.488	166.90	0.0059917	-0.034819	-0.030578	-1.4226	16.990	27.829	911.76	-0.0070693	undefined	undefined	liquid
22.220	25.492	166.90	0.0059917	-0.034819	-0.030577	-1.4226	16.990	27.829	911.76	-0.0070693	undefined	undefined	liquid
22.220	25.496	166.90	0.0059917	-0.034820	-0.030577	-1.4226	16.990	27.829	911.76	-0.0070693	undefined	undefined	liquid
22.220	25.500	166.90	0.0059917	-0.034820	-0.030576	-1.4226	16.990	27.829	911.76	-0.0070693	undefined	undefined	liquid
22.220	25.505	166.90	0.0059917	-0.034820	-0.030576	-1.4226	16.990	27.829	911.76	-0.0070693	undefined	undefined	liquid
22.220	25.509	166.90	0.0059917	-0.034820	-0.030575	-1.4226	16.990	27.829	911.76	-0.0070693	undefined	undefined	liquid
22.220	25.513	166.90	0.0059917	-0.034821	-0.030575	-1.4227	16.990	27.829	911.76	-0.0070694	undefined	undefined	liquid
22.220	25.517	166.90	0.0059917	-0.034821	-0.030574	-1.4227	16.990	27.828	911.76	-0.0070694	undefined	undefined	liquid
22.220	25.521	166.90	0.0059917	-0.034821	-0.030574	-1.4227	16.990	27.828	911.76	-0.0070694	undefined	undefined	liquid
22.220	25.526	166.90	0.0059917	-0.034821	-0.030574	-1.4227	16.990	27.828	911.77	-0.0070694	undefined	undefined	liquid
22.220	25.530	166.90	0.0059917	-0.034821	-0.030573	-1.4227	16.990	27.828	911.77	-0.0070694	undefined	undefined	liquid
22.220	25.534	166.90	0.0059917	-0.034822	-0.030573	-1.4227	16.990	27.828	911.77	-0.0070694	undefined	undefined	liquid
22.220	25.538	166.90	0.0059917	-0.034822	-0.030572	-1.4227	16.990	27.828	911.77	-0.0070694	undefined	undefined	liquid
22.220	25.542	166.90	0.0059917	-0.034822	-0.030572	-1.4227	16.990	27.828	911.77	-0.0070694	undefined	undefined	liquid
22.220	25.547	166.90	0.0059916	-0.034822	-0.030571	-1.4227	16.990	27.828	911.77	-0.0070695	undefined	undefined	liquid
22.220	25.551	166.90	0.0059916	-0.034823	-0.030571	-1.4228	16.990	27.828	911.77	-0.0070695	undefined	undefined	liquid
22.220	25.555	166.90	0.0059916	-0.034823	-0.030570	-1.4228	16.990	27.828	911.77	-0.0070695	undefined	undefined	liquid
22.220	25.559	166.90	0.0059916	-0.034823	-0.030570	-1.4228	16.990	27.828	911.77	-0.0070695	undefined	undefined	liquid
22.220	25.563	166.90	0.0059916	-0.034823	-0.030569	-1.4228	16.990	27.828	911.77	-0.0070695	undefined	undefined	liquid
22.220	25.568	166.90	0.0059916	-0.034824	-0.030569	-1.4228	16.990	27.828	911.77	-0.0070695	undefined	undefined	liquid
22.220	25.572	166.90	0.0059916	-0.034824	-0.030568	-1.4228	16.990	27.828	911.77	-0.0070695	undefined	undefined	liquid
22.220	25.576	166.90	0.0059916	-0.034824	-0.030568	-1.4228	16.990	27.828	911.77	-0.0070695	undefined	undefined	liquid
22.220	25.580	166.90	0.0059916	-0.034824	-0.030568	-1.4228	16.990	27.828	911.77	-0.0070696	undefined	undefined	liquid
22.220	25.584	166.90	0.0059916	-0.034825	-0.030567	-1.4228	16.990	27.828	911.77	-0.0070696	undefined	undefined	liquid
22.220	25.589	166.90	0.0059916	-0.034825	-0.030567	-1.4228	16.990	27.828	911.77	-0.0070696	undefined	undefined	liquid
22.220	25.593	166.90	0.0059916	-0.034825	-0.030566	-1.4229	16.990	27.828	911.77	-0.0070696	undefined	undefined	liquid
22.220	25.597	166.90	0.0059916	-0.034825	-0.030566	-1.4229	16.990	27.828	911.77	-0.0070696	undefined	undefined	liquid
22.220	25.601	166.90	0.0059916	-0.034826	-0.030565	-1.4229	16.990	27.828	911.77	-0.0070696	undefined	undefined	liquid
22.220	25.605	166.90	0.0059916	-0.034826	-0.030565	-1.4229	16.990	27.828	911.78	-0.0070696	undefined	undefined	liquid
22.220	25.610	166.90	0.0059916	-0.034826	-0.030564	-1.4229	16.990	27.828	911.78	-0.0070697	undefined	undefined	liquid
22.220	25.614	166.90	0.0059916	-0.034826	-0.030564	-1.4229	16.990	27.828	911.78	-0.0070697	undefined	undefined	liquid
22.220	25.618	166.90	0.0059916	-0.034826	-0.030563	-1.4229	16.990	27.828	911.78	-0.0070697	undefined	undefined	liquid
22.220	25.622	166.90	0.0059916	-0.034827	-0.030563	-1.4229	16.990	27.828	911.78	-0.0070697	undefined	undefined	liquid
22.220	25.626	166.90	0.0059916	-0.034827	-0.030563	-1.4229	16.990	27.828	911.78	-0.0070697	undefined	undefined	liquid
22.220	25.631	166.90	0.0059916	-0.034827	-0.030562	-1.4230	16.990	27.828	911.78	-0.0070697	undefined	undefined	liquid
22.220	25.635	166.90	0.0059916	-0.034827	-0.030562	-1.4230	16.990	27.828	911.78	-0.0070697	undefined	undefined	liquid
22.220	25.639	166.90	0.0059916	-0.034828	-0.030561	-1.4230	16.990	27.828	911.78	-0.0070697	undefined	undefined	liquid
22.220	25.643	166.90	0.0059916	-0.034828	-0.030561	-1.4230	16.990	27.828	911.78	-0.0070698	undefined	undefined	liquid
22.220	25.647	166.90	0.0059916	-0.034828	-0.030560	-1.4230	16.990	27.828	911.78	-0.0070698	undefined	undefined	liquid
22.220	25.652	166.90	0.0059916	-0.034828	-0.030560	-1.4230	16.990	27.828	911.78	-0.0070698	undefined	undefined	liquid
22.220	25.656	166.90	0.0059916	-0.034829	-0.030559	-1.4230	16.990	27.828	911.78	-0.0070698	undefined	undefined	liquid
22.220	25.660	166.90	0.0059916	-0.034829	-0.030559	-1.4230	16.990	27.828	911.78	-0.0070698	undefined	undefined	liquid
22.220	25.664	166.90	0.0059916	-0.034829	-0.030558	-1.4230	16.990	27.828	911.78	-0.0070698	undefined	undefined	liquid
22.220	25.668	166.90	0.0059916	-0.034829	-0.030558	-1.4231	16.990	27.828	911.78	-0.0070698	undefined	undefined	liquid
22.220	25.673	166.90	0.0059916	-0.034830	-0.030557	-1.4231	16.990	27.828	911.78	-0.0070699	undefined	undefined	liquid
22.220	25.677	166.90	0.0059916	-0.034830	-0.030557	-1.4231	16.990	27.828	911.78	-0.0070699	undefined	undefined	liquid
22.220	25.681	166.90	0.0059916	-0.034830	-0.030557	-1.4231	16.990	27.828	911.78	-0.0070699	undefined	undefined	liquid
22.220	25.685	166.90	0.0059916	-0.034830	-0.030556	-1.4231	16.990	27.828	911.79	-0.0070699	undefined	undefined	liquid
22.220	25.689	166.90	0.0059916	-0.034831	-0.030556	-1.4231	16.990	27.828	911.79	-0.0070699	undefined	undefined	liquid
22.220	25.694	166.90	0.0059916	-0.034831	-0.030555	-1.4231	16.990	27.828	911.79	-0.0070699	undefined	undefined	liquid
22.220	25.698	166.90	0.0059916	-0.034831	-0.030555	-1.4231	16.990	27.827	911.79	-0.0070699	undefined	undefined	liquid
22.220	25.702	166.90	0.0059916	-0.034831	-0.030554	-1.4231	16.990	27.827	911.79	-0.0070699	undefined	undefined	liquid
22.220	25.706	166.90	0.0059916	-0.034831	-0.030554	-1.4232	16.990	27.827	911.79	-0.0070700	undefined	undefined	liquid
22.220	25.710	166.90	0.0059916	-0.034832	-0.030553	-1.4232	16.990	27.827	911.79	-0.0070700	undefined	undefined	liquid
22.220	25.715	166.90	0.0059916	-0.034832	-0.030553	-1.4232	16.990	27.827	911.79	-0.0070700	undefined	undefined	liquid
22.220	25.719	166.90	0.0059916	-0.034832	-0.030552	-1.4232	16.990	27.827	911.79	-0.0070700	undefined	undefined	liquid
22.220	25.723	166.90	0.0059916	-0.034832	-0.030552	-1.4232	16.990	27.827	911.79	-0.0070700	undefined	undefined	liquid
22.220	25.727	166.90	0.0059916	-0.034833	-0.030551	-1.4232	16.990	27.827	911.79	-0.0070700	undefined	undefined	liquid
22.220	25.731	166.90	0.0059916	-0.034833	-0.030551	-1.4232	16.990	27.827	911.79	-0.0070700	undefined	undefined	liquid
22.220	25.736	166.90	0.0059916	-0.034833	-0.030551	-1.4232	16.990	27.827	911.79	-0.0070701	undefined	undefined	liquid
22.220	25.740	166.90	0.0059916	-0.034833	-0.030550	-1.4232	16.990	27.827	911.79	-0.0070701	undefined	undefined	liquid
22.220	25.744	166.90	0.0059916	-0.034834	-0.030550	-1.4232	16.990	27.827	911.79	-0.0070701	undefined	undefined	liquid
22.220	25.748	166.90	0.0059916	-0.034834	-0.030549	-1.4233	16.990	27.827	911.79	-0.0070701	undefined	undefined	liquid
22.220	25.752	166.90	0.0059915	-0.034834	-0.030549	-1.4233	16.990	27.827	911.79	-0.0070701	undefined	undefined	liquid
22.220	25.757	166.90	0.0059915	-0.034834	-0.030548	-1.4233	16.990	27.827	911.79	-0.0070701	undefined	undefined	liquid
22.220	25.761	166.90	0.0059915	-0.034835	-0.030548	-1.4233	16.990	27.827	911.79	-0.0070701	undefined	undefined	liquid
22.220	25.765	166.90	0.0059915	-0.034835	-0.030547	-1.4233	16.990	27.827	911.80	-0.0070701	undefined	undefined	liquid
22.220	25.769	166.90	0.0059915	-0.034835	-0.030547	-1.4233	16.990	27.827	911.80	-0.0070702	undefined	undefined	liquid
22.220	25.773	166.90	0.0059915	-0.034835	-0.030546	-1.4233	16.990	27.827	911.80	-0.0070702	undefined	undefined	liquid
22.220	25.778	166.90	0.0059915	-0.034836	-0.030546	-1.4233	16.990	27.827	911.80	-0.0070702	undefined	undefined	liquid
22.220	25.782	166.90	0.0059915	-0.034836	-0.030546	-1.4233	16.990	27.827	911.80	-0.0070702	undefined	undefined	liquid
22.220	25.786	166.90	0.0059915	-0.034836	-0.030545	-1.4234	16.990	27.827	911.80	-0.0070702	undefined	undefined	liquid
22.220	25.790	166.90	0.0059915	-0.034836	-0.030545	-1.4234	16.990	27.827	911.80	-0.0070702	undefined	undefined	liquid
22.220	25.794	166.90	0.0059915	-0.034836	-0.030544	-1.4234	16.990	27.827	911.80	-0.0070702	undefined	undefined	liquid
22.220	25.799	166.90	0.0059915	-0.034837	-0.030544	-1.4234	16.990	27.827	911.80	-0.0070703	undefined	undefined	liquid
22.220	25.803	166.90	0.0059915	-0.034837	-0.030543	-1.4234	16.990	27.827	911.80	-0.0070703	undefined	undefined	liquid
22.220	25.807	166.90	0.0059915	-0.034837	-0.030543	-1.4234	16.990	27.827	911.80	-0.0070703	undefined	undefined	liquid
22.220	25.811	166.90	0.0059915	-0.034837	-0.030542	-1.4234	16.990	27.827	911.80	-0.0070703	undefined	undefined	liquid
22.220	25.815	166.90	0.0059915	-0.034838	-0.030542	-1.4234	16.990	27.827	911.80	-0.0070703	undefined	undefined	liquid
22.220	25.820	166.90	0.0059915	-0.034838	-0.030541	-1.4234	16.990	27.827	911.80	-0.0070703	undefined	undefined	liquid
22.220	25.824	166.90	0.0059915	-0.034838	-0.030541	-1.4235	16.990	27.827	911.80	-0.0070703	undefined	undefined	liquid
22.220	25.828	166.90	0.0059915	-0.034838	-0.030540	-1.4235	16.990	27.827	911.80	-0.0070703	undefined	undefined	liquid
22.220	25.832	166.90	0.0059915	-0.034839	-0.030540	-1.4235	16.990	27.827	911.80	-0.0070704	undefined	undefined	liquid
22.220	25.836	166.90	0.0059915	-0.034839	-0.030540	-1.4235	16.990	27.827	911.80	-0.0070704	undefined	undefined	liquid
22.220	25.841	166.90	0.0059915	-0.034839	-0.030539	-1.4235	16.990	27.827	911.81	-0.0070704	undefined	undefined	liquid
22.220	25.845	166.90	0.0059915	-0.034839	-0.030539	-1.4235	16.990	27.827	911.81	-0.0070704	undefined	undefined	liquid
22.220	25.849	166.90	0.0059915	-0.034840	-0.030538	-1.4235	16.990	27.827	911.81	-0.0070704	undefined	undefined	liquid
22.220	25.853	166.90	0.0059915	-0.034840	-0.030538	-1.4235	16.990	27.827	911.81	-0.0070704	undefined	undefined	liquid
22.220	25.857	166.90	0.0059915	-0.034840	-0.030537	-1.4235	16.990	27.827	911.81	-0.0070704	undefined	undefined	liquid
22.220	25.862	166.90	0.0059915	-0.034840	-0.030537	-1.4236	16.990	27.827	911.81	-0.0070704	undefined	undefined	liquid
22.220	25.866	166.90	0.0059915	-0.034841	-0.030536	-1.4236	16.990	27.827	911.81	-0.0070705	undefined	undefined	liquid
22.220	25.870	166.90	0.0059915	-0.034841	-0.030536	-1.4236	16.990	27.827	911.81	-0.0070705	undefined	undefined	liquid
22.220	25.874	166.90	0.0059915	-0.034841	-0.030535	-1.4236	16.990	27.826	911.81	-0.0070705	undefined	undefined	liquid
22.220	25.878	166.90	0.0059915	-0.034841	-0.030535	-1.4236	16.990	27.826	911.81	-0.0070705	undefined	undefined	liquid
22.220	25.883	166.90	0.0059915	-0.034841	-0.030535	-1.4236	16.990	27.826	911.81	-0.0070705	undefined	undefined	liquid
22.220	25.887	166.90	0.0059915	-0.034842	-0.030534	-1.4236	16.990	27.826	911.81	-0.0070705	undefined	undefined	liquid
22.220	25.891	166.90	0.0059915	-0.034842	-0.030534	-1.4236	16.990	27.826	911.81	-0.0070705	undefined	undefined	liquid
22.220	25.895	166.90	0.0059915	-0.034842	-0.030533	-1.4236	16.990	27.826	911.81	-0.0070706	undefined	undefined	liquid
22.220	25.899	166.90	0.0059915	-0.034842	-0.030533	-1.4236	16.990	27.826	911.81	-0.0070706	undefined	undefined	liquid
22.220	25.904	166.90	0.0059915	-0.034843	-0.030532	-1.4237	16.990	27.826	911.81	-0.0070706	undefined	undefined	liquid
22.220	25.908	166.90	0.0059915	-0.034843	-0.030532	-1.4237	16.990	27.826	911.81	-0.0070706	undefined	undefined	liquid
22.220	25.912	166.90	0.0059915	-0.034843	-0.030531	-1.4237	16.991	27.826	911.81	-0.0070706	undefined	undefined	liquid
22.220	25.916	166.90	0.0059915	-0.034843	-0.030531	-1.4237	16.991	27.826	911.81	-0.0070706	undefined	undefined	liquid
22.220	25.920	166.90	0.0059915	-0.034844	-0.030530	-1.4237	16.991	27.826	911.82	-0.0070706	undefined	undefined	liquid
22.220	25.925	166.90	0.0059915	-0.034844	-0.030530	-1.4237	16.991	27.826	911.82	-0.0070706	undefined	undefined	liquid
22.220	25.929	166.90	0.0059915	-0.034844	-0.030529	-1.4237	16.991	27.826	911.82	-0.0070707	undefined	undefined	liquid
22.220	25.933	166.90	0.0059915	-0.034844	-0.030529	-1.4237	16.991	27.826	911.82	-0.0070707	undefined	undefined	liquid
22.220	25.937	166.90	0.0059915	-0.034845	-0.030529	-1.4237	16.991	27.826	911.82	-0.0070707	undefined	undefined	liquid
22.220	25.941	166.90	0.0059915	-0.034845	-0.030528	-1.4238	16.991	27.826	911.82	-0.0070707	undefined	undefined	liquid
22.220	25.946	166.90	0.0059915	-0.034845	-0.030528	-1.4238	16.991	27.826	911.82	-0.0070707	undefined	undefined	liquid
22.220	25.950	166.90	0.0059915	-0.034845	-0.030527	-1.4238	16.991	27.826	911.82	-0.0070707	undefined	undefined	liquid
22.220	25.954	166.90	0.0059915	-0.034846	-0.030527	-1.4238	16.991	27.826	911.82	-0.0070707	undefined	undefined	liquid
22.220	25.958	166.90	0.0059914	-0.034846	-0.030526	-1.4238	16.991	27.826	911.82	-0.0070708	undefined	undefined	liquid
22.220	25.962	166.90	0.0059914	-0.034846	-0.030526	-1.4238	16.991	27.826	911.82	-0.0070708	undefined	undefined	liquid
22.220	25.967	166.90	0.0059914	-0.034846	-0.030525	-1.4238	16.991	27.826	911.82	-0.0070708	undefined	undefined	liquid
22.220	25.971	166.90	0.0059914	-0.034846	-0.030525	-1.4238	16.991	27.826	911.82	-0.0070708	undefined	undefined	liquid
22.220	25.975	166.90	0.0059914	-0.034847	-0.030524	-1.4238	16.991	27.826	911.82	-0.0070708	undefined	undefined	liquid
22.220	25.979	166.90	0.0059914	-0.034847	-0.030524	-1.4239	16.991	27.826	911.82	-0.0070708	undefined	undefined	liquid
22.220	25.983	166.90	0.0059914	-0.034847	-0.030523	-1.4239	16.991	27.826	911.82	-0.0070708	undefined	undefined	liquid
22.220	25.988	166.90	0.0059914	-0.034847	-0.030523	-1.4239	16.991	27.826	911.82	-0.0070708	undefined	undefined	liquid
22.220	25.992	166.91	0.0059914	-0.034848	-0.030523	-1.4239	16.991	27.826	911.82	-0.0070709	undefined	undefined	liquid
22.220	25.996	166.91	0.0059914	-0.034848	-0.030522	-1.4239	16.991	27.826	911.82	-0.0070709	undefined	undefined	liquid
22.220	26.000	166.91	0.0059914	-0.034848	-0.030522	-1.4239	16.991	27.826	911.83	-0.0070709	undefined	undefined	liquid
22.220	26.004	166.91	0.0059914	-0.034848	-0.030521	-1.4239	16.991	27.826	911.83	-0.0070709	undefined	undefined	liquid
22.220	26.009	166.91	0.0059914	-0.034849	-0.030521	-1.4239	16.991	27.826	911.83	-0.0070709	undefined	undefined	liquid
22.220	26.013	166.91	0.0059914	-0.034849	-0.030520	-1.4239	16.991	27.826	911.83	-0.0070709	undefined	undefined	liquid
22.220	26.017	166.91	0.0059914	-0.034849	-0.030520	-1.4240	16.991	27.826	911.83	-0.0070709	undefined	undefined	liquid
22.220	26.021	166.91	0.0059914	-0.034849	-0.030519	-1.4240	16.991	27.826	911.83	-0.0070710	undefined	undefined	liquid
22.220	26.025	166.91	0.0059914	-0.034850	-0.030519	-1.4240	16.991	27.826	911.83	-0.0070710	undefined	undefined	liquid
22.220	26.030	166.91	0.0059914	-0.034850	-0.030518	-1.4240	16.991	27.826	911.83	-0.0070710	undefined	undefined	liquid
22.220	26.034	166.91	0.0059914	-0.034850	-0.030518	-1.4240	16.991	27.826	911.83	-0.0070710	undefined	undefined	liquid
22.220	26.038	166.91	0.0059914	-0.034850	-0.030518	-1.4240	16.991	27.826	911.83	-0.0070710	undefined	undefined	liquid
22.220	26.042	166.91	0.0059914	-0.034851	-0.030517	-1.4240	16.991	27.826	911.83	-0.0070710	undefined	undefined	liquid
22.220	26.046	166.91	0.0059914	-0.034851	-0.030517	-1.4240	16.991	27.826	911.83	-0.0070710	undefined	undefined	liquid
22.220	26.051	166.91	0.0059914	-0.034851	-0.030516	-1.4240	16.991	27.826	911.83	-0.0070710	undefined	undefined	liquid
22.220	26.055	166.91	0.0059914	-0.034851	-0.030516	-1.4240	16.991	27.825	911.83	-0.0070711	undefined	undefined	liquid
22.220	26.059	166.91	0.0059914	-0.034851	-0.030515	-1.4241	16.991	27.825	911.83	-0.0070711	undefined	undefined	liquid
22.220	26.063	166.91	0.0059914	-0.034852	-0.030515	-1.4241	16.991	27.825	911.83	-0.0070711	undefined	undefined	liquid
22.220	26.067	166.91	0.0059914	-0.034852	-0.030514	-1.4241	16.991	27.825	911.83	-0.0070711	undefined	undefined	liquid
22.220	26.072	166.91	0.0059914	-0.034852	-0.030514	-1.4241	16.991	27.825	911.83	-0.0070711	undefined	undefined	liquid
22.220	26.076	166.91	0.0059914	-0.034852	-0.030513	-1.4241	16.991	27.825	911.83	-0.0070711	undefined	undefined	liquid
22.220	26.080	166.91	0.0059914	-0.034853	-0.030513	-1.4241	16.991	27.825	911.84	-0.0070711	undefined	undefined	liquid
22.220	26.084	166.91	0.0059914	-0.034853	-0.030512	-1.4241	16.991	27.825	911.84	-0.0070711	undefined	undefined	liquid
22.220	26.088	166.91	0.0059914	-0.034853	-0.030512	-1.4241	16.991	27.825	911.84	-0.0070712	undefined	undefined	liquid
22.220	26.093	166.91	0.0059914	-0.034853	-0.030512	-1.4241	16.991	27.825	911.84	-0.0070712	undefined	undefined	liquid
22.220	26.097	166.91	0.0059914	-0.034854	-0.030511	-1.4242	16.991	27.825	911.84	-0.0070712	undefined	undefined	liquid
22.220	26.101	166.91	0.0059914	-0.034854	-0.030511	-1.4242	16.991	27.825	911.84	-0.0070712	undefined	undefined	liquid
22.220	26.105	166.91	0.0059914	-0.034854	-0.030510	-1.4242	16.991	27.825	911.84	-0.0070712	undefined	undefined	liquid
22.220	26.109	166.91	0.0059914	-0.034854	-0.030510	-1.4242	16.991	27.825	911.84	-0.0070712	undefined	undefined	liquid
22.220	26.114	166.91	0.0059914	-0.034855	-0.030509	-1.4242	16.991	27.825	911.84	-0.0070712	undefined	undefined	liquid
22.220	26.118	166.91	0.0059914	-0.034855	-0.030509	-1.4242	16.991	27.825	911.84	-0.0070713	undefined	undefined	liquid
22.220	26.122	166.91	0.0059914	-0.034855	-0.030508	-1.4242	16.991	27.825	911.84	-0.0070713	undefined	undefined	liquid
22.220	26.126	166.91	0.0059914	-0.034855	-0.030508	-1.4242	16.991	27.825	911.84	-0.0070713	undefined	undefined	liquid
22.220	26.130	166.91	0.0059914	-0.034856	-0.030507	-1.4242	16.991	27.825	911.84	-0.0070713	undefined	undefined	liquid
22.220	26.135	166.91	0.0059914	-0.034856	-0.030507	-1.4243	16.991	27.825	911.84	-0.0070713	undefined	undefined	liquid
22.220	26.139	166.91	0.0059914	-0.034856	-0.030507	-1.4243	16.991	27.825	911.84	-0.0070713	undefined	undefined	liquid
22.220	26.143	166.91	0.0059914	-0.034856	-0.030506	-1.4243	16.991	27.825	911.84	-0.0070713	undefined	undefined	liquid
22.220	26.147	166.91	0.0059914	-0.034856	-0.030506	-1.4243	16.991	27.825	911.84	-0.0070713	undefined	undefined	liquid
22.220	26.151	166.91	0.0059914	-0.034857	-0.030505	-1.4243	16.991	27.825	911.84	-0.0070714	undefined	undefined	liquid
22.220	26.156	166.91	0.0059914	-0.034857	-0.030505	-1.4243	16.991	27.825	911.84	-0.0070714	undefined	undefined	liquid
22.220	26.160	166.91	0.0059914	-0.034857	-0.030504	-1.4243	16.991	27.825	911.85	-0.0070714	undefined	undefined	liquid
22.220	26.164	166.91	0.0059913	-0.034857	-0.030504	-1.4243	16.991	27.825	911.85	-0.0070714	undefined	undefined	liquid
22.220	26.168	166.91	0.0059913	-0.034858	-0.030503	-1.4243	16.991	27.825	911.85	-0.0070714	undefined	undefined	liquid
22.220	26.172	166.91	0.0059913	-0.034858	-0.030503	-1.4243	16.991	27.825	911.85	-0.0070714	undefined	undefined	liquid
22.220	26.177	166.91	0.0059913	-0.034858	-0.030502	-1.4244	16.991	27.825	911.85	-0.0070714	undefined	undefined	liquid
22.220	26.181	166.91	0.0059913	-0.034858	-0.030502	-1.4244	16.991	27.825	911.85	-0.0070715	undefined	undefined	liquid
22.220	26.185	166.91	0.0059913	-0.034859	-0.030501	-1.4244	16.991	27.825	911.85	-0.0070715	undefined	undefined	liquid
22.220	26.189	166.91	0.0059913	-0.034859	-0.030501	-1.4244	16.991	27.825	911.85	-0.0070715	undefined	undefined	liquid
22.220	26.193	166.91	0.0059913	-0.034859	-0.030501	-1.4244	16.991	27.825	911.85	-0.0070715	undefined	undefined	liquid
22.220	26.198	166.91	0.0059913	-0.034859	-0.030500	-1.4244	16.991	27.825	911.85	-0.0070715	undefined	undefined	liquid
22.220	26.202	166.91	0.0059913	-0.034860	-0.030500	-1.4244	16.991	27.825	911.85	-0.0070715	undefined	undefined	liquid
22.220	26.206	166.91	0.0059913	-0.034860	-0.030499	-1.4244	16.991	27.825	911.85	-0.0070715	undefined	undefined	liquid
22.220	26.210	166.91	0.0059913	-0.034860	-0.030499	-1.4244	16.991	27.825	911.85	-0.0070715	undefined	undefined	liquid
22.220	26.214	166.91	0.0059913	-0.034860	-0.030498	-1.4245	16.991	27.825	911.85	-0.0070716	undefined	undefined	liquid
22.220	26.219	166.91	0.0059913	-0.034861	-0.030498	-1.4245	16.991	27.825	911.85	-0.0070716	undefined	undefined	liquid
22.220	26.223	166.91	0.0059913	-0.034861	-0.030497	-1.4245	16.991	27.825	911.85	-0.0070716	undefined	undefined	liquid
22.220	26.227	166.91	0.0059913	-0.034861	-0.030497	-1.4245	16.991	27.825	911.85	-0.0070716	undefined	undefined	liquid
22.220	26.231	166.91	0.0059913	-0.034861	-0.030496	-1.4245	16.991	27.824	911.85	-0.0070716	undefined	undefined	liquid
22.220	26.235	166.91	0.0059913	-0.034862	-0.030496	-1.4245	16.991	27.824	911.85	-0.0070716	undefined	undefined	liquid
22.220	26.240	166.91	0.0059913	-0.034862	-0.030495	-1.4245	16.991	27.824	911.86	-0.0070716	undefined	undefined	liquid
22.220	26.244	166.91	0.0059913	-0.034862	-0.030495	-1.4245	16.991	27.824	911.86	-0.0070717	undefined	undefined	liquid
22.220	26.248	166.91	0.0059913	-0.034862	-0.030495	-1.4245	16.991	27.824	911.86	-0.0070717	undefined	undefined	liquid
22.220	26.252	166.91	0.0059913	-0.034862	-0.030494	-1.4246	16.991	27.824	911.86	-0.0070717	undefined	undefined	liquid
22.220	26.256	166.91	0.0059913	-0.034863	-0.030494	-1.4246	16.991	27.824	911.86	-0.0070717	undefined	undefined	liquid
22.220	26.261	166.91	0.0059913	-0.034863	-0.030493	-1.4246	16.991	27.824	911.86	-0.0070717	undefined	undefined	liquid
22.220	26.265	166.91	0.0059913	-0.034863	-0.030493	-1.4246	16.991	27.824	911.86	-0.0070717	undefined	undefined	liquid
22.220	26.269	166.91	0.0059913	-0.034863	-0.030492	-1.4246	16.991	27.824	911.86	-0.0070717	undefined	undefined	liquid
22.220	26.273	166.91	0.0059913	-0.034864	-0.030492	-1.4246	16.991	27.824	911.86	-0.0070717	undefined	undefined	liquid
22.220	26.277	166.91	0.0059913	-0.034864	-0.030491	-1.4246	16.991	27.824	911.86	-0.0070718	undefined	undefined	liquid
22.220	26.282	166.91	0.0059913	-0.034864	-0.030491	-1.4246	16.991	27.824	911.86	-0.0070718	undefined	undefined	liquid
22.220	26.286	166.91	0.0059913	-0.034864	-0.030490	-1.4246	16.991	27.824	911.86	-0.0070718	undefined	undefined	liquid
22.220	26.290	166.91	0.0059913	-0.034865	-0.030490	-1.4247	16.991	27.824	911.86	-0.0070718	undefined	undefined	liquid
22.220	26.294	166.91	0.0059913	-0.034865	-0.030490	-1.4247	16.991	27.824	911.86	-0.0070718	undefined	undefined	liquid
22.220	26.298	166.91	0.0059913	-0.034865	-0.030489	-1.4247	16.991	27.824	911.86	-0.0070718	undefined	undefined	liquid
22.220	26.303	166.91	0.0059913	-0.034865	-0.030489	-1.4247	16.991	27.824	911.86	-0.0070718	undefined	undefined	liquid
22.220	26.307	166.91	0.0059913	-0.034866	-0.030488	-1.4247	16.991	27.824	911.86	-0.0070719	undefined	undefined	liquid
22.220	26.311	166.91	0.0059913	-0.034866	-0.030488	-1.4247	16.991	27.824	911.86	-0.0070719	undefined	undefined	liquid
22.220	26.315	166.91	0.0059913	-0.034866	-0.030487	-1.4247	16.991	27.824	911.87	-0.0070719	undefined	undefined	liquid
22.220	26.319	166.91	0.0059913	-0.034866	-0.030487	-1.4247	16.991	27.824	911.87	-0.0070719	undefined	undefined	liquid
22.220	26.324	166.91	0.0059913	-0.034867	-0.030486	-1.4247	16.991	27.824	911.87	-0.0070719	undefined	undefined	liquid
22.220	26.328	166.91	0.0059913	-0.034867	-0.030486	-1.4247	16.991	27.824	911.87	-0.0070719	undefined	undefined	liquid
22.220	26.332	166.91	0.0059913	-0.034867	-0.030485	-1.4248	16.991	27.824	911.87	-0.0070719	undefined	undefined	liquid
22.220	26.336	166.91	0.0059913	-0.034867	-0.030485	-1.4248	16.991	27.824	911.87	-0.0070719	undefined	undefined	liquid
22.220	26.340	166.91	0.0059913	-0.034867	-0.030484	-1.4248	16.991	27.824	911.87	-0.0070720	undefined	undefined	liquid
22.220	26.345	166.91	0.0059913	-0.034868	-0.030484	-1.4248	16.991	27.824	911.87	-0.0070720	undefined	undefined	liquid
22.220	26.349	166.91	0.0059913	-0.034868	-0.030484	-1.4248	16.991	27.824	911.87	-0.0070720	undefined	undefined	liquid
22.220	26.353	166.91	0.0059913	-0.034868	-0.030483	-1.4248	16.991	27.824	911.87	-0.0070720	undefined	undefined	liquid
22.220	26.357	166.91	0.0059913	-0.034868	-0.030483	-1.4248	16.991	27.824	911.87	-0.0070720	undefined	undefined	liquid
22.220	26.361	166.91	0.0059913	-0.034869	-0.030482	-1.4248	16.991	27.824	911.87	-0.0070720	undefined	undefined	liquid
22.220	26.366	166.91	0.0059912	-0.034869	-0.030482	-1.4248	16.991	27.824	911.87	-0.0070720	undefined	undefined	liquid
22.220	26.370	166.91	0.0059912	-0.034869	-0.030481	-1.4249	16.991	27.824	911.87	-0.0070720	undefined	undefined	liquid
22.220	26.374	166.91	0.0059912	-0.034869	-0.030481	-1.4249	16.991	27.824	911.87	-0.0070721	undefined	undefined	liquid
22.220	26.378	166.91	0.0059912	-0.034870	-0.030480	-1.4249	16.991	27.824	911.87	-0.0070721	undefined	undefined	liquid
22.220	26.382	166.91	0.0059912	-0.034870	-0.030480	-1.4249	16.991	27.824	911.87	-0.0070721	undefined	undefined	liquid
22.220	26.387	166.91	0.0059912	-0.034870	-0.030479	-1.4249	16.991	27.824	911.87	-0.0070721	undefined	undefined	liquid
22.220	26.391	166.91	0.0059912	-0.034870	-0.030479	-1.4249	16.991	27.824	911.87	-0.0070721	undefined	undefined	liquid
22.220	26.395	166.91	0.0059912	-0.034871	-0.030478	-1.4249	16.991	27.824	911.88	-0.0070721	undefined	undefined	liquid
22.220	26.399	166.91	0.0059912	-0.034871	-0.030478	-1.4249	16.991	27.824	911.88	-0.0070721	undefined	undefined	liquid
22.220	26.403	166.91	0.0059912	-0.034871	-0.030478	-1.4249	16.991	27.824	911.88	-0.0070722	undefined	undefined	liquid
22.220	26.408	166.91	0.0059912	-0.034871	-0.030477	-1.4250	16.991	27.824	911.88	-0.0070722	undefined	undefined	liquid
22.220	26.412	166.91	0.0059912	-0.034872	-0.030477	-1.4250	16.991	27.823	911.88	-0.0070722	undefined	undefined	liquid
22.220	26.416	166.91	0.0059912	-0.034872	-0.030476	-1.4250	16.991	27.823	911.88	-0.0070722	undefined	undefined	liquid
22.220	26.420	166.91	0.0059912	-0.034872	-0.030476	-1.4250	16.991	27.823	911.88	-0.0070722	undefined	undefined	liquid
22.220	26.424	166.91	0.0059912	-0.034872	-0.030475	-1.4250	16.991	27.823	911.88	-0.0070722	undefined	undefined	liquid
22.220	26.429	166.91	0.0059912	-0.034872	-0.030475	-1.4250	16.991	27.823	911.88	-0.0070722	undefined	undefined	liquid
22.220	26.433	166.91	0.0059912	-0.034873	-0.030474	-1.4250	16.991	27.823	911.88	-0.0070722	undefined	undefined	liquid
22.220	26.437	166.91	0.0059912	-0.034873	-0.030474	-1.4250	16.991	27.823	911.88	-0.0070723	undefined	undefined	liquid
22.220	26.441	166.91	0.0059912	-0.034873	-0.030473	-1.4250	16.991	27.823	911.88	-0.0070723	undefined	undefined	liquid
22.220	26.445	166.91	0.0059912	-0.034873	-0.030473	-1.4251	16.991	27.823	911.88	-0.0070723	undefined	undefined	liquid
22.220	26.450	166.91	0.0059912	-0.034874	-0.030473	-1.4251	16.991	27.823	911.88	-0.0070723	undefined	undefined	liquid
22.220	26.454	166.91	0.0059912	-0.034874	-0.030472	-1.4251	16.991	27.823	911.88	-0.0070723	undefined	undefined	liquid
22.220	26.458	166.91	0.0059912	-0.034874	-0.030472	-1.4251	16.991	27.823	911.88	-0.0070723	undefined	undefined	liquid
22.220	26.462	166.91	0.0059912	-0.034874	-0.030471	-1.4251	16.991	27.823	911.88	-0.0070723	undefined	undefined	liquid
22.220	26.466	166.91	0.0059912	-0.034875	-0.030471	-1.4251	16.991	27.823	911.88	-0.0070724	undefined	undefined	liquid
22.220	26.471	166.91	0.0059912	-0.034875	-0.030470	-1.4251	16.991	27.823	911.88	-0.0070724	undefined	undefined	liquid
22.220	26.475	166.91	0.0059912	-0.034875	-0.030470	-1.4251	16.991	27.823	911.89	-0.0070724	undefined	undefined	liquid
22.220	26.479	166.91	0.0059912	-0.034875	-0.030469	-1.4251	16.991	27.823	911.89	-0.0070724	undefined	undefined	liquid
22.220	26.483	166.91	0.0059912	-0.034876	-0.030469	-1.4251	16.991	27.823	911.89	-0.0070724	undefined	undefined	liquid
22.220	26.487	166.91	0.0059912	-0.034876	-0.030468	-1.4252	16.991	27.823	911.89	-0.0070724	undefined	undefined	liquid
22.220	26.492	166.91	0.0059912	-0.034876	-0.030468	-1.4252	16.991	27.823	911.89	-0.0070724	undefined	undefined	liquid
22.220	26.496	166.91	0.0059912	-0.034876	-0.030467	-1.4252	16.991	27.823	911.89	-0.0070724	undefined	undefined	liquid
22.220	26.500	166.91	0.0059912	-0.034877	-0.030467	-1.4252	16.991	27.823	911.89	-0.0070725	undefined	undefined	liquid
22.220	26.504	166.91	0.0059912	-0.034877	-0.030467	-1.4252	16.991	27.823	911.89	-0.0070725	undefined	undefined	liquid
22.220	26.508	166.91	0.0059912	-0.034877	-0.030466	-1.4252	16.991	27.823	911.89	-0.0070725	undefined	undefined	liquid
22.220	26.513	166.91	0.0059912	-0.034877	-0.030466	-1.4252	16.991	27.823	911.89	-0.0070725	undefined	undefined	liquid
22.220	26.517	166.91	0.0059912	-0.034877	-0.030465	-1.4252	16.991	27.823	911.89	-0.0070725	undefined	undefined	liquid
22.220	26.521	166.91	0.0059912	-0.034878	-0.030465	-1.4252	16.992	27.823	911.89	-0.0070725	undefined	undefined	liquid
22.220	26.525	166.91	0.0059912	-0.034878	-0.030464	-1.4253	16.992	27.823	911.89	-0.0070725	undefined	undefined	liquid
22.220	26.529	166.91	0.0059912	-0.034878	-0.030464	-1.4253	16.992	27.823	911.89	-0.0070726	undefined	undefined	liquid
22.220	26.534	166.91	0.0059912	-0.034878	-0.030463	-1.4253	16.992	27.823	911.89	-0.0070726	undefined	undefined	liquid
22.220	26.538	166.91	0.0059912	-0.034879	-0.030463	-1.4253	16.992	27.823	911.89	-0.0070726	undefined	undefined	liquid
22.220	26.542	166.91	0.0059912	-0.034879	-0.030462	-1.4253	16.992	27.823	911.89	-0.0070726	undefined	undefined	liquid
22.220	26.546	166.91	0.0059912	-0.034879	-0.030462	-1.4253	16.992	27.823	911.89	-0.0070726	undefined	undefined	liquid
22.220	26.550	166.91	0.0059912	-0.034879	-0.030462	-1.4253	16.992	27.823	911.89	-0.0070726	undefined	undefined	liquid
22.220	26.555	166.91	0.0059912	-0.034880	-0.030461	-1.4253	16.992	27.823	911.90	-0.0070726	undefined	undefined	liquid
22.220	26.559	166.91	0.0059912	-0.034880	-0.030461	-1.4253	16.992	27.823	911.90	-0.0070726	undefined	undefined	liquid
22.220	26.563	166.91	0.0059912	-0.034880	-0.030460	-1.4254	16.992	27.823	911.90	-0.0070727	undefined	undefined	liquid
22.220	26.567	166.91	0.0059912	-0.034880	-0.030460	-1.4254	16.992	27.823	911.90	-0.0070727	undefined	undefined	liquid
22.220	26.571	166.91	0.0059911	-0.034881	-0.030459	-1.4254	16.992	27.823	911.90	-0.0070727	undefined	undefined	liquid
22.220	26.576	166.91	0.0059911	-0.034881	-0.030459	-1.4254	16.992	27.823	911.90	-0.0070727	undefined	undefined	liquid
22.220	26.580	166.91	0.0059911	-0.034881	-0.030458	-1.4254	16.992	27.823	911.90	-0.0070727	undefined	undefined	liquid
22.220	26.584	166.91	0.0059911	-0.034881	-0.030458	-1.4254	16.992	27.823	911.90	-0.0070727	undefined	undefined	liquid
22.220	26.588	166.91	0.0059911	-0.034882	-0.030457	-1.4254	16.992	27.822	911.90	-0.0070727	undefined	undefined	liquid
22.220	26.592	166.91	0.0059911	-0.034882	-0.030457	-1.4254	16.992	27.822	911.90	-0.0070728	undefined	undefined	liquid
22.220	26.597	166.91	0.0059911	-0.034882	-0.030456	-1.4254	16.992	27.822	911.90	-0.0070728	undefined	undefined	liquid
22.220	26.601	166.91	0.0059911	-0.034882	-0.030456	-1.4255	16.992	27.822	911.90	-0.0070728	undefined	undefined	liquid
22.220	26.605	166.91	0.0059911	-0.034882	-0.030456	-1.4255	16.992	27.822	911.90	-0.0070728	undefined	undefined	liquid
22.220	26.609	166.91	0.0059911	-0.034883	-0.030455	-1.4255	16.992	27.822	911.90	-0.0070728	undefined	undefined	liquid
22.220	26.613	166.91	0.0059911	-0.034883	-0.030455	-1.4255	16.992	27.822	911.90	-0.0070728	undefined	undefined	liquid
22.220	26.618	166.91	0.0059911	-0.034883	-0.030454	-1.4255	16.992	27.822	911.90	-0.0070728	undefined	undefined	liquid
22.220	26.622	166.91	0.0059911	-0.034883	-0.030454	-1.4255	16.992	27.822	911.90	-0.0070728	undefined	undefined	liquid
22.220	26.626	166.91	0.0059911	-0.034884	-0.030453	-1.4255	16.992	27.822	911.90	-0.0070729	undefined	undefined	liquid
22.220	26.630	166.91	0.0059911	-0.034884	-0.030453	-1.4255	16.992	27.822	911.91	-0.0070729	undefined	undefined	liquid
22.220	26.634	166.91	0.0059911	-0.034884	-0.030452	-1.4255	16.992	27.822	911.91	-0.0070729	undefined	undefined	liquid
22.220	26.639	166.91	0.0059911	-0.034884	-0.030452	-1.4255	16.992	27.822	911.91	-0.0070729	undefined	undefined	liquid
22.220	26.643	166.91	0.0059911	-0.034885	-0.030451	-1.4256	16.992	27.822	911.91	-0.0070729	undefined	undefined	liquid
22.220	26.647	166.91	0.0059911	-0.034885	-0.030451	-1.4256	16.992	27.822	911.91	-0.0070729	undefined	undefined	liquid
22.220	26.651	166.91	0.0059911	-0.034885	-0.030450	-1.4256	16.992	27.822	911.91	-0.0070729	undefined	undefined	liquid
22.220	26.655	166.91	0.0059911	-0.034885	-0.030450	-1.4256	16.992	27.822	911.91	-0.0070729	undefined	undefined	liquid
22.220	26.660	166.91	0.0059911	-0.034886	-0.030450	-1.4256	16.992	27.822	911.91	-0.0070730	undefined	undefined	liquid
22.220	26.664	166.91	0.0059911	-0.034886	-0.030449	-1.4256	16.992	27.822	911.91	-0.0070730	undefined	undefined	liquid
22.220	26.668	166.91	0.0059911	-0.034886	-0.030449	-1.4256	16.992	27.822	911.91	-0.0070730	undefined	undefined	liquid
22.220	26.672	166.91	0.0059911	-0.034886	-0.030448	-1.4256	16.992	27.822	911.91	-0.0070730	undefined	undefined	liquid
22.220	26.676	166.91	0.0059911	-0.034887	-0.030448	-1.4256	16.992	27.822	911.91	-0.0070730	undefined	undefined	liquid
22.220	26.681	166.91	0.0059911	-0.034887	-0.030447	-1.4257	16.992	27.822	911.91	-0.0070730	undefined	undefined	liquid
22.220	26.685	166.91	0.0059911	-0.034887	-0.030447	-1.4257	16.992	27.822	911.91	-0.0070730	undefined	undefined	liquid
22.220	26.689	166.91	0.0059911	-0.034887	-0.030446	-1.4257	16.992	27.822	911.91	-0.0070731	undefined	undefined	liquid
22.220	26.693	166.91	0.0059911	-0.034887	-0.030446	-1.4257	16.992	27.822	911.91	-0.0070731	undefined	undefined	liquid
22.220	26.697	166.91	0.0059911	-0.034888	-0.030445	-1.4257	16.992	27.822	911.91	-0.0070731	undefined	undefined	liquid
22.220	26.702	166.91	0.0059911	-0.034888	-0.030445	-1.4257	16.992	27.822	911.91	-0.0070731	undefined	undefined	liquid
22.220	26.706	166.91	0.0059911	-0.034888	-0.030445	-1.4257	16.992	27.822	911.91	-0.0070731	undefined	undefined	liquid
22.220	26.710	166.91	0.0059911	-0.034888	-0.030444	-1.4257	16.992	27.822	911.92	-0.0070731	undefined	undefined	liquid
22.220	26.714	166.91	0.0059911	-0.034889	-0.030444	-1.4257	16.992	27.822	911.92	-0.0070731	undefined	undefined	liquid
22.220	26.718	166.91	0.0059911	-0.034889	-0.030443	-1.4258	16.992	27.822	911.92	-0.0070731	undefined	undefined	liquid
22.220	26.723	166.91	0.0059911	-0.034889	-0.030443	-1.4258	16.992	27.822	911.92	-0.0070732	undefined	undefined	liquid
22.220	26.727	166.91	0.0059911	-0.034889	-0.030442	-1.4258	16.992	27.822	911.92	-0.0070732	undefined	undefined	liquid
22.220	26.731	166.92	0.0059911	-0.034890	-0.030442	-1.4258	16.992	27.822	911.92	-0.0070732	undefined	undefined	liquid
22.220	26.735	166.92	0.0059911	-0.034890	-0.030441	-1.4258	16.992	27.822	911.92	-0.0070732	undefined	undefined	liquid
22.220	26.739	166.92	0.0059911	-0.034890	-0.030441	-1.4258	16.992	27.822	911.92	-0.0070732	undefined	undefined	liquid
22.220	26.744	166.92	0.0059911	-0.034890	-0.030440	-1.4258	16.992	27.822	911.92	-0.0070732	undefined	undefined	liquid
22.220	26.748	166.92	0.0059911	-0.034891	-0.030440	-1.4258	16.992	27.822	911.92	-0.0070732	undefined	undefined	liquid
22.220	26.752	166.92	0.0059911	-0.034891	-0.030439	-1.4258	16.992	27.822	911.92	-0.0070733	undefined	undefined	liquid
22.220	26.756	166.92	0.0059911	-0.034891	-0.030439	-1.4258	16.992	27.822	911.92	-0.0070733	undefined	undefined	liquid
22.220	26.760	166.92	0.0059911	-0.034891	-0.030439	-1.4259	16.992	27.822	911.92	-0.0070733	undefined	undefined	liquid
22.220	26.765	166.92	0.0059911	-0.034892	-0.030438	-1.4259	16.992	27.822	911.92	-0.0070733	undefined	undefined	liquid
22.220	26.769	166.92	0.0059911	-0.034892	-0.030438	-1.4259	16.992	27.821	911.92	-0.0070733	undefined	undefined	liquid
22.220	26.773	166.92	0.0059911	-0.034892	-0.030437	-1.4259	16.992	27.821	911.92	-0.0070733	undefined	undefined	liquid
22.220	26.777	166.92	0.0059910	-0.034892	-0.030437	-1.4259	16.992	27.821	911.92	-0.0070733	undefined	undefined	liquid
22.220	26.781	166.92	0.0059910	-0.034892	-0.030436	-1.4259	16.992	27.821	911.92	-0.0070733	undefined	undefined	liquid
22.220	26.786	166.92	0.0059910	-0.034893	-0.030436	-1.4259	16.992	27.821	911.92	-0.0070734	undefined	undefined	liquid
22.220	26.790	166.92	0.0059910	-0.034893	-0.030435	-1.4259	16.992	27.821	911.93	-0.0070734	undefined	undefined	liquid
22.220	26.794	166.92	0.0059910	-0.034893	-0.030435	-1.4259	16.992	27.821	911.93	-0.0070734	undefined	undefined	liquid
22.220	26.798	166.92	0.0059910	-0.034893	-0.030434	-1.4260	16.992	27.821	911.93	-0.0070734	undefined	undefined	liquid
22.220	26.802	166.92	0.0059910	-0.034894	-0.030434	-1.4260	16.992	27.821	911.93	-0.0070734	undefined	undefined	liquid
22.220	26.807	166.92	0.0059910	-0.034894	-0.030434	-1.4260	16.992	27.821	911.93	-0.0070734	undefined	undefined	liquid
22.220	26.811	166.92	0.0059910	-0.034894	-0.030433	-1.4260	16.992	27.821	911.93	-0.0070734	undefined	undefined	liquid
22.220	26.815	166.92	0.0059910	-0.034894	-0.030433	-1.4260	16.992	27.821	911.93	-0.0070735	undefined	undefined	liquid
22.220	26.819	166.92	0.0059910	-0.034895	-0.030432	-1.4260	16.992	27.821	911.93	-0.0070735	undefined	undefined	liquid
22.220	26.823	166.92	0.0059910	-0.034895	-0.030432	-1.4260	16.992	27.821	911.93	-0.0070735	undefined	undefined	liquid
22.220	26.828	166.92	0.0059910	-0.034895	-0.030431	-1.4260	16.992	27.821	911.93	-0.0070735	undefined	undefined	liquid
22.220	26.832	166.92	0.0059910	-0.034895	-0.030431	-1.4260	16.992	27.821	911.93	-0.0070735	undefined	undefined	liquid
22.220	26.836	166.92	0.0059910	-0.034896	-0.030430	-1.4261	16.992	27.821	911.93	-0.0070735	undefined	undefined	liquid
22.220	26.840	166.92	0.0059910	-0.034896	-0.030430	-1.4261	16.992	27.821	911.93	-0.0070735	undefined	undefined	liquid
22.220	26.844	166.92	0.0059910	-0.034896	-0.030429	-1.4261	16.992	27.821	911.93	-0.0070735	undefined	undefined	liquid
22.220	26.849	166.92	0.0059910	-0.034896	-0.030429	-1.4261	16.992	27.821	911.93	-0.0070736	undefined	undefined	liquid
22.220	26.853	166.92	0.0059910	-0.034897	-0.030428	-1.4261	16.992	27.821	911.93	-0.0070736	undefined	undefined	liquid
22.220	26.857	166.92	0.0059910	-0.034897	-0.030428	-1.4261	16.992	27.821	911.93	-0.0070736	undefined	undefined	liquid
22.220	26.861	166.92	0.0059910	-0.034897	-0.030428	-1.4261	16.992	27.821	911.93	-0.0070736	undefined	undefined	liquid
22.220	26.865	166.92	0.0059910	-0.034897	-0.030427	-1.4261	16.992	27.821	911.94	-0.0070736	undefined	undefined	liquid
22.220	26.870	166.92	0.0059910	-0.034897	-0.030427	-1.4261	16.992	27.821	911.94	-0.0070736	undefined	undefined	liquid
22.220	26.874	166.92	0.0059910	-0.034898	-0.030426	-1.4262	16.992	27.821	911.94	-0.0070736	undefined	undefined	liquid
22.220	26.878	166.92	0.0059910	-0.034898	-0.030426	-1.4262	16.992	27.821	911.94	-0.0070737	undefined	undefined	liquid
22.220	26.882	166.92	0.0059910	-0.034898	-0.030425	-1.4262	16.992	27.821	911.94	-0.0070737	undefined	undefined	liquid
22.220	26.886	166.92	0.0059910	-0.034898	-0.030425	-1.4262	16.992	27.821	911.94	-0.0070737	undefined	undefined	liquid
22.220	26.891	166.92	0.0059910	-0.034899	-0.030424	-1.4262	16.992	27.821	911.94	-0.0070737	undefined	undefined	liquid
22.220	26.895	166.92	0.0059910	-0.034899	-0.030424	-1.4262	16.992	27.821	911.94	-0.0070737	undefined	undefined	liquid
22.220	26.899	166.92	0.0059910	-0.034899	-0.030423	-1.4262	16.992	27.821	911.94	-0.0070737	undefined	undefined	liquid
22.220	26.903	166.92	0.0059910	-0.034899	-0.030423	-1.4262	16.992	27.821	911.94	-0.0070737	undefined	undefined	liquid
22.220	26.907	166.92	0.0059910	-0.034900	-0.030422	-1.4262	16.992	27.821	911.94	-0.0070737	undefined	undefined	liquid
22.220	26.912	166.92	0.0059910	-0.034900	-0.030422	-1.4262	16.992	27.821	911.94	-0.0070738	undefined	undefined	liquid
22.220	26.916	166.92	0.0059910	-0.034900	-0.030422	-1.4263	16.992	27.821	911.94	-0.0070738	undefined	undefined	liquid
22.220	26.920	166.92	0.0059910	-0.034900	-0.030421	-1.4263	16.992	27.821	911.94	-0.0070738	undefined	undefined	liquid
