Temperature (K)	Pressure (psia)	Density (kg/m3)	Volume (m3/kg)	Internal Energy (kJ/mol)	Enthalpy (kJ/mol)	Entropy (J/mol*K)	Cv (J/mol*K)	Cp (J/mol*K)	Sound Spd. (m/s)	Joule-Thomson (F/psia)	Viscosity (uPa*s)	Therm. Cond. (W/m*K)	Phase
22.260	24.400	166.78	0.0059959	-0.033644	-0.029581	-1.3696	17.038	27.931	910.00	-0.0070270	undefined	undefined	liquid
22.260	24.404	166.78	0.0059959	-0.033645	-0.029581	-1.3697	17.038	27.931	910.00	-0.0070270	undefined	undefined	liquid
22.260	24.408	166.78	0.0059959	-0.033645	-0.029580	-1.3697	17.038	27.931	910.00	-0.0070270	undefined	undefined	liquid
22.260	24.413	166.78	0.0059959	-0.033645	-0.029580	-1.3697	17.038	27.931	910.00	-0.0070270	undefined	undefined	liquid
22.260	24.417	166.78	0.0059959	-0.033645	-0.029579	-1.3697	17.038	27.931	910.00	-0.0070270	undefined	undefined	liquid
22.260	24.421	166.78	0.0059959	-0.033646	-0.029579	-1.3697	17.038	27.931	910.00	-0.0070270	undefined	undefined	liquid
22.260	24.425	166.78	0.0059959	-0.033646	-0.029578	-1.3697	17.038	27.931	910.00	-0.0070270	undefined	undefined	liquid
22.260	24.429	166.78	0.0059959	-0.033646	-0.029578	-1.3697	17.038	27.931	910.00	-0.0070271	undefined	undefined	liquid
22.260	24.434	166.78	0.0059959	-0.033646	-0.029578	-1.3697	17.038	27.931	910.01	-0.0070271	undefined	undefined	liquid
22.260	24.438	166.78	0.0059959	-0.033647	-0.029577	-1.3697	17.038	27.931	910.01	-0.0070271	undefined	undefined	liquid
22.260	24.442	166.78	0.0059959	-0.033647	-0.029577	-1.3698	17.038	27.931	910.01	-0.0070271	undefined	undefined	liquid
22.260	24.446	166.78	0.0059959	-0.033647	-0.029576	-1.3698	17.038	27.931	910.01	-0.0070271	undefined	undefined	liquid
22.260	24.450	166.78	0.0059959	-0.033647	-0.029576	-1.3698	17.038	27.931	910.01	-0.0070271	undefined	undefined	liquid
22.260	24.455	166.78	0.0059959	-0.033648	-0.029575	-1.3698	17.038	27.931	910.01	-0.0070271	undefined	undefined	liquid
22.260	24.459	166.78	0.0059959	-0.033648	-0.029575	-1.3698	17.038	27.931	910.01	-0.0070271	undefined	undefined	liquid
22.260	24.463	166.78	0.0059959	-0.033648	-0.029574	-1.3698	17.038	27.931	910.01	-0.0070272	undefined	undefined	liquid
22.260	24.467	166.78	0.0059959	-0.033648	-0.029574	-1.3698	17.038	27.931	910.01	-0.0070272	undefined	undefined	liquid
22.260	24.471	166.78	0.0059959	-0.033649	-0.029573	-1.3698	17.038	27.931	910.01	-0.0070272	undefined	undefined	liquid
22.260	24.476	166.78	0.0059959	-0.033649	-0.029573	-1.3698	17.038	27.931	910.01	-0.0070272	undefined	undefined	liquid
22.260	24.480	166.78	0.0059959	-0.033649	-0.029573	-1.3698	17.038	27.931	910.01	-0.0070272	undefined	undefined	liquid
22.260	24.484	166.78	0.0059959	-0.033649	-0.029572	-1.3699	17.038	27.931	910.01	-0.0070272	undefined	undefined	liquid
22.260	24.488	166.78	0.0059959	-0.033650	-0.029572	-1.3699	17.038	27.931	910.01	-0.0070272	undefined	undefined	liquid
22.260	24.492	166.78	0.0059959	-0.033650	-0.029571	-1.3699	17.038	27.931	910.01	-0.0070273	undefined	undefined	liquid
22.260	24.497	166.78	0.0059959	-0.033650	-0.029571	-1.3699	17.038	27.931	910.01	-0.0070273	undefined	undefined	liquid
22.260	24.501	166.78	0.0059959	-0.033650	-0.029570	-1.3699	17.038	27.931	910.01	-0.0070273	undefined	undefined	liquid
22.260	24.505	166.78	0.0059959	-0.033650	-0.029570	-1.3699	17.038	27.931	910.01	-0.0070273	undefined	undefined	liquid
22.260	24.509	166.78	0.0059959	-0.033651	-0.029569	-1.3699	17.038	27.931	910.01	-0.0070273	undefined	undefined	liquid
22.260	24.513	166.78	0.0059959	-0.033651	-0.029569	-1.3699	17.038	27.931	910.02	-0.0070273	undefined	undefined	liquid
22.260	24.518	166.78	0.0059959	-0.033651	-0.029568	-1.3699	17.038	27.931	910.02	-0.0070273	undefined	undefined	liquid
22.260	24.522	166.78	0.0059959	-0.033651	-0.029568	-1.3700	17.038	27.931	910.02	-0.0070273	undefined	undefined	liquid
22.260	24.526	166.78	0.0059959	-0.033652	-0.029567	-1.3700	17.038	27.931	910.02	-0.0070274	undefined	undefined	liquid
22.260	24.530	166.78	0.0059959	-0.033652	-0.029567	-1.3700	17.038	27.931	910.02	-0.0070274	undefined	undefined	liquid
22.260	24.534	166.78	0.0059959	-0.033652	-0.029567	-1.3700	17.038	27.931	910.02	-0.0070274	undefined	undefined	liquid
22.260	24.539	166.78	0.0059959	-0.033652	-0.029566	-1.3700	17.038	27.931	910.02	-0.0070274	undefined	undefined	liquid
22.260	24.543	166.78	0.0059959	-0.033653	-0.029566	-1.3700	17.038	27.931	910.02	-0.0070274	undefined	undefined	liquid
22.260	24.547	166.78	0.0059958	-0.033653	-0.029565	-1.3700	17.038	27.931	910.02	-0.0070274	undefined	undefined	liquid
22.260	24.551	166.78	0.0059958	-0.033653	-0.029565	-1.3700	17.038	27.931	910.02	-0.0070274	undefined	undefined	liquid
22.260	24.555	166.78	0.0059958	-0.033653	-0.029564	-1.3700	17.038	27.931	910.02	-0.0070274	undefined	undefined	liquid
22.260	24.560	166.78	0.0059958	-0.033654	-0.029564	-1.3701	17.038	27.931	910.02	-0.0070275	undefined	undefined	liquid
22.260	24.564	166.78	0.0059958	-0.033654	-0.029563	-1.3701	17.038	27.931	910.02	-0.0070275	undefined	undefined	liquid
22.260	24.568	166.78	0.0059958	-0.033654	-0.029563	-1.3701	17.038	27.931	910.02	-0.0070275	undefined	undefined	liquid
22.260	24.572	166.78	0.0059958	-0.033654	-0.029562	-1.3701	17.038	27.930	910.02	-0.0070275	undefined	undefined	liquid
22.260	24.576	166.78	0.0059958	-0.033655	-0.029562	-1.3701	17.038	27.930	910.02	-0.0070275	undefined	undefined	liquid
22.260	24.581	166.78	0.0059958	-0.033655	-0.029562	-1.3701	17.038	27.930	910.02	-0.0070275	undefined	undefined	liquid
22.260	24.585	166.78	0.0059958	-0.033655	-0.029561	-1.3701	17.038	27.930	910.02	-0.0070275	undefined	undefined	liquid
22.260	24.589	166.78	0.0059958	-0.033655	-0.029561	-1.3701	17.038	27.930	910.02	-0.0070276	undefined	undefined	liquid
22.260	24.593	166.78	0.0059958	-0.033656	-0.029560	-1.3701	17.038	27.930	910.02	-0.0070276	undefined	undefined	liquid
22.260	24.597	166.78	0.0059958	-0.033656	-0.029560	-1.3702	17.038	27.930	910.03	-0.0070276	undefined	undefined	liquid
22.260	24.602	166.78	0.0059958	-0.033656	-0.029559	-1.3702	17.038	27.930	910.03	-0.0070276	undefined	undefined	liquid
22.260	24.606	166.78	0.0059958	-0.033656	-0.029559	-1.3702	17.038	27.930	910.03	-0.0070276	undefined	undefined	liquid
22.260	24.610	166.78	0.0059958	-0.033656	-0.029558	-1.3702	17.038	27.930	910.03	-0.0070276	undefined	undefined	liquid
22.260	24.614	166.78	0.0059958	-0.033657	-0.029558	-1.3702	17.038	27.930	910.03	-0.0070276	undefined	undefined	liquid
22.260	24.618	166.78	0.0059958	-0.033657	-0.029557	-1.3702	17.038	27.930	910.03	-0.0070276	undefined	undefined	liquid
22.260	24.623	166.78	0.0059958	-0.033657	-0.029557	-1.3702	17.038	27.930	910.03	-0.0070277	undefined	undefined	liquid
22.260	24.627	166.78	0.0059958	-0.033657	-0.029556	-1.3702	17.038	27.930	910.03	-0.0070277	undefined	undefined	liquid
22.260	24.631	166.78	0.0059958	-0.033658	-0.029556	-1.3702	17.038	27.930	910.03	-0.0070277	undefined	undefined	liquid
22.260	24.635	166.78	0.0059958	-0.033658	-0.029556	-1.3703	17.038	27.930	910.03	-0.0070277	undefined	undefined	liquid
22.260	24.639	166.78	0.0059958	-0.033658	-0.029555	-1.3703	17.038	27.930	910.03	-0.0070277	undefined	undefined	liquid
22.260	24.644	166.78	0.0059958	-0.033658	-0.029555	-1.3703	17.039	27.930	910.03	-0.0070277	undefined	undefined	liquid
22.260	24.648	166.78	0.0059958	-0.033659	-0.029554	-1.3703	17.039	27.930	910.03	-0.0070277	undefined	undefined	liquid
22.260	24.652	166.78	0.0059958	-0.033659	-0.029554	-1.3703	17.039	27.930	910.03	-0.0070278	undefined	undefined	liquid
22.260	24.656	166.78	0.0059958	-0.033659	-0.029553	-1.3703	17.039	27.930	910.03	-0.0070278	undefined	undefined	liquid
22.260	24.660	166.78	0.0059958	-0.033659	-0.029553	-1.3703	17.039	27.930	910.03	-0.0070278	undefined	undefined	liquid
22.260	24.665	166.78	0.0059958	-0.033660	-0.029552	-1.3703	17.039	27.930	910.03	-0.0070278	undefined	undefined	liquid
22.260	24.669	166.78	0.0059958	-0.033660	-0.029552	-1.3703	17.039	27.930	910.03	-0.0070278	undefined	undefined	liquid
22.260	24.673	166.78	0.0059958	-0.033660	-0.029551	-1.3703	17.039	27.930	910.03	-0.0070278	undefined	undefined	liquid
22.260	24.677	166.78	0.0059958	-0.033660	-0.029551	-1.3704	17.039	27.930	910.04	-0.0070278	undefined	undefined	liquid
22.260	24.681	166.78	0.0059958	-0.033661	-0.029551	-1.3704	17.039	27.930	910.04	-0.0070278	undefined	undefined	liquid
22.260	24.686	166.78	0.0059958	-0.033661	-0.029550	-1.3704	17.039	27.930	910.04	-0.0070279	undefined	undefined	liquid
22.260	24.690	166.78	0.0059958	-0.033661	-0.029550	-1.3704	17.039	27.930	910.04	-0.0070279	undefined	undefined	liquid
22.260	24.694	166.78	0.0059958	-0.033661	-0.029549	-1.3704	17.039	27.930	910.04	-0.0070279	undefined	undefined	liquid
22.260	24.698	166.78	0.0059958	-0.033662	-0.029549	-1.3704	17.039	27.930	910.04	-0.0070279	undefined	undefined	liquid
22.260	24.702	166.78	0.0059958	-0.033662	-0.029548	-1.3704	17.039	27.930	910.04	-0.0070279	undefined	undefined	liquid
22.260	24.707	166.78	0.0059958	-0.033662	-0.029548	-1.3704	17.039	27.930	910.04	-0.0070279	undefined	undefined	liquid
22.260	24.711	166.78	0.0059958	-0.033662	-0.029547	-1.3704	17.039	27.930	910.04	-0.0070279	undefined	undefined	liquid
22.260	24.715	166.78	0.0059958	-0.033662	-0.029547	-1.3705	17.039	27.930	910.04	-0.0070279	undefined	undefined	liquid
22.260	24.719	166.78	0.0059958	-0.033663	-0.029546	-1.3705	17.039	27.930	910.04	-0.0070280	undefined	undefined	liquid
22.260	24.723	166.78	0.0059958	-0.033663	-0.029546	-1.3705	17.039	27.930	910.04	-0.0070280	undefined	undefined	liquid
22.260	24.728	166.78	0.0059958	-0.033663	-0.029545	-1.3705	17.039	27.930	910.04	-0.0070280	undefined	undefined	liquid
22.260	24.732	166.78	0.0059958	-0.033663	-0.029545	-1.3705	17.039	27.930	910.04	-0.0070280	undefined	undefined	liquid
22.260	24.736	166.78	0.0059958	-0.033664	-0.029545	-1.3705	17.039	27.930	910.04	-0.0070280	undefined	undefined	liquid
22.260	24.740	166.78	0.0059958	-0.033664	-0.029544	-1.3705	17.039	27.930	910.04	-0.0070280	undefined	undefined	liquid
22.260	24.744	166.78	0.0059958	-0.033664	-0.029544	-1.3705	17.039	27.930	910.04	-0.0070280	undefined	undefined	liquid
22.260	24.749	166.78	0.0059957	-0.033664	-0.029543	-1.3705	17.039	27.929	910.04	-0.0070281	undefined	undefined	liquid
22.260	24.753	166.78	0.0059957	-0.033665	-0.029543	-1.3706	17.039	27.929	910.04	-0.0070281	undefined	undefined	liquid
22.260	24.757	166.78	0.0059957	-0.033665	-0.029542	-1.3706	17.039	27.929	910.05	-0.0070281	undefined	undefined	liquid
22.260	24.761	166.78	0.0059957	-0.033665	-0.029542	-1.3706	17.039	27.929	910.05	-0.0070281	undefined	undefined	liquid
22.260	24.765	166.79	0.0059957	-0.033665	-0.029541	-1.3706	17.039	27.929	910.05	-0.0070281	undefined	undefined	liquid
22.260	24.770	166.79	0.0059957	-0.033666	-0.029541	-1.3706	17.039	27.929	910.05	-0.0070281	undefined	undefined	liquid
22.260	24.774	166.79	0.0059957	-0.033666	-0.029540	-1.3706	17.039	27.929	910.05	-0.0070281	undefined	undefined	liquid
22.260	24.778	166.79	0.0059957	-0.033666	-0.029540	-1.3706	17.039	27.929	910.05	-0.0070281	undefined	undefined	liquid
22.260	24.782	166.79	0.0059957	-0.033666	-0.029540	-1.3706	17.039	27.929	910.05	-0.0070282	undefined	undefined	liquid
22.260	24.786	166.79	0.0059957	-0.033667	-0.029539	-1.3706	17.039	27.929	910.05	-0.0070282	undefined	undefined	liquid
22.260	24.791	166.79	0.0059957	-0.033667	-0.029539	-1.3707	17.039	27.929	910.05	-0.0070282	undefined	undefined	liquid
22.260	24.795	166.79	0.0059957	-0.033667	-0.029538	-1.3707	17.039	27.929	910.05	-0.0070282	undefined	undefined	liquid
22.260	24.799	166.79	0.0059957	-0.033667	-0.029538	-1.3707	17.039	27.929	910.05	-0.0070282	undefined	undefined	liquid
22.260	24.803	166.79	0.0059957	-0.033668	-0.029537	-1.3707	17.039	27.929	910.05	-0.0070282	undefined	undefined	liquid
22.260	24.807	166.79	0.0059957	-0.033668	-0.029537	-1.3707	17.039	27.929	910.05	-0.0070282	undefined	undefined	liquid
22.260	24.812	166.79	0.0059957	-0.033668	-0.029536	-1.3707	17.039	27.929	910.05	-0.0070282	undefined	undefined	liquid
22.260	24.816	166.79	0.0059957	-0.033668	-0.029536	-1.3707	17.039	27.929	910.05	-0.0070283	undefined	undefined	liquid
22.260	24.820	166.79	0.0059957	-0.033668	-0.029535	-1.3707	17.039	27.929	910.05	-0.0070283	undefined	undefined	liquid
22.260	24.824	166.79	0.0059957	-0.033669	-0.029535	-1.3707	17.039	27.929	910.05	-0.0070283	undefined	undefined	liquid
22.260	24.828	166.79	0.0059957	-0.033669	-0.029534	-1.3707	17.039	27.929	910.05	-0.0070283	undefined	undefined	liquid
22.260	24.833	166.79	0.0059957	-0.033669	-0.029534	-1.3708	17.039	27.929	910.05	-0.0070283	undefined	undefined	liquid
22.260	24.837	166.79	0.0059957	-0.033669	-0.029534	-1.3708	17.039	27.929	910.05	-0.0070283	undefined	undefined	liquid
22.260	24.841	166.79	0.0059957	-0.033670	-0.029533	-1.3708	17.039	27.929	910.06	-0.0070283	undefined	undefined	liquid
22.260	24.845	166.79	0.0059957	-0.033670	-0.029533	-1.3708	17.039	27.929	910.06	-0.0070284	undefined	undefined	liquid
22.260	24.849	166.79	0.0059957	-0.033670	-0.029532	-1.3708	17.039	27.929	910.06	-0.0070284	undefined	undefined	liquid
22.260	24.854	166.79	0.0059957	-0.033670	-0.029532	-1.3708	17.039	27.929	910.06	-0.0070284	undefined	undefined	liquid
22.260	24.858	166.79	0.0059957	-0.033671	-0.029531	-1.3708	17.039	27.929	910.06	-0.0070284	undefined	undefined	liquid
22.260	24.862	166.79	0.0059957	-0.033671	-0.029531	-1.3708	17.039	27.929	910.06	-0.0070284	undefined	undefined	liquid
22.260	24.866	166.79	0.0059957	-0.033671	-0.029530	-1.3708	17.039	27.929	910.06	-0.0070284	undefined	undefined	liquid
22.260	24.870	166.79	0.0059957	-0.033671	-0.029530	-1.3709	17.039	27.929	910.06	-0.0070284	undefined	undefined	liquid
22.260	24.875	166.79	0.0059957	-0.033672	-0.029529	-1.3709	17.039	27.929	910.06	-0.0070284	undefined	undefined	liquid
22.260	24.879	166.79	0.0059957	-0.033672	-0.029529	-1.3709	17.039	27.929	910.06	-0.0070285	undefined	undefined	liquid
22.260	24.883	166.79	0.0059957	-0.033672	-0.029529	-1.3709	17.039	27.929	910.06	-0.0070285	undefined	undefined	liquid
22.260	24.887	166.79	0.0059957	-0.033672	-0.029528	-1.3709	17.039	27.929	910.06	-0.0070285	undefined	undefined	liquid
22.260	24.891	166.79	0.0059957	-0.033673	-0.029528	-1.3709	17.039	27.929	910.06	-0.0070285	undefined	undefined	liquid
22.260	24.896	166.79	0.0059957	-0.033673	-0.029527	-1.3709	17.039	27.929	910.06	-0.0070285	undefined	undefined	liquid
22.260	24.900	166.79	0.0059957	-0.033673	-0.029527	-1.3709	17.039	27.929	910.06	-0.0070285	undefined	undefined	liquid
22.260	24.904	166.79	0.0059957	-0.033673	-0.029526	-1.3709	17.039	27.929	910.06	-0.0070285	undefined	undefined	liquid
22.260	24.908	166.79	0.0059957	-0.033674	-0.029526	-1.3710	17.039	27.929	910.06	-0.0070286	undefined	undefined	liquid
22.260	24.912	166.79	0.0059957	-0.033674	-0.029525	-1.3710	17.039	27.929	910.06	-0.0070286	undefined	undefined	liquid
22.260	24.917	166.79	0.0059957	-0.033674	-0.029525	-1.3710	17.039	27.929	910.06	-0.0070286	undefined	undefined	liquid
22.260	24.921	166.79	0.0059957	-0.033674	-0.029524	-1.3710	17.039	27.929	910.07	-0.0070286	undefined	undefined	liquid
22.260	24.925	166.79	0.0059957	-0.033674	-0.029524	-1.3710	17.039	27.929	910.07	-0.0070286	undefined	undefined	liquid
22.260	24.929	166.79	0.0059957	-0.033675	-0.029524	-1.3710	17.039	27.928	910.07	-0.0070286	undefined	undefined	liquid
22.260	24.933	166.79	0.0059957	-0.033675	-0.029523	-1.3710	17.039	27.928	910.07	-0.0070286	undefined	undefined	liquid
22.260	24.938	166.79	0.0059957	-0.033675	-0.029523	-1.3710	17.039	27.928	910.07	-0.0070286	undefined	undefined	liquid
22.260	24.942	166.79	0.0059957	-0.033675	-0.029522	-1.3710	17.039	27.928	910.07	-0.0070287	undefined	undefined	liquid
22.260	24.946	166.79	0.0059957	-0.033676	-0.029522	-1.3711	17.039	27.928	910.07	-0.0070287	undefined	undefined	liquid
22.260	24.950	166.79	0.0059957	-0.033676	-0.029521	-1.3711	17.039	27.928	910.07	-0.0070287	undefined	undefined	liquid
22.260	24.954	166.79	0.0059956	-0.033676	-0.029521	-1.3711	17.039	27.928	910.07	-0.0070287	undefined	undefined	liquid
22.260	24.959	166.79	0.0059956	-0.033676	-0.029520	-1.3711	17.039	27.928	910.07	-0.0070287	undefined	undefined	liquid
22.260	24.963	166.79	0.0059956	-0.033677	-0.029520	-1.3711	17.039	27.928	910.07	-0.0070287	undefined	undefined	liquid
22.260	24.967	166.79	0.0059956	-0.033677	-0.029519	-1.3711	17.039	27.928	910.07	-0.0070287	undefined	undefined	liquid
22.260	24.971	166.79	0.0059956	-0.033677	-0.029519	-1.3711	17.039	27.928	910.07	-0.0070287	undefined	undefined	liquid
22.260	24.975	166.79	0.0059956	-0.033677	-0.029518	-1.3711	17.039	27.928	910.07	-0.0070288	undefined	undefined	liquid
22.260	24.980	166.79	0.0059956	-0.033678	-0.029518	-1.3711	17.039	27.928	910.07	-0.0070288	undefined	undefined	liquid
22.260	24.984	166.79	0.0059956	-0.033678	-0.029518	-1.3712	17.039	27.928	910.07	-0.0070288	undefined	undefined	liquid
22.260	24.988	166.79	0.0059956	-0.033678	-0.029517	-1.3712	17.039	27.928	910.07	-0.0070288	undefined	undefined	liquid
22.260	24.992	166.79	0.0059956	-0.033678	-0.029517	-1.3712	17.039	27.928	910.07	-0.0070288	undefined	undefined	liquid
22.260	24.996	166.79	0.0059956	-0.033679	-0.029516	-1.3712	17.039	27.928	910.07	-0.0070288	undefined	undefined	liquid
22.260	25.001	166.79	0.0059956	-0.033679	-0.029516	-1.3712	17.039	27.928	910.08	-0.0070288	undefined	undefined	liquid
22.260	25.005	166.79	0.0059956	-0.033679	-0.029515	-1.3712	17.039	27.928	910.08	-0.0070289	undefined	undefined	liquid
22.260	25.009	166.79	0.0059956	-0.033679	-0.029515	-1.3712	17.039	27.928	910.08	-0.0070289	undefined	undefined	liquid
22.260	25.013	166.79	0.0059956	-0.033680	-0.029514	-1.3712	17.039	27.928	910.08	-0.0070289	undefined	undefined	liquid
22.260	25.017	166.79	0.0059956	-0.033680	-0.029514	-1.3712	17.039	27.928	910.08	-0.0070289	undefined	undefined	liquid
22.260	25.022	166.79	0.0059956	-0.033680	-0.029513	-1.3712	17.039	27.928	910.08	-0.0070289	undefined	undefined	liquid
22.260	25.026	166.79	0.0059956	-0.033680	-0.029513	-1.3713	17.039	27.928	910.08	-0.0070289	undefined	undefined	liquid
22.260	25.030	166.79	0.0059956	-0.033680	-0.029513	-1.3713	17.039	27.928	910.08	-0.0070289	undefined	undefined	liquid
22.260	25.034	166.79	0.0059956	-0.033681	-0.029512	-1.3713	17.039	27.928	910.08	-0.0070289	undefined	undefined	liquid
22.260	25.038	166.79	0.0059956	-0.033681	-0.029512	-1.3713	17.039	27.928	910.08	-0.0070290	undefined	undefined	liquid
22.260	25.043	166.79	0.0059956	-0.033681	-0.029511	-1.3713	17.039	27.928	910.08	-0.0070290	undefined	undefined	liquid
22.260	25.047	166.79	0.0059956	-0.033681	-0.029511	-1.3713	17.039	27.928	910.08	-0.0070290	undefined	undefined	liquid
22.260	25.051	166.79	0.0059956	-0.033682	-0.029510	-1.3713	17.039	27.928	910.08	-0.0070290	undefined	undefined	liquid
22.260	25.055	166.79	0.0059956	-0.033682	-0.029510	-1.3713	17.039	27.928	910.08	-0.0070290	undefined	undefined	liquid
22.260	25.059	166.79	0.0059956	-0.033682	-0.029509	-1.3713	17.039	27.928	910.08	-0.0070290	undefined	undefined	liquid
22.260	25.064	166.79	0.0059956	-0.033682	-0.029509	-1.3714	17.039	27.928	910.08	-0.0070290	undefined	undefined	liquid
22.260	25.068	166.79	0.0059956	-0.033683	-0.029508	-1.3714	17.039	27.928	910.08	-0.0070290	undefined	undefined	liquid
22.260	25.072	166.79	0.0059956	-0.033683	-0.029508	-1.3714	17.039	27.928	910.08	-0.0070291	undefined	undefined	liquid
22.260	25.076	166.79	0.0059956	-0.033683	-0.029507	-1.3714	17.039	27.928	910.08	-0.0070291	undefined	undefined	liquid
22.260	25.080	166.79	0.0059956	-0.033683	-0.029507	-1.3714	17.039	27.928	910.09	-0.0070291	undefined	undefined	liquid
22.260	25.085	166.79	0.0059956	-0.033684	-0.029507	-1.3714	17.039	27.928	910.09	-0.0070291	undefined	undefined	liquid
22.260	25.089	166.79	0.0059956	-0.033684	-0.029506	-1.3714	17.039	27.928	910.09	-0.0070291	undefined	undefined	liquid
22.260	25.093	166.79	0.0059956	-0.033684	-0.029506	-1.3714	17.039	27.928	910.09	-0.0070291	undefined	undefined	liquid
22.260	25.097	166.79	0.0059956	-0.033684	-0.029505	-1.3714	17.039	27.928	910.09	-0.0070291	undefined	undefined	liquid
22.260	25.101	166.79	0.0059956	-0.033685	-0.029505	-1.3715	17.039	27.928	910.09	-0.0070292	undefined	undefined	liquid
22.260	25.106	166.79	0.0059956	-0.033685	-0.029504	-1.3715	17.039	27.927	910.09	-0.0070292	undefined	undefined	liquid
22.260	25.110	166.79	0.0059956	-0.033685	-0.029504	-1.3715	17.039	27.927	910.09	-0.0070292	undefined	undefined	liquid
22.260	25.114	166.79	0.0059956	-0.033685	-0.029503	-1.3715	17.039	27.927	910.09	-0.0070292	undefined	undefined	liquid
22.260	25.118	166.79	0.0059956	-0.033686	-0.029503	-1.3715	17.039	27.927	910.09	-0.0070292	undefined	undefined	liquid
22.260	25.122	166.79	0.0059956	-0.033686	-0.029502	-1.3715	17.039	27.927	910.09	-0.0070292	undefined	undefined	liquid
22.260	25.127	166.79	0.0059956	-0.033686	-0.029502	-1.3715	17.039	27.927	910.09	-0.0070292	undefined	undefined	liquid
22.260	25.131	166.79	0.0059956	-0.033686	-0.029502	-1.3715	17.039	27.927	910.09	-0.0070292	undefined	undefined	liquid
22.260	25.135	166.79	0.0059956	-0.033686	-0.029501	-1.3715	17.039	27.927	910.09	-0.0070293	undefined	undefined	liquid
22.260	25.139	166.79	0.0059956	-0.033687	-0.029501	-1.3716	17.039	27.927	910.09	-0.0070293	undefined	undefined	liquid
22.260	25.143	166.79	0.0059956	-0.033687	-0.029500	-1.3716	17.039	27.927	910.09	-0.0070293	undefined	undefined	liquid
22.260	25.148	166.79	0.0059956	-0.033687	-0.029500	-1.3716	17.039	27.927	910.09	-0.0070293	undefined	undefined	liquid
22.260	25.152	166.79	0.0059956	-0.033687	-0.029499	-1.3716	17.039	27.927	910.09	-0.0070293	undefined	undefined	liquid
22.260	25.156	166.79	0.0059955	-0.033688	-0.029499	-1.3716	17.039	27.927	910.09	-0.0070293	undefined	undefined	liquid
22.260	25.160	166.79	0.0059955	-0.033688	-0.029498	-1.3716	17.039	27.927	910.10	-0.0070293	undefined	undefined	liquid
22.260	25.164	166.79	0.0059955	-0.033688	-0.029498	-1.3716	17.039	27.927	910.10	-0.0070294	undefined	undefined	liquid
22.260	25.169	166.79	0.0059955	-0.033688	-0.029497	-1.3716	17.039	27.927	910.10	-0.0070294	undefined	undefined	liquid
22.260	25.173	166.79	0.0059955	-0.033689	-0.029497	-1.3716	17.039	27.927	910.10	-0.0070294	undefined	undefined	liquid
22.260	25.177	166.79	0.0059955	-0.033689	-0.029496	-1.3716	17.039	27.927	910.10	-0.0070294	undefined	undefined	liquid
22.260	25.181	166.79	0.0059955	-0.033689	-0.029496	-1.3717	17.039	27.927	910.10	-0.0070294	undefined	undefined	liquid
22.260	25.185	166.79	0.0059955	-0.033689	-0.029496	-1.3717	17.039	27.927	910.10	-0.0070294	undefined	undefined	liquid
22.260	25.190	166.79	0.0059955	-0.033690	-0.029495	-1.3717	17.039	27.927	910.10	-0.0070294	undefined	undefined	liquid
22.260	25.194	166.79	0.0059955	-0.033690	-0.029495	-1.3717	17.039	27.927	910.10	-0.0070294	undefined	undefined	liquid
22.260	25.198	166.79	0.0059955	-0.033690	-0.029494	-1.3717	17.039	27.927	910.10	-0.0070295	undefined	undefined	liquid
22.260	25.202	166.79	0.0059955	-0.033690	-0.029494	-1.3717	17.039	27.927	910.10	-0.0070295	undefined	undefined	liquid
22.260	25.206	166.79	0.0059955	-0.033691	-0.029493	-1.3717	17.039	27.927	910.10	-0.0070295	undefined	undefined	liquid
22.260	25.211	166.79	0.0059955	-0.033691	-0.029493	-1.3717	17.039	27.927	910.10	-0.0070295	undefined	undefined	liquid
22.260	25.215	166.79	0.0059955	-0.033691	-0.029492	-1.3717	17.039	27.927	910.10	-0.0070295	undefined	undefined	liquid
22.260	25.219	166.79	0.0059955	-0.033691	-0.029492	-1.3718	17.039	27.927	910.10	-0.0070295	undefined	undefined	liquid
22.260	25.223	166.79	0.0059955	-0.033692	-0.029491	-1.3718	17.039	27.927	910.10	-0.0070295	undefined	undefined	liquid
22.260	25.227	166.79	0.0059955	-0.033692	-0.029491	-1.3718	17.039	27.927	910.10	-0.0070295	undefined	undefined	liquid
22.260	25.232	166.79	0.0059955	-0.033692	-0.029491	-1.3718	17.039	27.927	910.10	-0.0070296	undefined	undefined	liquid
22.260	25.236	166.79	0.0059955	-0.033692	-0.029490	-1.3718	17.039	27.927	910.10	-0.0070296	undefined	undefined	liquid
22.260	25.240	166.79	0.0059955	-0.033692	-0.029490	-1.3718	17.039	27.927	910.10	-0.0070296	undefined	undefined	liquid
22.260	25.244	166.79	0.0059955	-0.033693	-0.029489	-1.3718	17.040	27.927	910.11	-0.0070296	undefined	undefined	liquid
22.260	25.248	166.79	0.0059955	-0.033693	-0.029489	-1.3718	17.040	27.927	910.11	-0.0070296	undefined	undefined	liquid
22.260	25.253	166.79	0.0059955	-0.033693	-0.029488	-1.3718	17.040	27.927	910.11	-0.0070296	undefined	undefined	liquid
22.260	25.257	166.79	0.0059955	-0.033693	-0.029488	-1.3719	17.040	27.927	910.11	-0.0070296	undefined	undefined	liquid
22.260	25.261	166.79	0.0059955	-0.033694	-0.029487	-1.3719	17.040	27.927	910.11	-0.0070297	undefined	undefined	liquid
22.260	25.265	166.79	0.0059955	-0.033694	-0.029487	-1.3719	17.040	27.927	910.11	-0.0070297	undefined	undefined	liquid
22.260	25.269	166.79	0.0059955	-0.033694	-0.029486	-1.3719	17.040	27.927	910.11	-0.0070297	undefined	undefined	liquid
22.260	25.274	166.79	0.0059955	-0.033694	-0.029486	-1.3719	17.040	27.927	910.11	-0.0070297	undefined	undefined	liquid
22.260	25.278	166.79	0.0059955	-0.033695	-0.029485	-1.3719	17.040	27.927	910.11	-0.0070297	undefined	undefined	liquid
22.260	25.282	166.79	0.0059955	-0.033695	-0.029485	-1.3719	17.040	27.927	910.11	-0.0070297	undefined	undefined	liquid
22.260	25.286	166.79	0.0059955	-0.033695	-0.029485	-1.3719	17.040	27.926	910.11	-0.0070297	undefined	undefined	liquid
22.260	25.290	166.79	0.0059955	-0.033695	-0.029484	-1.3719	17.040	27.926	910.11	-0.0070297	undefined	undefined	liquid
22.260	25.295	166.79	0.0059955	-0.033696	-0.029484	-1.3720	17.040	27.926	910.11	-0.0070298	undefined	undefined	liquid
22.260	25.299	166.79	0.0059955	-0.033696	-0.029483	-1.3720	17.040	27.926	910.11	-0.0070298	undefined	undefined	liquid
22.260	25.303	166.79	0.0059955	-0.033696	-0.029483	-1.3720	17.040	27.926	910.11	-0.0070298	undefined	undefined	liquid
22.260	25.307	166.79	0.0059955	-0.033696	-0.029482	-1.3720	17.040	27.926	910.11	-0.0070298	undefined	undefined	liquid
22.260	25.311	166.79	0.0059955	-0.033697	-0.029482	-1.3720	17.040	27.926	910.11	-0.0070298	undefined	undefined	liquid
22.260	25.316	166.79	0.0059955	-0.033697	-0.029481	-1.3720	17.040	27.926	910.11	-0.0070298	undefined	undefined	liquid
22.260	25.320	166.79	0.0059955	-0.033697	-0.029481	-1.3720	17.040	27.926	910.11	-0.0070298	undefined	undefined	liquid
22.260	25.324	166.79	0.0059955	-0.033697	-0.029480	-1.3720	17.040	27.926	910.12	-0.0070299	undefined	undefined	liquid
22.260	25.328	166.79	0.0059955	-0.033698	-0.029480	-1.3720	17.040	27.926	910.12	-0.0070299	undefined	undefined	liquid
22.260	25.332	166.79	0.0059955	-0.033698	-0.029480	-1.3721	17.040	27.926	910.12	-0.0070299	undefined	undefined	liquid
22.260	25.337	166.79	0.0059955	-0.033698	-0.029479	-1.3721	17.040	27.926	910.12	-0.0070299	undefined	undefined	liquid
22.260	25.341	166.79	0.0059955	-0.033698	-0.029479	-1.3721	17.040	27.926	910.12	-0.0070299	undefined	undefined	liquid
22.260	25.345	166.79	0.0059955	-0.033698	-0.029478	-1.3721	17.040	27.926	910.12	-0.0070299	undefined	undefined	liquid
22.260	25.349	166.79	0.0059955	-0.033699	-0.029478	-1.3721	17.040	27.926	910.12	-0.0070299	undefined	undefined	liquid
22.260	25.353	166.79	0.0059955	-0.033699	-0.029477	-1.3721	17.040	27.926	910.12	-0.0070299	undefined	undefined	liquid
22.260	25.358	166.79	0.0059955	-0.033699	-0.029477	-1.3721	17.040	27.926	910.12	-0.0070300	undefined	undefined	liquid
22.260	25.362	166.79	0.0059954	-0.033699	-0.029476	-1.3721	17.040	27.926	910.12	-0.0070300	undefined	undefined	liquid
22.260	25.366	166.79	0.0059954	-0.033700	-0.029476	-1.3721	17.040	27.926	910.12	-0.0070300	undefined	undefined	liquid
22.260	25.370	166.79	0.0059954	-0.033700	-0.029475	-1.3721	17.040	27.926	910.12	-0.0070300	undefined	undefined	liquid
22.260	25.374	166.79	0.0059954	-0.033700	-0.029475	-1.3722	17.040	27.926	910.12	-0.0070300	undefined	undefined	liquid
22.260	25.379	166.79	0.0059954	-0.033700	-0.029474	-1.3722	17.040	27.926	910.12	-0.0070300	undefined	undefined	liquid
22.260	25.383	166.79	0.0059954	-0.033701	-0.029474	-1.3722	17.040	27.926	910.12	-0.0070300	undefined	undefined	liquid
22.260	25.387	166.79	0.0059954	-0.033701	-0.029474	-1.3722	17.040	27.926	910.12	-0.0070300	undefined	undefined	liquid
22.260	25.391	166.79	0.0059954	-0.033701	-0.029473	-1.3722	17.040	27.926	910.12	-0.0070301	undefined	undefined	liquid
22.260	25.395	166.79	0.0059954	-0.033701	-0.029473	-1.3722	17.040	27.926	910.12	-0.0070301	undefined	undefined	liquid
22.260	25.400	166.79	0.0059954	-0.033702	-0.029472	-1.3722	17.040	27.926	910.12	-0.0070301	undefined	undefined	liquid
22.260	25.404	166.79	0.0059954	-0.033702	-0.029472	-1.3722	17.040	27.926	910.13	-0.0070301	undefined	undefined	liquid
22.260	25.408	166.79	0.0059954	-0.033702	-0.029471	-1.3722	17.040	27.926	910.13	-0.0070301	undefined	undefined	liquid
22.260	25.412	166.79	0.0059954	-0.033702	-0.029471	-1.3723	17.040	27.926	910.13	-0.0070301	undefined	undefined	liquid
22.260	25.416	166.79	0.0059954	-0.033703	-0.029470	-1.3723	17.040	27.926	910.13	-0.0070301	undefined	undefined	liquid
22.260	25.421	166.79	0.0059954	-0.033703	-0.029470	-1.3723	17.040	27.926	910.13	-0.0070302	undefined	undefined	liquid
22.260	25.425	166.79	0.0059954	-0.033703	-0.029469	-1.3723	17.040	27.926	910.13	-0.0070302	undefined	undefined	liquid
22.260	25.429	166.79	0.0059954	-0.033703	-0.029469	-1.3723	17.040	27.926	910.13	-0.0070302	undefined	undefined	liquid
22.260	25.433	166.79	0.0059954	-0.033704	-0.029469	-1.3723	17.040	27.926	910.13	-0.0070302	undefined	undefined	liquid
22.260	25.437	166.79	0.0059954	-0.033704	-0.029468	-1.3723	17.040	27.926	910.13	-0.0070302	undefined	undefined	liquid
22.260	25.442	166.79	0.0059954	-0.033704	-0.029468	-1.3723	17.040	27.926	910.13	-0.0070302	undefined	undefined	liquid
22.260	25.446	166.79	0.0059954	-0.033704	-0.029467	-1.3723	17.040	27.926	910.13	-0.0070302	undefined	undefined	liquid
22.260	25.450	166.79	0.0059954	-0.033704	-0.029467	-1.3724	17.040	27.926	910.13	-0.0070302	undefined	undefined	liquid
22.260	25.454	166.79	0.0059954	-0.033705	-0.029466	-1.3724	17.040	27.926	910.13	-0.0070303	undefined	undefined	liquid
22.260	25.458	166.79	0.0059954	-0.033705	-0.029466	-1.3724	17.040	27.926	910.13	-0.0070303	undefined	undefined	liquid
22.260	25.463	166.79	0.0059954	-0.033705	-0.029465	-1.3724	17.040	27.925	910.13	-0.0070303	undefined	undefined	liquid
22.260	25.467	166.79	0.0059954	-0.033705	-0.029465	-1.3724	17.040	27.925	910.13	-0.0070303	undefined	undefined	liquid
22.260	25.471	166.79	0.0059954	-0.033706	-0.029464	-1.3724	17.040	27.925	910.13	-0.0070303	undefined	undefined	liquid
22.260	25.475	166.79	0.0059954	-0.033706	-0.029464	-1.3724	17.040	27.925	910.13	-0.0070303	undefined	undefined	liquid
22.260	25.479	166.79	0.0059954	-0.033706	-0.029463	-1.3724	17.040	27.925	910.13	-0.0070303	undefined	undefined	liquid
22.260	25.484	166.79	0.0059954	-0.033706	-0.029463	-1.3724	17.040	27.925	910.14	-0.0070303	undefined	undefined	liquid
22.260	25.488	166.79	0.0059954	-0.033707	-0.029463	-1.3725	17.040	27.925	910.14	-0.0070304	undefined	undefined	liquid
22.260	25.492	166.79	0.0059954	-0.033707	-0.029462	-1.3725	17.040	27.925	910.14	-0.0070304	undefined	undefined	liquid
22.260	25.496	166.80	0.0059954	-0.033707	-0.029462	-1.3725	17.040	27.925	910.14	-0.0070304	undefined	undefined	liquid
22.260	25.500	166.80	0.0059954	-0.033707	-0.029461	-1.3725	17.040	27.925	910.14	-0.0070304	undefined	undefined	liquid
22.260	25.505	166.80	0.0059954	-0.033708	-0.029461	-1.3725	17.040	27.925	910.14	-0.0070304	undefined	undefined	liquid
22.260	25.509	166.80	0.0059954	-0.033708	-0.029460	-1.3725	17.040	27.925	910.14	-0.0070304	undefined	undefined	liquid
22.260	25.513	166.80	0.0059954	-0.033708	-0.029460	-1.3725	17.040	27.925	910.14	-0.0070304	undefined	undefined	liquid
22.260	25.517	166.80	0.0059954	-0.033708	-0.029459	-1.3725	17.040	27.925	910.14	-0.0070305	undefined	undefined	liquid
22.260	25.521	166.80	0.0059954	-0.033709	-0.029459	-1.3725	17.040	27.925	910.14	-0.0070305	undefined	undefined	liquid
22.260	25.526	166.80	0.0059954	-0.033709	-0.029458	-1.3725	17.040	27.925	910.14	-0.0070305	undefined	undefined	liquid
22.260	25.530	166.80	0.0059954	-0.033709	-0.029458	-1.3726	17.040	27.925	910.14	-0.0070305	undefined	undefined	liquid
22.260	25.534	166.80	0.0059954	-0.033709	-0.029458	-1.3726	17.040	27.925	910.14	-0.0070305	undefined	undefined	liquid
22.260	25.538	166.80	0.0059954	-0.033709	-0.029457	-1.3726	17.040	27.925	910.14	-0.0070305	undefined	undefined	liquid
22.260	25.542	166.80	0.0059954	-0.033710	-0.029457	-1.3726	17.040	27.925	910.14	-0.0070305	undefined	undefined	liquid
22.260	25.547	166.80	0.0059954	-0.033710	-0.029456	-1.3726	17.040	27.925	910.14	-0.0070305	undefined	undefined	liquid
22.260	25.551	166.80	0.0059954	-0.033710	-0.029456	-1.3726	17.040	27.925	910.14	-0.0070306	undefined	undefined	liquid
22.260	25.555	166.80	0.0059954	-0.033710	-0.029455	-1.3726	17.040	27.925	910.14	-0.0070306	undefined	undefined	liquid
22.260	25.559	166.80	0.0059954	-0.033711	-0.029455	-1.3726	17.040	27.925	910.14	-0.0070306	undefined	undefined	liquid
22.260	25.563	166.80	0.0059954	-0.033711	-0.029454	-1.3726	17.040	27.925	910.15	-0.0070306	undefined	undefined	liquid
22.260	25.568	166.80	0.0059953	-0.033711	-0.029454	-1.3727	17.040	27.925	910.15	-0.0070306	undefined	undefined	liquid
22.260	25.572	166.80	0.0059953	-0.033711	-0.029453	-1.3727	17.040	27.925	910.15	-0.0070306	undefined	undefined	liquid
22.260	25.576	166.80	0.0059953	-0.033712	-0.029453	-1.3727	17.040	27.925	910.15	-0.0070306	undefined	undefined	liquid
22.260	25.580	166.80	0.0059953	-0.033712	-0.029453	-1.3727	17.040	27.925	910.15	-0.0070307	undefined	undefined	liquid
22.260	25.584	166.80	0.0059953	-0.033712	-0.029452	-1.3727	17.040	27.925	910.15	-0.0070307	undefined	undefined	liquid
22.260	25.589	166.80	0.0059953	-0.033712	-0.029452	-1.3727	17.040	27.925	910.15	-0.0070307	undefined	undefined	liquid
22.260	25.593	166.80	0.0059953	-0.033713	-0.029451	-1.3727	17.040	27.925	910.15	-0.0070307	undefined	undefined	liquid
22.260	25.597	166.80	0.0059953	-0.033713	-0.029451	-1.3727	17.040	27.925	910.15	-0.0070307	undefined	undefined	liquid
22.260	25.601	166.80	0.0059953	-0.033713	-0.029450	-1.3727	17.040	27.925	910.15	-0.0070307	undefined	undefined	liquid
22.260	25.605	166.80	0.0059953	-0.033713	-0.029450	-1.3728	17.040	27.925	910.15	-0.0070307	undefined	undefined	liquid
22.260	25.610	166.80	0.0059953	-0.033714	-0.029449	-1.3728	17.040	27.925	910.15	-0.0070307	undefined	undefined	liquid
22.260	25.614	166.80	0.0059953	-0.033714	-0.029449	-1.3728	17.040	27.925	910.15	-0.0070308	undefined	undefined	liquid
22.260	25.618	166.80	0.0059953	-0.033714	-0.029448	-1.3728	17.040	27.925	910.15	-0.0070308	undefined	undefined	liquid
22.260	25.622	166.80	0.0059953	-0.033714	-0.029448	-1.3728	17.040	27.925	910.15	-0.0070308	undefined	undefined	liquid
22.260	25.626	166.80	0.0059953	-0.033715	-0.029447	-1.3728	17.040	27.925	910.15	-0.0070308	undefined	undefined	liquid
22.260	25.631	166.80	0.0059953	-0.033715	-0.029447	-1.3728	17.040	27.925	910.15	-0.0070308	undefined	undefined	liquid
22.260	25.635	166.80	0.0059953	-0.033715	-0.029447	-1.3728	17.040	27.925	910.15	-0.0070308	undefined	undefined	liquid
22.260	25.639	166.80	0.0059953	-0.033715	-0.029446	-1.3728	17.040	27.925	910.15	-0.0070308	undefined	undefined	liquid
22.260	25.643	166.80	0.0059953	-0.033715	-0.029446	-1.3729	17.040	27.924	910.16	-0.0070308	undefined	undefined	liquid
22.260	25.647	166.80	0.0059953	-0.033716	-0.029445	-1.3729	17.040	27.924	910.16	-0.0070309	undefined	undefined	liquid
22.260	25.652	166.80	0.0059953	-0.033716	-0.029445	-1.3729	17.040	27.924	910.16	-0.0070309	undefined	undefined	liquid
22.260	25.656	166.80	0.0059953	-0.033716	-0.029444	-1.3729	17.040	27.924	910.16	-0.0070309	undefined	undefined	liquid
22.260	25.660	166.80	0.0059953	-0.033716	-0.029444	-1.3729	17.040	27.924	910.16	-0.0070309	undefined	undefined	liquid
22.260	25.664	166.80	0.0059953	-0.033717	-0.029443	-1.3729	17.040	27.924	910.16	-0.0070309	undefined	undefined	liquid
22.260	25.668	166.80	0.0059953	-0.033717	-0.029443	-1.3729	17.040	27.924	910.16	-0.0070309	undefined	undefined	liquid
22.260	25.673	166.80	0.0059953	-0.033717	-0.029442	-1.3729	17.040	27.924	910.16	-0.0070309	undefined	undefined	liquid
22.260	25.677	166.80	0.0059953	-0.033717	-0.029442	-1.3729	17.040	27.924	910.16	-0.0070310	undefined	undefined	liquid
22.260	25.681	166.80	0.0059953	-0.033718	-0.029442	-1.3730	17.040	27.924	910.16	-0.0070310	undefined	undefined	liquid
22.260	25.685	166.80	0.0059953	-0.033718	-0.029441	-1.3730	17.040	27.924	910.16	-0.0070310	undefined	undefined	liquid
22.260	25.689	166.80	0.0059953	-0.033718	-0.029441	-1.3730	17.040	27.924	910.16	-0.0070310	undefined	undefined	liquid
22.260	25.694	166.80	0.0059953	-0.033718	-0.029440	-1.3730	17.040	27.924	910.16	-0.0070310	undefined	undefined	liquid
22.260	25.698	166.80	0.0059953	-0.033719	-0.029440	-1.3730	17.040	27.924	910.16	-0.0070310	undefined	undefined	liquid
22.260	25.702	166.80	0.0059953	-0.033719	-0.029439	-1.3730	17.040	27.924	910.16	-0.0070310	undefined	undefined	liquid
22.260	25.706	166.80	0.0059953	-0.033719	-0.029439	-1.3730	17.040	27.924	910.16	-0.0070310	undefined	undefined	liquid
22.260	25.710	166.80	0.0059953	-0.033719	-0.029438	-1.3730	17.040	27.924	910.16	-0.0070311	undefined	undefined	liquid
22.260	25.715	166.80	0.0059953	-0.033720	-0.029438	-1.3730	17.040	27.924	910.16	-0.0070311	undefined	undefined	liquid
22.260	25.719	166.80	0.0059953	-0.033720	-0.029437	-1.3730	17.040	27.924	910.16	-0.0070311	undefined	undefined	liquid
22.260	25.723	166.80	0.0059953	-0.033720	-0.029437	-1.3731	17.040	27.924	910.17	-0.0070311	undefined	undefined	liquid
22.260	25.727	166.80	0.0059953	-0.033720	-0.029436	-1.3731	17.040	27.924	910.17	-0.0070311	undefined	undefined	liquid
22.260	25.731	166.80	0.0059953	-0.033721	-0.029436	-1.3731	17.040	27.924	910.17	-0.0070311	undefined	undefined	liquid
22.260	25.736	166.80	0.0059953	-0.033721	-0.029436	-1.3731	17.040	27.924	910.17	-0.0070311	undefined	undefined	liquid
22.260	25.740	166.80	0.0059953	-0.033721	-0.029435	-1.3731	17.040	27.924	910.17	-0.0070311	undefined	undefined	liquid
22.260	25.744	166.80	0.0059953	-0.033721	-0.029435	-1.3731	17.040	27.924	910.17	-0.0070312	undefined	undefined	liquid
22.260	25.748	166.80	0.0059953	-0.033721	-0.029434	-1.3731	17.040	27.924	910.17	-0.0070312	undefined	undefined	liquid
22.260	25.752	166.80	0.0059953	-0.033722	-0.029434	-1.3731	17.040	27.924	910.17	-0.0070312	undefined	undefined	liquid
22.260	25.757	166.80	0.0059953	-0.033722	-0.029433	-1.3731	17.040	27.924	910.17	-0.0070312	undefined	undefined	liquid
22.260	25.761	166.80	0.0059953	-0.033722	-0.029433	-1.3732	17.040	27.924	910.17	-0.0070312	undefined	undefined	liquid
22.260	25.765	166.80	0.0059953	-0.033722	-0.029432	-1.3732	17.040	27.924	910.17	-0.0070312	undefined	undefined	liquid
22.260	25.769	166.80	0.0059952	-0.033723	-0.029432	-1.3732	17.040	27.924	910.17	-0.0070312	undefined	undefined	liquid
22.260	25.773	166.80	0.0059952	-0.033723	-0.029431	-1.3732	17.040	27.924	910.17	-0.0070313	undefined	undefined	liquid
22.260	25.778	166.80	0.0059952	-0.033723	-0.029431	-1.3732	17.040	27.924	910.17	-0.0070313	undefined	undefined	liquid
22.260	25.782	166.80	0.0059952	-0.033723	-0.029431	-1.3732	17.040	27.924	910.17	-0.0070313	undefined	undefined	liquid
22.260	25.786	166.80	0.0059952	-0.033724	-0.029430	-1.3732	17.040	27.924	910.17	-0.0070313	undefined	undefined	liquid
22.260	25.790	166.80	0.0059952	-0.033724	-0.029430	-1.3732	17.040	27.924	910.17	-0.0070313	undefined	undefined	liquid
22.260	25.794	166.80	0.0059952	-0.033724	-0.029429	-1.3732	17.040	27.924	910.17	-0.0070313	undefined	undefined	liquid
22.260	25.799	166.80	0.0059952	-0.033724	-0.029429	-1.3733	17.040	27.924	910.17	-0.0070313	undefined	undefined	liquid
22.260	25.803	166.80	0.0059952	-0.033725	-0.029428	-1.3733	17.040	27.924	910.17	-0.0070313	undefined	undefined	liquid
22.260	25.807	166.80	0.0059952	-0.033725	-0.029428	-1.3733	17.040	27.924	910.18	-0.0070314	undefined	undefined	liquid
22.260	25.811	166.80	0.0059952	-0.033725	-0.029427	-1.3733	17.040	27.924	910.18	-0.0070314	undefined	undefined	liquid
22.260	25.815	166.80	0.0059952	-0.033725	-0.029427	-1.3733	17.040	27.924	910.18	-0.0070314	undefined	undefined	liquid
22.260	25.820	166.80	0.0059952	-0.033726	-0.029426	-1.3733	17.040	27.923	910.18	-0.0070314	undefined	undefined	liquid
22.260	25.824	166.80	0.0059952	-0.033726	-0.029426	-1.3733	17.040	27.923	910.18	-0.0070314	undefined	undefined	liquid
22.260	25.828	166.80	0.0059952	-0.033726	-0.029425	-1.3733	17.040	27.923	910.18	-0.0070314	undefined	undefined	liquid
22.260	25.832	166.80	0.0059952	-0.033726	-0.029425	-1.3733	17.040	27.923	910.18	-0.0070314	undefined	undefined	liquid
22.260	25.836	166.80	0.0059952	-0.033727	-0.029425	-1.3734	17.040	27.923	910.18	-0.0070315	undefined	undefined	liquid
22.260	25.841	166.80	0.0059952	-0.033727	-0.029424	-1.3734	17.040	27.923	910.18	-0.0070315	undefined	undefined	liquid
22.260	25.845	166.80	0.0059952	-0.033727	-0.029424	-1.3734	17.041	27.923	910.18	-0.0070315	undefined	undefined	liquid
22.260	25.849	166.80	0.0059952	-0.033727	-0.029423	-1.3734	17.041	27.923	910.18	-0.0070315	undefined	undefined	liquid
22.260	25.853	166.80	0.0059952	-0.033727	-0.029423	-1.3734	17.041	27.923	910.18	-0.0070315	undefined	undefined	liquid
22.260	25.857	166.80	0.0059952	-0.033728	-0.029422	-1.3734	17.041	27.923	910.18	-0.0070315	undefined	undefined	liquid
22.260	25.862	166.80	0.0059952	-0.033728	-0.029422	-1.3734	17.041	27.923	910.18	-0.0070315	undefined	undefined	liquid
22.260	25.866	166.80	0.0059952	-0.033728	-0.029421	-1.3734	17.041	27.923	910.18	-0.0070315	undefined	undefined	liquid
22.260	25.870	166.80	0.0059952	-0.033728	-0.029421	-1.3734	17.041	27.923	910.18	-0.0070316	undefined	undefined	liquid
22.260	25.874	166.80	0.0059952	-0.033729	-0.029420	-1.3734	17.041	27.923	910.18	-0.0070316	undefined	undefined	liquid
22.260	25.878	166.80	0.0059952	-0.033729	-0.029420	-1.3735	17.041	27.923	910.18	-0.0070316	undefined	undefined	liquid
22.260	25.883	166.80	0.0059952	-0.033729	-0.029420	-1.3735	17.041	27.923	910.18	-0.0070316	undefined	undefined	liquid
22.260	25.887	166.80	0.0059952	-0.033729	-0.029419	-1.3735	17.041	27.923	910.19	-0.0070316	undefined	undefined	liquid
22.260	25.891	166.80	0.0059952	-0.033730	-0.029419	-1.3735	17.041	27.923	910.19	-0.0070316	undefined	undefined	liquid
22.260	25.895	166.80	0.0059952	-0.033730	-0.029418	-1.3735	17.041	27.923	910.19	-0.0070316	undefined	undefined	liquid
22.260	25.899	166.80	0.0059952	-0.033730	-0.029418	-1.3735	17.041	27.923	910.19	-0.0070316	undefined	undefined	liquid
22.260	25.904	166.80	0.0059952	-0.033730	-0.029417	-1.3735	17.041	27.923	910.19	-0.0070317	undefined	undefined	liquid
22.260	25.908	166.80	0.0059952	-0.033731	-0.029417	-1.3735	17.041	27.923	910.19	-0.0070317	undefined	undefined	liquid
22.260	25.912	166.80	0.0059952	-0.033731	-0.029416	-1.3735	17.041	27.923	910.19	-0.0070317	undefined	undefined	liquid
22.260	25.916	166.80	0.0059952	-0.033731	-0.029416	-1.3736	17.041	27.923	910.19	-0.0070317	undefined	undefined	liquid
22.260	25.920	166.80	0.0059952	-0.033731	-0.029415	-1.3736	17.041	27.923	910.19	-0.0070317	undefined	undefined	liquid
22.260	25.925	166.80	0.0059952	-0.033732	-0.029415	-1.3736	17.041	27.923	910.19	-0.0070317	undefined	undefined	liquid
22.260	25.929	166.80	0.0059952	-0.033732	-0.029414	-1.3736	17.041	27.923	910.19	-0.0070317	undefined	undefined	liquid
22.260	25.933	166.80	0.0059952	-0.033732	-0.029414	-1.3736	17.041	27.923	910.19	-0.0070318	undefined	undefined	liquid
22.260	25.937	166.80	0.0059952	-0.033732	-0.029414	-1.3736	17.041	27.923	910.19	-0.0070318	undefined	undefined	liquid
22.260	25.941	166.80	0.0059952	-0.033733	-0.029413	-1.3736	17.041	27.923	910.19	-0.0070318	undefined	undefined	liquid
22.260	25.946	166.80	0.0059952	-0.033733	-0.029413	-1.3736	17.041	27.923	910.19	-0.0070318	undefined	undefined	liquid
22.260	25.950	166.80	0.0059952	-0.033733	-0.029412	-1.3736	17.041	27.923	910.19	-0.0070318	undefined	undefined	liquid
22.260	25.954	166.80	0.0059952	-0.033733	-0.029412	-1.3737	17.041	27.923	910.19	-0.0070318	undefined	undefined	liquid
22.260	25.958	166.80	0.0059952	-0.033733	-0.029411	-1.3737	17.041	27.923	910.19	-0.0070318	undefined	undefined	liquid
22.260	25.962	166.80	0.0059952	-0.033734	-0.029411	-1.3737	17.041	27.923	910.19	-0.0070318	undefined	undefined	liquid
22.260	25.967	166.80	0.0059952	-0.033734	-0.029410	-1.3737	17.041	27.923	910.20	-0.0070319	undefined	undefined	liquid
22.260	25.971	166.80	0.0059952	-0.033734	-0.029410	-1.3737	17.041	27.923	910.20	-0.0070319	undefined	undefined	liquid
22.260	25.975	166.80	0.0059951	-0.033734	-0.029409	-1.3737	17.041	27.923	910.20	-0.0070319	undefined	undefined	liquid
22.260	25.979	166.80	0.0059951	-0.033735	-0.029409	-1.3737	17.041	27.923	910.20	-0.0070319	undefined	undefined	liquid
22.260	25.983	166.80	0.0059951	-0.033735	-0.029409	-1.3737	17.041	27.923	910.20	-0.0070319	undefined	undefined	liquid
22.260	25.988	166.80	0.0059951	-0.033735	-0.029408	-1.3737	17.041	27.923	910.20	-0.0070319	undefined	undefined	liquid
22.260	25.992	166.80	0.0059951	-0.033735	-0.029408	-1.3738	17.041	27.923	910.20	-0.0070319	undefined	undefined	liquid
22.260	25.996	166.80	0.0059951	-0.033736	-0.029407	-1.3738	17.041	27.923	910.20	-0.0070320	undefined	undefined	liquid
22.260	26.000	166.80	0.0059951	-0.033736	-0.029407	-1.3738	17.041	27.922	910.20	-0.0070320	undefined	undefined	liquid
22.260	26.004	166.80	0.0059951	-0.033736	-0.029406	-1.3738	17.041	27.922	910.20	-0.0070320	undefined	undefined	liquid
22.260	26.009	166.80	0.0059951	-0.033736	-0.029406	-1.3738	17.041	27.922	910.20	-0.0070320	undefined	undefined	liquid
22.260	26.013	166.80	0.0059951	-0.033737	-0.029405	-1.3738	17.041	27.922	910.20	-0.0070320	undefined	undefined	liquid
22.260	26.017	166.80	0.0059951	-0.033737	-0.029405	-1.3738	17.041	27.922	910.20	-0.0070320	undefined	undefined	liquid
22.260	26.021	166.80	0.0059951	-0.033737	-0.029404	-1.3738	17.041	27.922	910.20	-0.0070320	undefined	undefined	liquid
22.260	26.025	166.80	0.0059951	-0.033737	-0.029404	-1.3738	17.041	27.922	910.20	-0.0070320	undefined	undefined	liquid
22.260	26.030	166.80	0.0059951	-0.033738	-0.029403	-1.3738	17.041	27.922	910.20	-0.0070321	undefined	undefined	liquid
22.260	26.034	166.80	0.0059951	-0.033738	-0.029403	-1.3739	17.041	27.922	910.20	-0.0070321	undefined	undefined	liquid
22.260	26.038	166.80	0.0059951	-0.033738	-0.029403	-1.3739	17.041	27.922	910.20	-0.0070321	undefined	undefined	liquid
22.260	26.042	166.80	0.0059951	-0.033738	-0.029402	-1.3739	17.041	27.922	910.20	-0.0070321	undefined	undefined	liquid
22.260	26.046	166.80	0.0059951	-0.033739	-0.029402	-1.3739	17.041	27.922	910.21	-0.0070321	undefined	undefined	liquid
22.260	26.051	166.80	0.0059951	-0.033739	-0.029401	-1.3739	17.041	27.922	910.21	-0.0070321	undefined	undefined	liquid
22.260	26.055	166.80	0.0059951	-0.033739	-0.029401	-1.3739	17.041	27.922	910.21	-0.0070321	undefined	undefined	liquid
22.260	26.059	166.80	0.0059951	-0.033739	-0.029400	-1.3739	17.041	27.922	910.21	-0.0070321	undefined	undefined	liquid
22.260	26.063	166.80	0.0059951	-0.033739	-0.029400	-1.3739	17.041	27.922	910.21	-0.0070322	undefined	undefined	liquid
22.260	26.067	166.80	0.0059951	-0.033740	-0.029399	-1.3739	17.041	27.922	910.21	-0.0070322	undefined	undefined	liquid
22.260	26.072	166.80	0.0059951	-0.033740	-0.029399	-1.3740	17.041	27.922	910.21	-0.0070322	undefined	undefined	liquid
22.260	26.076	166.80	0.0059951	-0.033740	-0.029398	-1.3740	17.041	27.922	910.21	-0.0070322	undefined	undefined	liquid
22.260	26.080	166.80	0.0059951	-0.033740	-0.029398	-1.3740	17.041	27.922	910.21	-0.0070322	undefined	undefined	liquid
22.260	26.084	166.80	0.0059951	-0.033741	-0.029398	-1.3740	17.041	27.922	910.21	-0.0070322	undefined	undefined	liquid
22.260	26.088	166.80	0.0059951	-0.033741	-0.029397	-1.3740	17.041	27.922	910.21	-0.0070322	undefined	undefined	liquid
22.260	26.093	166.80	0.0059951	-0.033741	-0.029397	-1.3740	17.041	27.922	910.21	-0.0070323	undefined	undefined	liquid
22.260	26.097	166.80	0.0059951	-0.033741	-0.029396	-1.3740	17.041	27.922	910.21	-0.0070323	undefined	undefined	liquid
22.260	26.101	166.80	0.0059951	-0.033742	-0.029396	-1.3740	17.041	27.922	910.21	-0.0070323	undefined	undefined	liquid
22.260	26.105	166.80	0.0059951	-0.033742	-0.029395	-1.3740	17.041	27.922	910.21	-0.0070323	undefined	undefined	liquid
22.260	26.109	166.80	0.0059951	-0.033742	-0.029395	-1.3741	17.041	27.922	910.21	-0.0070323	undefined	undefined	liquid
22.260	26.114	166.80	0.0059951	-0.033742	-0.029394	-1.3741	17.041	27.922	910.21	-0.0070323	undefined	undefined	liquid
22.260	26.118	166.80	0.0059951	-0.033743	-0.029394	-1.3741	17.041	27.922	910.21	-0.0070323	undefined	undefined	liquid
22.260	26.122	166.80	0.0059951	-0.033743	-0.029393	-1.3741	17.041	27.922	910.21	-0.0070323	undefined	undefined	liquid
22.260	26.126	166.80	0.0059951	-0.033743	-0.029393	-1.3741	17.041	27.922	910.22	-0.0070324	undefined	undefined	liquid
22.260	26.130	166.80	0.0059951	-0.033743	-0.029392	-1.3741	17.041	27.922	910.22	-0.0070324	undefined	undefined	liquid
22.260	26.135	166.80	0.0059951	-0.033744	-0.029392	-1.3741	17.041	27.922	910.22	-0.0070324	undefined	undefined	liquid
22.260	26.139	166.80	0.0059951	-0.033744	-0.029392	-1.3741	17.041	27.922	910.22	-0.0070324	undefined	undefined	liquid
22.260	26.143	166.80	0.0059951	-0.033744	-0.029391	-1.3741	17.041	27.922	910.22	-0.0070324	undefined	undefined	liquid
22.260	26.147	166.80	0.0059951	-0.033744	-0.029391	-1.3742	17.041	27.922	910.22	-0.0070324	undefined	undefined	liquid
22.260	26.151	166.80	0.0059951	-0.033744	-0.029390	-1.3742	17.041	27.922	910.22	-0.0070324	undefined	undefined	liquid
22.260	26.156	166.80	0.0059951	-0.033745	-0.029390	-1.3742	17.041	27.922	910.22	-0.0070324	undefined	undefined	liquid
22.260	26.160	166.80	0.0059951	-0.033745	-0.029389	-1.3742	17.041	27.922	910.22	-0.0070325	undefined	undefined	liquid
22.260	26.164	166.80	0.0059951	-0.033745	-0.029389	-1.3742	17.041	27.922	910.22	-0.0070325	undefined	undefined	liquid
22.260	26.168	166.80	0.0059951	-0.033745	-0.029388	-1.3742	17.041	27.922	910.22	-0.0070325	undefined	undefined	liquid
22.260	26.172	166.80	0.0059951	-0.033746	-0.029388	-1.3742	17.041	27.922	910.22	-0.0070325	undefined	undefined	liquid
22.260	26.177	166.80	0.0059950	-0.033746	-0.029387	-1.3742	17.041	27.922	910.22	-0.0070325	undefined	undefined	liquid
22.260	26.181	166.80	0.0059950	-0.033746	-0.029387	-1.3742	17.041	27.921	910.22	-0.0070325	undefined	undefined	liquid
22.260	26.185	166.80	0.0059950	-0.033746	-0.029387	-1.3743	17.041	27.921	910.22	-0.0070325	undefined	undefined	liquid
22.260	26.189	166.80	0.0059950	-0.033747	-0.029386	-1.3743	17.041	27.921	910.22	-0.0070326	undefined	undefined	liquid
22.260	26.193	166.80	0.0059950	-0.033747	-0.029386	-1.3743	17.041	27.921	910.22	-0.0070326	undefined	undefined	liquid
22.260	26.198	166.80	0.0059950	-0.033747	-0.029385	-1.3743	17.041	27.921	910.22	-0.0070326	undefined	undefined	liquid
22.260	26.202	166.80	0.0059950	-0.033747	-0.029385	-1.3743	17.041	27.921	910.22	-0.0070326	undefined	undefined	liquid
22.260	26.206	166.80	0.0059950	-0.033748	-0.029384	-1.3743	17.041	27.921	910.23	-0.0070326	undefined	undefined	liquid
22.260	26.210	166.80	0.0059950	-0.033748	-0.029384	-1.3743	17.041	27.921	910.23	-0.0070326	undefined	undefined	liquid
22.260	26.214	166.80	0.0059950	-0.033748	-0.029383	-1.3743	17.041	27.921	910.23	-0.0070326	undefined	undefined	liquid
22.260	26.219	166.80	0.0059950	-0.033748	-0.029383	-1.3743	17.041	27.921	910.23	-0.0070326	undefined	undefined	liquid
22.260	26.223	166.80	0.0059950	-0.033749	-0.029382	-1.3743	17.041	27.921	910.23	-0.0070327	undefined	undefined	liquid
22.260	26.227	166.80	0.0059950	-0.033749	-0.029382	-1.3744	17.041	27.921	910.23	-0.0070327	undefined	undefined	liquid
22.260	26.231	166.81	0.0059950	-0.033749	-0.029381	-1.3744	17.041	27.921	910.23	-0.0070327	undefined	undefined	liquid
22.260	26.235	166.81	0.0059950	-0.033749	-0.029381	-1.3744	17.041	27.921	910.23	-0.0070327	undefined	undefined	liquid
22.260	26.240	166.81	0.0059950	-0.033750	-0.029381	-1.3744	17.041	27.921	910.23	-0.0070327	undefined	undefined	liquid
22.260	26.244	166.81	0.0059950	-0.033750	-0.029380	-1.3744	17.041	27.921	910.23	-0.0070327	undefined	undefined	liquid
22.260	26.248	166.81	0.0059950	-0.033750	-0.029380	-1.3744	17.041	27.921	910.23	-0.0070327	undefined	undefined	liquid
22.260	26.252	166.81	0.0059950	-0.033750	-0.029379	-1.3744	17.041	27.921	910.23	-0.0070328	undefined	undefined	liquid
22.260	26.256	166.81	0.0059950	-0.033750	-0.029379	-1.3744	17.041	27.921	910.23	-0.0070328	undefined	undefined	liquid
22.260	26.261	166.81	0.0059950	-0.033751	-0.029378	-1.3744	17.041	27.921	910.23	-0.0070328	undefined	undefined	liquid
22.260	26.265	166.81	0.0059950	-0.033751	-0.029378	-1.3745	17.041	27.921	910.23	-0.0070328	undefined	undefined	liquid
22.260	26.269	166.81	0.0059950	-0.033751	-0.029377	-1.3745	17.041	27.921	910.23	-0.0070328	undefined	undefined	liquid
22.260	26.273	166.81	0.0059950	-0.033751	-0.029377	-1.3745	17.041	27.921	910.23	-0.0070328	undefined	undefined	liquid
22.260	26.277	166.81	0.0059950	-0.033752	-0.029376	-1.3745	17.041	27.921	910.23	-0.0070328	undefined	undefined	liquid
22.260	26.282	166.81	0.0059950	-0.033752	-0.029376	-1.3745	17.041	27.921	910.23	-0.0070328	undefined	undefined	liquid
22.260	26.286	166.81	0.0059950	-0.033752	-0.029376	-1.3745	17.041	27.921	910.24	-0.0070329	undefined	undefined	liquid
22.260	26.290	166.81	0.0059950	-0.033752	-0.029375	-1.3745	17.041	27.921	910.24	-0.0070329	undefined	undefined	liquid
22.260	26.294	166.81	0.0059950	-0.033753	-0.029375	-1.3745	17.041	27.921	910.24	-0.0070329	undefined	undefined	liquid
22.260	26.298	166.81	0.0059950	-0.033753	-0.029374	-1.3745	17.041	27.921	910.24	-0.0070329	undefined	undefined	liquid
22.260	26.303	166.81	0.0059950	-0.033753	-0.029374	-1.3746	17.041	27.921	910.24	-0.0070329	undefined	undefined	liquid
22.260	26.307	166.81	0.0059950	-0.033753	-0.029373	-1.3746	17.041	27.921	910.24	-0.0070329	undefined	undefined	liquid
22.260	26.311	166.81	0.0059950	-0.033754	-0.029373	-1.3746	17.041	27.921	910.24	-0.0070329	undefined	undefined	liquid
22.260	26.315	166.81	0.0059950	-0.033754	-0.029372	-1.3746	17.041	27.921	910.24	-0.0070329	undefined	undefined	liquid
22.260	26.319	166.81	0.0059950	-0.033754	-0.029372	-1.3746	17.041	27.921	910.24	-0.0070330	undefined	undefined	liquid
22.260	26.324	166.81	0.0059950	-0.033754	-0.029371	-1.3746	17.041	27.921	910.24	-0.0070330	undefined	undefined	liquid
22.260	26.328	166.81	0.0059950	-0.033755	-0.029371	-1.3746	17.041	27.921	910.24	-0.0070330	undefined	undefined	liquid
22.260	26.332	166.81	0.0059950	-0.033755	-0.029370	-1.3746	17.041	27.921	910.24	-0.0070330	undefined	undefined	liquid
22.260	26.336	166.81	0.0059950	-0.033755	-0.029370	-1.3746	17.041	27.921	910.24	-0.0070330	undefined	undefined	liquid
22.260	26.340	166.81	0.0059950	-0.033755	-0.029370	-1.3747	17.041	27.921	910.24	-0.0070330	undefined	undefined	liquid
22.260	26.345	166.81	0.0059950	-0.033756	-0.029369	-1.3747	17.041	27.921	910.24	-0.0070330	undefined	undefined	liquid
22.260	26.349	166.81	0.0059950	-0.033756	-0.029369	-1.3747	17.041	27.921	910.24	-0.0070331	undefined	undefined	liquid
22.260	26.353	166.81	0.0059950	-0.033756	-0.029368	-1.3747	17.041	27.921	910.24	-0.0070331	undefined	undefined	liquid
22.260	26.357	166.81	0.0059950	-0.033756	-0.029368	-1.3747	17.041	27.920	910.24	-0.0070331	undefined	undefined	liquid
22.260	26.361	166.81	0.0059950	-0.033756	-0.029367	-1.3747	17.041	27.920	910.24	-0.0070331	undefined	undefined	liquid
22.260	26.366	166.81	0.0059950	-0.033757	-0.029367	-1.3747	17.041	27.920	910.25	-0.0070331	undefined	undefined	liquid
22.260	26.370	166.81	0.0059950	-0.033757	-0.029366	-1.3747	17.041	27.920	910.25	-0.0070331	undefined	undefined	liquid
22.260	26.374	166.81	0.0059950	-0.033757	-0.029366	-1.3747	17.041	27.920	910.25	-0.0070331	undefined	undefined	liquid
22.260	26.378	166.81	0.0059950	-0.033757	-0.029365	-1.3747	17.041	27.920	910.25	-0.0070331	undefined	undefined	liquid
22.260	26.382	166.81	0.0059949	-0.033758	-0.029365	-1.3748	17.041	27.920	910.25	-0.0070332	undefined	undefined	liquid
22.260	26.387	166.81	0.0059949	-0.033758	-0.029365	-1.3748	17.041	27.920	910.25	-0.0070332	undefined	undefined	liquid
22.260	26.391	166.81	0.0059949	-0.033758	-0.029364	-1.3748	17.041	27.920	910.25	-0.0070332	undefined	undefined	liquid
22.260	26.395	166.81	0.0059949	-0.033758	-0.029364	-1.3748	17.041	27.920	910.25	-0.0070332	undefined	undefined	liquid
22.260	26.399	166.81	0.0059949	-0.033759	-0.029363	-1.3748	17.041	27.920	910.25	-0.0070332	undefined	undefined	liquid
22.260	26.403	166.81	0.0059949	-0.033759	-0.029363	-1.3748	17.041	27.920	910.25	-0.0070332	undefined	undefined	liquid
22.260	26.408	166.81	0.0059949	-0.033759	-0.029362	-1.3748	17.041	27.920	910.25	-0.0070332	undefined	undefined	liquid
22.260	26.412	166.81	0.0059949	-0.033759	-0.029362	-1.3748	17.041	27.920	910.25	-0.0070333	undefined	undefined	liquid
22.260	26.416	166.81	0.0059949	-0.033760	-0.029361	-1.3748	17.041	27.920	910.25	-0.0070333	undefined	undefined	liquid
22.260	26.420	166.81	0.0059949	-0.033760	-0.029361	-1.3749	17.041	27.920	910.25	-0.0070333	undefined	undefined	liquid
22.260	26.424	166.81	0.0059949	-0.033760	-0.029360	-1.3749	17.041	27.920	910.25	-0.0070333	undefined	undefined	liquid
22.260	26.429	166.81	0.0059949	-0.033760	-0.029360	-1.3749	17.041	27.920	910.25	-0.0070333	undefined	undefined	liquid
22.260	26.433	166.81	0.0059949	-0.033761	-0.029359	-1.3749	17.041	27.920	910.25	-0.0070333	undefined	undefined	liquid
22.260	26.437	166.81	0.0059949	-0.033761	-0.029359	-1.3749	17.041	27.920	910.25	-0.0070333	undefined	undefined	liquid
22.260	26.441	166.81	0.0059949	-0.033761	-0.029359	-1.3749	17.041	27.920	910.25	-0.0070333	undefined	undefined	liquid
22.260	26.445	166.81	0.0059949	-0.033761	-0.029358	-1.3749	17.041	27.920	910.26	-0.0070334	undefined	undefined	liquid
22.260	26.450	166.81	0.0059949	-0.033762	-0.029358	-1.3749	17.042	27.920	910.26	-0.0070334	undefined	undefined	liquid
22.260	26.454	166.81	0.0059949	-0.033762	-0.029357	-1.3749	17.042	27.920	910.26	-0.0070334	undefined	undefined	liquid
22.260	26.458	166.81	0.0059949	-0.033762	-0.029357	-1.3750	17.042	27.920	910.26	-0.0070334	undefined	undefined	liquid
22.260	26.462	166.81	0.0059949	-0.033762	-0.029356	-1.3750	17.042	27.920	910.26	-0.0070334	undefined	undefined	liquid
22.260	26.466	166.81	0.0059949	-0.033762	-0.029356	-1.3750	17.042	27.920	910.26	-0.0070334	undefined	undefined	liquid
22.260	26.471	166.81	0.0059949	-0.033763	-0.029355	-1.3750	17.042	27.920	910.26	-0.0070334	undefined	undefined	liquid
22.260	26.475	166.81	0.0059949	-0.033763	-0.029355	-1.3750	17.042	27.920	910.26	-0.0070334	undefined	undefined	liquid
22.260	26.479	166.81	0.0059949	-0.033763	-0.029354	-1.3750	17.042	27.920	910.26	-0.0070335	undefined	undefined	liquid
22.260	26.483	166.81	0.0059949	-0.033763	-0.029354	-1.3750	17.042	27.920	910.26	-0.0070335	undefined	undefined	liquid
22.260	26.487	166.81	0.0059949	-0.033764	-0.029354	-1.3750	17.042	27.920	910.26	-0.0070335	undefined	undefined	liquid
22.260	26.492	166.81	0.0059949	-0.033764	-0.029353	-1.3750	17.042	27.920	910.26	-0.0070335	undefined	undefined	liquid
22.260	26.496	166.81	0.0059949	-0.033764	-0.029353	-1.3751	17.042	27.920	910.26	-0.0070335	undefined	undefined	liquid
22.260	26.500	166.81	0.0059949	-0.033764	-0.029352	-1.3751	17.042	27.920	910.26	-0.0070335	undefined	undefined	liquid
22.260	26.504	166.81	0.0059949	-0.033765	-0.029352	-1.3751	17.042	27.920	910.26	-0.0070335	undefined	undefined	liquid
22.260	26.508	166.81	0.0059949	-0.033765	-0.029351	-1.3751	17.042	27.920	910.26	-0.0070336	undefined	undefined	liquid
22.260	26.513	166.81	0.0059949	-0.033765	-0.029351	-1.3751	17.042	27.920	910.26	-0.0070336	undefined	undefined	liquid
22.260	26.517	166.81	0.0059949	-0.033765	-0.029350	-1.3751	17.042	27.920	910.26	-0.0070336	undefined	undefined	liquid
22.260	26.521	166.81	0.0059949	-0.033766	-0.029350	-1.3751	17.042	27.920	910.26	-0.0070336	undefined	undefined	liquid
22.260	26.525	166.81	0.0059949	-0.033766	-0.029349	-1.3751	17.042	27.920	910.27	-0.0070336	undefined	undefined	liquid
22.260	26.529	166.81	0.0059949	-0.033766	-0.029349	-1.3751	17.042	27.920	910.27	-0.0070336	undefined	undefined	liquid
22.260	26.534	166.81	0.0059949	-0.033766	-0.029348	-1.3751	17.042	27.920	910.27	-0.0070336	undefined	undefined	liquid
22.260	26.538	166.81	0.0059949	-0.033767	-0.029348	-1.3752	17.042	27.919	910.27	-0.0070336	undefined	undefined	liquid
22.260	26.542	166.81	0.0059949	-0.033767	-0.029348	-1.3752	17.042	27.919	910.27	-0.0070337	undefined	undefined	liquid
22.260	26.546	166.81	0.0059949	-0.033767	-0.029347	-1.3752	17.042	27.919	910.27	-0.0070337	undefined	undefined	liquid
22.260	26.550	166.81	0.0059949	-0.033767	-0.029347	-1.3752	17.042	27.919	910.27	-0.0070337	undefined	undefined	liquid
22.260	26.555	166.81	0.0059949	-0.033767	-0.029346	-1.3752	17.042	27.919	910.27	-0.0070337	undefined	undefined	liquid
22.260	26.559	166.81	0.0059949	-0.033768	-0.029346	-1.3752	17.042	27.919	910.27	-0.0070337	undefined	undefined	liquid
22.260	26.563	166.81	0.0059949	-0.033768	-0.029345	-1.3752	17.042	27.919	910.27	-0.0070337	undefined	undefined	liquid
22.260	26.567	166.81	0.0059949	-0.033768	-0.029345	-1.3752	17.042	27.919	910.27	-0.0070337	undefined	undefined	liquid
22.260	26.571	166.81	0.0059949	-0.033768	-0.029344	-1.3752	17.042	27.919	910.27	-0.0070337	undefined	undefined	liquid
22.260	26.576	166.81	0.0059949	-0.033769	-0.029344	-1.3753	17.042	27.919	910.27	-0.0070338	undefined	undefined	liquid
22.260	26.580	166.81	0.0059949	-0.033769	-0.029343	-1.3753	17.042	27.919	910.27	-0.0070338	undefined	undefined	liquid
22.260	26.584	166.81	0.0059949	-0.033769	-0.029343	-1.3753	17.042	27.919	910.27	-0.0070338	undefined	undefined	liquid
22.260	26.588	166.81	0.0059948	-0.033769	-0.029343	-1.3753	17.042	27.919	910.27	-0.0070338	undefined	undefined	liquid
22.260	26.592	166.81	0.0059948	-0.033770	-0.029342	-1.3753	17.042	27.919	910.27	-0.0070338	undefined	undefined	liquid
22.260	26.597	166.81	0.0059948	-0.033770	-0.029342	-1.3753	17.042	27.919	910.27	-0.0070338	undefined	undefined	liquid
22.260	26.601	166.81	0.0059948	-0.033770	-0.029341	-1.3753	17.042	27.919	910.27	-0.0070338	undefined	undefined	liquid
22.260	26.605	166.81	0.0059948	-0.033770	-0.029341	-1.3753	17.042	27.919	910.28	-0.0070339	undefined	undefined	liquid
22.260	26.609	166.81	0.0059948	-0.033771	-0.029340	-1.3753	17.042	27.919	910.28	-0.0070339	undefined	undefined	liquid
22.260	26.613	166.81	0.0059948	-0.033771	-0.029340	-1.3754	17.042	27.919	910.28	-0.0070339	undefined	undefined	liquid
22.260	26.618	166.81	0.0059948	-0.033771	-0.029339	-1.3754	17.042	27.919	910.28	-0.0070339	undefined	undefined	liquid
22.260	26.622	166.81	0.0059948	-0.033771	-0.029339	-1.3754	17.042	27.919	910.28	-0.0070339	undefined	undefined	liquid
22.260	26.626	166.81	0.0059948	-0.033772	-0.029338	-1.3754	17.042	27.919	910.28	-0.0070339	undefined	undefined	liquid
22.260	26.630	166.81	0.0059948	-0.033772	-0.029338	-1.3754	17.042	27.919	910.28	-0.0070339	undefined	undefined	liquid
22.260	26.634	166.81	0.0059948	-0.033772	-0.029338	-1.3754	17.042	27.919	910.28	-0.0070339	undefined	undefined	liquid
22.260	26.639	166.81	0.0059948	-0.033772	-0.029337	-1.3754	17.042	27.919	910.28	-0.0070340	undefined	undefined	liquid
22.260	26.643	166.81	0.0059948	-0.033773	-0.029337	-1.3754	17.042	27.919	910.28	-0.0070340	undefined	undefined	liquid
22.260	26.647	166.81	0.0059948	-0.033773	-0.029336	-1.3754	17.042	27.919	910.28	-0.0070340	undefined	undefined	liquid
22.260	26.651	166.81	0.0059948	-0.033773	-0.029336	-1.3755	17.042	27.919	910.28	-0.0070340	undefined	undefined	liquid
22.260	26.655	166.81	0.0059948	-0.033773	-0.029335	-1.3755	17.042	27.919	910.28	-0.0070340	undefined	undefined	liquid
22.260	26.660	166.81	0.0059948	-0.033773	-0.029335	-1.3755	17.042	27.919	910.28	-0.0070340	undefined	undefined	liquid
22.260	26.664	166.81	0.0059948	-0.033774	-0.029334	-1.3755	17.042	27.919	910.28	-0.0070340	undefined	undefined	liquid
22.260	26.668	166.81	0.0059948	-0.033774	-0.029334	-1.3755	17.042	27.919	910.28	-0.0070341	undefined	undefined	liquid
22.260	26.672	166.81	0.0059948	-0.033774	-0.029333	-1.3755	17.042	27.919	910.28	-0.0070341	undefined	undefined	liquid
22.260	26.676	166.81	0.0059948	-0.033774	-0.029333	-1.3755	17.042	27.919	910.28	-0.0070341	undefined	undefined	liquid
22.260	26.681	166.81	0.0059948	-0.033775	-0.029332	-1.3755	17.042	27.919	910.28	-0.0070341	undefined	undefined	liquid
22.260	26.685	166.81	0.0059948	-0.033775	-0.029332	-1.3755	17.042	27.919	910.29	-0.0070341	undefined	undefined	liquid
22.260	26.689	166.81	0.0059948	-0.033775	-0.029332	-1.3756	17.042	27.919	910.29	-0.0070341	undefined	undefined	liquid
22.260	26.693	166.81	0.0059948	-0.033775	-0.029331	-1.3756	17.042	27.919	910.29	-0.0070341	undefined	undefined	liquid
22.260	26.697	166.81	0.0059948	-0.033776	-0.029331	-1.3756	17.042	27.919	910.29	-0.0070341	undefined	undefined	liquid
22.260	26.702	166.81	0.0059948	-0.033776	-0.029330	-1.3756	17.042	27.919	910.29	-0.0070342	undefined	undefined	liquid
22.260	26.706	166.81	0.0059948	-0.033776	-0.029330	-1.3756	17.042	27.919	910.29	-0.0070342	undefined	undefined	liquid
22.260	26.710	166.81	0.0059948	-0.033776	-0.029329	-1.3756	17.042	27.919	910.29	-0.0070342	undefined	undefined	liquid
22.260	26.714	166.81	0.0059948	-0.033777	-0.029329	-1.3756	17.042	27.918	910.29	-0.0070342	undefined	undefined	liquid
22.260	26.718	166.81	0.0059948	-0.033777	-0.029328	-1.3756	17.042	27.918	910.29	-0.0070342	undefined	undefined	liquid
22.260	26.723	166.81	0.0059948	-0.033777	-0.029328	-1.3756	17.042	27.918	910.29	-0.0070342	undefined	undefined	liquid
22.260	26.727	166.81	0.0059948	-0.033777	-0.029327	-1.3756	17.042	27.918	910.29	-0.0070342	undefined	undefined	liquid
22.260	26.731	166.81	0.0059948	-0.033778	-0.029327	-1.3757	17.042	27.918	910.29	-0.0070342	undefined	undefined	liquid
22.260	26.735	166.81	0.0059948	-0.033778	-0.029327	-1.3757	17.042	27.918	910.29	-0.0070343	undefined	undefined	liquid
22.260	26.739	166.81	0.0059948	-0.033778	-0.029326	-1.3757	17.042	27.918	910.29	-0.0070343	undefined	undefined	liquid
22.260	26.744	166.81	0.0059948	-0.033778	-0.029326	-1.3757	17.042	27.918	910.29	-0.0070343	undefined	undefined	liquid
22.260	26.748	166.81	0.0059948	-0.033779	-0.029325	-1.3757	17.042	27.918	910.29	-0.0070343	undefined	undefined	liquid
22.260	26.752	166.81	0.0059948	-0.033779	-0.029325	-1.3757	17.042	27.918	910.29	-0.0070343	undefined	undefined	liquid
22.260	26.756	166.81	0.0059948	-0.033779	-0.029324	-1.3757	17.042	27.918	910.29	-0.0070343	undefined	undefined	liquid
22.260	26.760	166.81	0.0059948	-0.033779	-0.029324	-1.3757	17.042	27.918	910.30	-0.0070343	undefined	undefined	liquid
22.260	26.765	166.81	0.0059948	-0.033779	-0.029323	-1.3757	17.042	27.918	910.30	-0.0070344	undefined	undefined	liquid
22.260	26.769	166.81	0.0059948	-0.033780	-0.029323	-1.3758	17.042	27.918	910.30	-0.0070344	undefined	undefined	liquid
22.260	26.773	166.81	0.0059948	-0.033780	-0.029322	-1.3758	17.042	27.918	910.30	-0.0070344	undefined	undefined	liquid
22.260	26.777	166.81	0.0059948	-0.033780	-0.029322	-1.3758	17.042	27.918	910.30	-0.0070344	undefined	undefined	liquid
22.260	26.781	166.81	0.0059948	-0.033780	-0.029321	-1.3758	17.042	27.918	910.30	-0.0070344	undefined	undefined	liquid
22.260	26.786	166.81	0.0059948	-0.033781	-0.029321	-1.3758	17.042	27.918	910.30	-0.0070344	undefined	undefined	liquid
22.260	26.790	166.81	0.0059947	-0.033781	-0.029321	-1.3758	17.042	27.918	910.30	-0.0070344	undefined	undefined	liquid
22.260	26.794	166.81	0.0059947	-0.033781	-0.029320	-1.3758	17.042	27.918	910.30	-0.0070344	undefined	undefined	liquid
22.260	26.798	166.81	0.0059947	-0.033781	-0.029320	-1.3758	17.042	27.918	910.30	-0.0070345	undefined	undefined	liquid
22.260	26.802	166.81	0.0059947	-0.033782	-0.029319	-1.3758	17.042	27.918	910.30	-0.0070345	undefined	undefined	liquid
22.260	26.807	166.81	0.0059947	-0.033782	-0.029319	-1.3759	17.042	27.918	910.30	-0.0070345	undefined	undefined	liquid
22.260	26.811	166.81	0.0059947	-0.033782	-0.029318	-1.3759	17.042	27.918	910.30	-0.0070345	undefined	undefined	liquid
22.260	26.815	166.81	0.0059947	-0.033782	-0.029318	-1.3759	17.042	27.918	910.30	-0.0070345	undefined	undefined	liquid
22.260	26.819	166.81	0.0059947	-0.033783	-0.029317	-1.3759	17.042	27.918	910.30	-0.0070345	undefined	undefined	liquid
22.260	26.823	166.81	0.0059947	-0.033783	-0.029317	-1.3759	17.042	27.918	910.30	-0.0070345	undefined	undefined	liquid
22.260	26.828	166.81	0.0059947	-0.033783	-0.029316	-1.3759	17.042	27.918	910.30	-0.0070346	undefined	undefined	liquid
22.260	26.832	166.81	0.0059947	-0.033783	-0.029316	-1.3759	17.042	27.918	910.30	-0.0070346	undefined	undefined	liquid
22.260	26.836	166.81	0.0059947	-0.033784	-0.029316	-1.3759	17.042	27.918	910.30	-0.0070346	undefined	undefined	liquid
22.260	26.840	166.81	0.0059947	-0.033784	-0.029315	-1.3759	17.042	27.918	910.31	-0.0070346	undefined	undefined	liquid
22.260	26.844	166.81	0.0059947	-0.033784	-0.029315	-1.3760	17.042	27.918	910.31	-0.0070346	undefined	undefined	liquid
22.260	26.849	166.81	0.0059947	-0.033784	-0.029314	-1.3760	17.042	27.918	910.31	-0.0070346	undefined	undefined	liquid
22.260	26.853	166.81	0.0059947	-0.033785	-0.029314	-1.3760	17.042	27.918	910.31	-0.0070346	undefined	undefined	liquid
22.260	26.857	166.81	0.0059947	-0.033785	-0.029313	-1.3760	17.042	27.918	910.31	-0.0070346	undefined	undefined	liquid
22.260	26.861	166.81	0.0059947	-0.033785	-0.029313	-1.3760	17.042	27.918	910.31	-0.0070347	undefined	undefined	liquid
22.260	26.865	166.81	0.0059947	-0.033785	-0.029312	-1.3760	17.042	27.918	910.31	-0.0070347	undefined	undefined	liquid
22.260	26.870	166.81	0.0059947	-0.033785	-0.029312	-1.3760	17.042	27.918	910.31	-0.0070347	undefined	undefined	liquid
22.260	26.874	166.81	0.0059947	-0.033786	-0.029311	-1.3760	17.042	27.918	910.31	-0.0070347	undefined	undefined	liquid
22.260	26.878	166.81	0.0059947	-0.033786	-0.029311	-1.3760	17.042	27.918	910.31	-0.0070347	undefined	undefined	liquid
22.260	26.882	166.81	0.0059947	-0.033786	-0.029310	-1.3760	17.042	27.918	910.31	-0.0070347	undefined	undefined	liquid
22.260	26.886	166.81	0.0059947	-0.033786	-0.029310	-1.3761	17.042	27.918	910.31	-0.0070347	undefined	undefined	liquid
22.260	26.891	166.81	0.0059947	-0.033787	-0.029310	-1.3761	17.042	27.918	910.31	-0.0070347	undefined	undefined	liquid
22.260	26.895	166.81	0.0059947	-0.033787	-0.029309	-1.3761	17.042	27.917	910.31	-0.0070348	undefined	undefined	liquid
22.260	26.899	166.81	0.0059947	-0.033787	-0.029309	-1.3761	17.042	27.917	910.31	-0.0070348	undefined	undefined	liquid
22.260	26.903	166.81	0.0059947	-0.033787	-0.029308	-1.3761	17.042	27.917	910.31	-0.0070348	undefined	undefined	liquid
22.260	26.907	166.81	0.0059947	-0.033788	-0.029308	-1.3761	17.042	27.917	910.31	-0.0070348	undefined	undefined	liquid
22.260	26.912	166.81	0.0059947	-0.033788	-0.029307	-1.3761	17.042	27.917	910.31	-0.0070348	undefined	undefined	liquid
22.260	26.916	166.81	0.0059947	-0.033788	-0.029307	-1.3761	17.042	27.917	910.31	-0.0070348	undefined	undefined	liquid
22.260	26.920	166.81	0.0059947	-0.033788	-0.029306	-1.3761	17.042	27.917	910.32	-0.0070348	undefined	undefined	liquid
