Temperature (K)	Pressure (psia)	Density (kg/m3)	Volume (m3/kg)	Internal Energy (kJ/mol)	Enthalpy (kJ/mol)	Entropy (J/mol*K)	Cv (J/mol*K)	Cp (J/mol*K)	Sound Spd. (m/s)	Joule-Thomson (F/psia)	Viscosity (uPa*s)	Therm. Cond. (W/m*K)	Phase
22.320	24.400	166.62	0.0060015	-0.031968	-0.027901	-1.2943	17.113	28.076	907.60	-0.0069694	undefined	undefined	liquid
22.320	24.404	166.62	0.0060015	-0.031968	-0.027901	-1.2943	17.113	28.076	907.61	-0.0069694	undefined	undefined	liquid
22.320	24.408	166.62	0.0060015	-0.031969	-0.027900	-1.2943	17.113	28.076	907.61	-0.0069694	undefined	undefined	liquid
22.320	24.413	166.62	0.0060015	-0.031969	-0.027900	-1.2943	17.113	28.076	907.61	-0.0069694	undefined	undefined	liquid
22.320	24.417	166.62	0.0060015	-0.031969	-0.027899	-1.2943	17.113	28.076	907.61	-0.0069694	undefined	undefined	liquid
22.320	24.421	166.62	0.0060015	-0.031969	-0.027899	-1.2943	17.113	28.076	907.61	-0.0069694	undefined	undefined	liquid
22.320	24.425	166.62	0.0060015	-0.031970	-0.027898	-1.2943	17.113	28.076	907.61	-0.0069694	undefined	undefined	liquid
22.320	24.429	166.62	0.0060015	-0.031970	-0.027898	-1.2943	17.113	28.076	907.61	-0.0069694	undefined	undefined	liquid
22.320	24.434	166.63	0.0060015	-0.031970	-0.027897	-1.2944	17.113	28.076	907.61	-0.0069695	undefined	undefined	liquid
22.320	24.438	166.63	0.0060015	-0.031970	-0.027897	-1.2944	17.113	28.076	907.61	-0.0069695	undefined	undefined	liquid
22.320	24.442	166.63	0.0060015	-0.031970	-0.027896	-1.2944	17.113	28.076	907.61	-0.0069695	undefined	undefined	liquid
22.320	24.446	166.63	0.0060015	-0.031971	-0.027896	-1.2944	17.113	28.076	907.61	-0.0069695	undefined	undefined	liquid
22.320	24.450	166.63	0.0060015	-0.031971	-0.027896	-1.2944	17.113	28.075	907.61	-0.0069695	undefined	undefined	liquid
22.320	24.455	166.63	0.0060015	-0.031971	-0.027895	-1.2944	17.113	28.075	907.61	-0.0069695	undefined	undefined	liquid
22.320	24.459	166.63	0.0060015	-0.031971	-0.027895	-1.2944	17.113	28.075	907.61	-0.0069695	undefined	undefined	liquid
22.320	24.463	166.63	0.0060015	-0.031972	-0.027894	-1.2944	17.113	28.075	907.61	-0.0069696	undefined	undefined	liquid
22.320	24.467	166.63	0.0060015	-0.031972	-0.027894	-1.2944	17.113	28.075	907.61	-0.0069696	undefined	undefined	liquid
22.320	24.471	166.63	0.0060015	-0.031972	-0.027893	-1.2944	17.113	28.075	907.61	-0.0069696	undefined	undefined	liquid
22.320	24.476	166.63	0.0060015	-0.031972	-0.027893	-1.2945	17.113	28.075	907.61	-0.0069696	undefined	undefined	liquid
22.320	24.480	166.63	0.0060015	-0.031973	-0.027892	-1.2945	17.113	28.075	907.61	-0.0069696	undefined	undefined	liquid
22.320	24.484	166.63	0.0060015	-0.031973	-0.027892	-1.2945	17.113	28.075	907.62	-0.0069696	undefined	undefined	liquid
22.320	24.488	166.63	0.0060015	-0.031973	-0.027891	-1.2945	17.113	28.075	907.62	-0.0069696	undefined	undefined	liquid
22.320	24.492	166.63	0.0060015	-0.031973	-0.027891	-1.2945	17.113	28.075	907.62	-0.0069696	undefined	undefined	liquid
22.320	24.497	166.63	0.0060015	-0.031974	-0.027890	-1.2945	17.113	28.075	907.62	-0.0069697	undefined	undefined	liquid
22.320	24.501	166.63	0.0060015	-0.031974	-0.027890	-1.2945	17.113	28.075	907.62	-0.0069697	undefined	undefined	liquid
22.320	24.505	166.63	0.0060015	-0.031974	-0.027890	-1.2945	17.113	28.075	907.62	-0.0069697	undefined	undefined	liquid
22.320	24.509	166.63	0.0060015	-0.031974	-0.027889	-1.2945	17.113	28.075	907.62	-0.0069697	undefined	undefined	liquid
22.320	24.513	166.63	0.0060015	-0.031975	-0.027889	-1.2946	17.113	28.075	907.62	-0.0069697	undefined	undefined	liquid
22.320	24.518	166.63	0.0060015	-0.031975	-0.027888	-1.2946	17.113	28.075	907.62	-0.0069697	undefined	undefined	liquid
22.320	24.522	166.63	0.0060015	-0.031975	-0.027888	-1.2946	17.113	28.075	907.62	-0.0069697	undefined	undefined	liquid
22.320	24.526	166.63	0.0060015	-0.031975	-0.027887	-1.2946	17.113	28.075	907.62	-0.0069697	undefined	undefined	liquid
22.320	24.530	166.63	0.0060015	-0.031976	-0.027887	-1.2946	17.113	28.075	907.62	-0.0069698	undefined	undefined	liquid
22.320	24.534	166.63	0.0060014	-0.031976	-0.027886	-1.2946	17.113	28.075	907.62	-0.0069698	undefined	undefined	liquid
22.320	24.539	166.63	0.0060014	-0.031976	-0.027886	-1.2946	17.113	28.075	907.62	-0.0069698	undefined	undefined	liquid
22.320	24.543	166.63	0.0060014	-0.031976	-0.027885	-1.2946	17.113	28.075	907.62	-0.0069698	undefined	undefined	liquid
22.320	24.547	166.63	0.0060014	-0.031977	-0.027885	-1.2946	17.113	28.075	907.62	-0.0069698	undefined	undefined	liquid
22.320	24.551	166.63	0.0060014	-0.031977	-0.027885	-1.2947	17.113	28.075	907.62	-0.0069698	undefined	undefined	liquid
22.320	24.555	166.63	0.0060014	-0.031977	-0.027884	-1.2947	17.113	28.075	907.62	-0.0069698	undefined	undefined	liquid
22.320	24.560	166.63	0.0060014	-0.031977	-0.027884	-1.2947	17.113	28.075	907.62	-0.0069698	undefined	undefined	liquid
22.320	24.564	166.63	0.0060014	-0.031977	-0.027883	-1.2947	17.113	28.075	907.62	-0.0069699	undefined	undefined	liquid
22.320	24.568	166.63	0.0060014	-0.031978	-0.027883	-1.2947	17.113	28.075	907.63	-0.0069699	undefined	undefined	liquid
22.320	24.572	166.63	0.0060014	-0.031978	-0.027882	-1.2947	17.113	28.075	907.63	-0.0069699	undefined	undefined	liquid
22.320	24.576	166.63	0.0060014	-0.031978	-0.027882	-1.2947	17.113	28.075	907.63	-0.0069699	undefined	undefined	liquid
22.320	24.581	166.63	0.0060014	-0.031978	-0.027881	-1.2947	17.113	28.075	907.63	-0.0069699	undefined	undefined	liquid
22.320	24.585	166.63	0.0060014	-0.031979	-0.027881	-1.2947	17.113	28.075	907.63	-0.0069699	undefined	undefined	liquid
22.320	24.589	166.63	0.0060014	-0.031979	-0.027880	-1.2948	17.113	28.075	907.63	-0.0069699	undefined	undefined	liquid
22.320	24.593	166.63	0.0060014	-0.031979	-0.027880	-1.2948	17.113	28.075	907.63	-0.0069700	undefined	undefined	liquid
22.320	24.597	166.63	0.0060014	-0.031979	-0.027880	-1.2948	17.113	28.075	907.63	-0.0069700	undefined	undefined	liquid
22.320	24.602	166.63	0.0060014	-0.031980	-0.027879	-1.2948	17.113	28.075	907.63	-0.0069700	undefined	undefined	liquid
22.320	24.606	166.63	0.0060014	-0.031980	-0.027879	-1.2948	17.113	28.075	907.63	-0.0069700	undefined	undefined	liquid
22.320	24.610	166.63	0.0060014	-0.031980	-0.027878	-1.2948	17.113	28.075	907.63	-0.0069700	undefined	undefined	liquid
22.320	24.614	166.63	0.0060014	-0.031980	-0.027878	-1.2948	17.113	28.075	907.63	-0.0069700	undefined	undefined	liquid
22.320	24.618	166.63	0.0060014	-0.031981	-0.027877	-1.2948	17.113	28.075	907.63	-0.0069700	undefined	undefined	liquid
22.320	24.623	166.63	0.0060014	-0.031981	-0.027877	-1.2948	17.113	28.075	907.63	-0.0069700	undefined	undefined	liquid
22.320	24.627	166.63	0.0060014	-0.031981	-0.027876	-1.2949	17.113	28.075	907.63	-0.0069701	undefined	undefined	liquid
22.320	24.631	166.63	0.0060014	-0.031981	-0.027876	-1.2949	17.113	28.074	907.63	-0.0069701	undefined	undefined	liquid
22.320	24.635	166.63	0.0060014	-0.031982	-0.027875	-1.2949	17.113	28.074	907.63	-0.0069701	undefined	undefined	liquid
22.320	24.639	166.63	0.0060014	-0.031982	-0.027875	-1.2949	17.113	28.074	907.63	-0.0069701	undefined	undefined	liquid
22.320	24.644	166.63	0.0060014	-0.031982	-0.027875	-1.2949	17.113	28.074	907.63	-0.0069701	undefined	undefined	liquid
22.320	24.648	166.63	0.0060014	-0.031982	-0.027874	-1.2949	17.113	28.074	907.63	-0.0069701	undefined	undefined	liquid
22.320	24.652	166.63	0.0060014	-0.031983	-0.027874	-1.2949	17.113	28.074	907.64	-0.0069701	undefined	undefined	liquid
22.320	24.656	166.63	0.0060014	-0.031983	-0.027873	-1.2949	17.113	28.074	907.64	-0.0069701	undefined	undefined	liquid
22.320	24.660	166.63	0.0060014	-0.031983	-0.027873	-1.2949	17.113	28.074	907.64	-0.0069702	undefined	undefined	liquid
22.320	24.665	166.63	0.0060014	-0.031983	-0.027872	-1.2950	17.113	28.074	907.64	-0.0069702	undefined	undefined	liquid
22.320	24.669	166.63	0.0060014	-0.031984	-0.027872	-1.2950	17.113	28.074	907.64	-0.0069702	undefined	undefined	liquid
22.320	24.673	166.63	0.0060014	-0.031984	-0.027871	-1.2950	17.113	28.074	907.64	-0.0069702	undefined	undefined	liquid
22.320	24.677	166.63	0.0060014	-0.031984	-0.027871	-1.2950	17.113	28.074	907.64	-0.0069702	undefined	undefined	liquid
22.320	24.681	166.63	0.0060014	-0.031984	-0.027870	-1.2950	17.113	28.074	907.64	-0.0069702	undefined	undefined	liquid
22.320	24.686	166.63	0.0060014	-0.031985	-0.027870	-1.2950	17.113	28.074	907.64	-0.0069702	undefined	undefined	liquid
22.320	24.690	166.63	0.0060014	-0.031985	-0.027869	-1.2950	17.113	28.074	907.64	-0.0069703	undefined	undefined	liquid
22.320	24.694	166.63	0.0060014	-0.031985	-0.027869	-1.2950	17.113	28.074	907.64	-0.0069703	undefined	undefined	liquid
22.320	24.698	166.63	0.0060014	-0.031985	-0.027869	-1.2950	17.113	28.074	907.64	-0.0069703	undefined	undefined	liquid
22.320	24.702	166.63	0.0060014	-0.031985	-0.027868	-1.2950	17.113	28.074	907.64	-0.0069703	undefined	undefined	liquid
22.320	24.707	166.63	0.0060014	-0.031986	-0.027868	-1.2951	17.113	28.074	907.64	-0.0069703	undefined	undefined	liquid
22.320	24.711	166.63	0.0060014	-0.031986	-0.027867	-1.2951	17.113	28.074	907.64	-0.0069703	undefined	undefined	liquid
22.320	24.715	166.63	0.0060014	-0.031986	-0.027867	-1.2951	17.113	28.074	907.64	-0.0069703	undefined	undefined	liquid
22.320	24.719	166.63	0.0060014	-0.031986	-0.027866	-1.2951	17.113	28.074	907.64	-0.0069703	undefined	undefined	liquid
22.320	24.723	166.63	0.0060014	-0.031987	-0.027866	-1.2951	17.113	28.074	907.64	-0.0069704	undefined	undefined	liquid
22.320	24.728	166.63	0.0060014	-0.031987	-0.027865	-1.2951	17.113	28.074	907.64	-0.0069704	undefined	undefined	liquid
22.320	24.732	166.63	0.0060014	-0.031987	-0.027865	-1.2951	17.113	28.074	907.65	-0.0069704	undefined	undefined	liquid
22.320	24.736	166.63	0.0060014	-0.031987	-0.027864	-1.2951	17.113	28.074	907.65	-0.0069704	undefined	undefined	liquid
22.320	24.740	166.63	0.0060013	-0.031988	-0.027864	-1.2951	17.113	28.074	907.65	-0.0069704	undefined	undefined	liquid
22.320	24.744	166.63	0.0060013	-0.031988	-0.027864	-1.2952	17.113	28.074	907.65	-0.0069704	undefined	undefined	liquid
22.320	24.749	166.63	0.0060013	-0.031988	-0.027863	-1.2952	17.113	28.074	907.65	-0.0069704	undefined	undefined	liquid
22.320	24.753	166.63	0.0060013	-0.031988	-0.027863	-1.2952	17.113	28.074	907.65	-0.0069704	undefined	undefined	liquid
22.320	24.757	166.63	0.0060013	-0.031989	-0.027862	-1.2952	17.113	28.074	907.65	-0.0069705	undefined	undefined	liquid
22.320	24.761	166.63	0.0060013	-0.031989	-0.027862	-1.2952	17.113	28.074	907.65	-0.0069705	undefined	undefined	liquid
22.320	24.765	166.63	0.0060013	-0.031989	-0.027861	-1.2952	17.113	28.074	907.65	-0.0069705	undefined	undefined	liquid
22.320	24.770	166.63	0.0060013	-0.031989	-0.027861	-1.2952	17.113	28.074	907.65	-0.0069705	undefined	undefined	liquid
22.320	24.774	166.63	0.0060013	-0.031990	-0.027860	-1.2952	17.113	28.074	907.65	-0.0069705	undefined	undefined	liquid
22.320	24.778	166.63	0.0060013	-0.031990	-0.027860	-1.2952	17.113	28.074	907.65	-0.0069705	undefined	undefined	liquid
22.320	24.782	166.63	0.0060013	-0.031990	-0.027859	-1.2953	17.113	28.074	907.65	-0.0069705	undefined	undefined	liquid
22.320	24.786	166.63	0.0060013	-0.031990	-0.027859	-1.2953	17.113	28.074	907.65	-0.0069705	undefined	undefined	liquid
22.320	24.791	166.63	0.0060013	-0.031991	-0.027859	-1.2953	17.113	28.074	907.65	-0.0069706	undefined	undefined	liquid
22.320	24.795	166.63	0.0060013	-0.031991	-0.027858	-1.2953	17.113	28.074	907.65	-0.0069706	undefined	undefined	liquid
22.320	24.799	166.63	0.0060013	-0.031991	-0.027858	-1.2953	17.113	28.074	907.65	-0.0069706	undefined	undefined	liquid
22.320	24.803	166.63	0.0060013	-0.031991	-0.027857	-1.2953	17.113	28.074	907.65	-0.0069706	undefined	undefined	liquid
22.320	24.807	166.63	0.0060013	-0.031992	-0.027857	-1.2953	17.113	28.073	907.65	-0.0069706	undefined	undefined	liquid
22.320	24.812	166.63	0.0060013	-0.031992	-0.027856	-1.2953	17.113	28.073	907.65	-0.0069706	undefined	undefined	liquid
22.320	24.816	166.63	0.0060013	-0.031992	-0.027856	-1.2953	17.113	28.073	907.66	-0.0069706	undefined	undefined	liquid
22.320	24.820	166.63	0.0060013	-0.031992	-0.027855	-1.2954	17.113	28.073	907.66	-0.0069707	undefined	undefined	liquid
22.320	24.824	166.63	0.0060013	-0.031992	-0.027855	-1.2954	17.113	28.073	907.66	-0.0069707	undefined	undefined	liquid
22.320	24.828	166.63	0.0060013	-0.031993	-0.027854	-1.2954	17.113	28.073	907.66	-0.0069707	undefined	undefined	liquid
22.320	24.833	166.63	0.0060013	-0.031993	-0.027854	-1.2954	17.113	28.073	907.66	-0.0069707	undefined	undefined	liquid
22.320	24.837	166.63	0.0060013	-0.031993	-0.027854	-1.2954	17.113	28.073	907.66	-0.0069707	undefined	undefined	liquid
22.320	24.841	166.63	0.0060013	-0.031993	-0.027853	-1.2954	17.113	28.073	907.66	-0.0069707	undefined	undefined	liquid
22.320	24.845	166.63	0.0060013	-0.031994	-0.027853	-1.2954	17.113	28.073	907.66	-0.0069707	undefined	undefined	liquid
22.320	24.849	166.63	0.0060013	-0.031994	-0.027852	-1.2954	17.113	28.073	907.66	-0.0069707	undefined	undefined	liquid
22.320	24.854	166.63	0.0060013	-0.031994	-0.027852	-1.2954	17.113	28.073	907.66	-0.0069708	undefined	undefined	liquid
22.320	24.858	166.63	0.0060013	-0.031994	-0.027851	-1.2955	17.113	28.073	907.66	-0.0069708	undefined	undefined	liquid
22.320	24.862	166.63	0.0060013	-0.031995	-0.027851	-1.2955	17.113	28.073	907.66	-0.0069708	undefined	undefined	liquid
22.320	24.866	166.63	0.0060013	-0.031995	-0.027850	-1.2955	17.113	28.073	907.66	-0.0069708	undefined	undefined	liquid
22.320	24.870	166.63	0.0060013	-0.031995	-0.027850	-1.2955	17.113	28.073	907.66	-0.0069708	undefined	undefined	liquid
22.320	24.875	166.63	0.0060013	-0.031995	-0.027849	-1.2955	17.114	28.073	907.66	-0.0069708	undefined	undefined	liquid
22.320	24.879	166.63	0.0060013	-0.031996	-0.027849	-1.2955	17.114	28.073	907.66	-0.0069708	undefined	undefined	liquid
22.320	24.883	166.63	0.0060013	-0.031996	-0.027848	-1.2955	17.114	28.073	907.66	-0.0069708	undefined	undefined	liquid
22.320	24.887	166.63	0.0060013	-0.031996	-0.027848	-1.2955	17.114	28.073	907.66	-0.0069709	undefined	undefined	liquid
22.320	24.891	166.63	0.0060013	-0.031996	-0.027848	-1.2955	17.114	28.073	907.66	-0.0069709	undefined	undefined	liquid
22.320	24.896	166.63	0.0060013	-0.031997	-0.027847	-1.2956	17.114	28.073	907.66	-0.0069709	undefined	undefined	liquid
22.320	24.900	166.63	0.0060013	-0.031997	-0.027847	-1.2956	17.114	28.073	907.67	-0.0069709	undefined	undefined	liquid
22.320	24.904	166.63	0.0060013	-0.031997	-0.027846	-1.2956	17.114	28.073	907.67	-0.0069709	undefined	undefined	liquid
22.320	24.908	166.63	0.0060013	-0.031997	-0.027846	-1.2956	17.114	28.073	907.67	-0.0069709	undefined	undefined	liquid
22.320	24.912	166.63	0.0060013	-0.031998	-0.027845	-1.2956	17.114	28.073	907.67	-0.0069709	undefined	undefined	liquid
22.320	24.917	166.63	0.0060013	-0.031998	-0.027845	-1.2956	17.114	28.073	907.67	-0.0069710	undefined	undefined	liquid
22.320	24.921	166.63	0.0060013	-0.031998	-0.027844	-1.2956	17.114	28.073	907.67	-0.0069710	undefined	undefined	liquid
22.320	24.925	166.63	0.0060013	-0.031998	-0.027844	-1.2956	17.114	28.073	907.67	-0.0069710	undefined	undefined	liquid
22.320	24.929	166.63	0.0060013	-0.031999	-0.027843	-1.2956	17.114	28.073	907.67	-0.0069710	undefined	undefined	liquid
22.320	24.933	166.63	0.0060013	-0.031999	-0.027843	-1.2956	17.114	28.073	907.67	-0.0069710	undefined	undefined	liquid
22.320	24.938	166.63	0.0060013	-0.031999	-0.027843	-1.2957	17.114	28.073	907.67	-0.0069710	undefined	undefined	liquid
22.320	24.942	166.63	0.0060012	-0.031999	-0.027842	-1.2957	17.114	28.073	907.67	-0.0069710	undefined	undefined	liquid
22.320	24.946	166.63	0.0060012	-0.032000	-0.027842	-1.2957	17.114	28.073	907.67	-0.0069710	undefined	undefined	liquid
22.320	24.950	166.63	0.0060012	-0.032000	-0.027841	-1.2957	17.114	28.073	907.67	-0.0069711	undefined	undefined	liquid
22.320	24.954	166.63	0.0060012	-0.032000	-0.027841	-1.2957	17.114	28.073	907.67	-0.0069711	undefined	undefined	liquid
22.320	24.959	166.63	0.0060012	-0.032000	-0.027840	-1.2957	17.114	28.073	907.67	-0.0069711	undefined	undefined	liquid
22.320	24.963	166.63	0.0060012	-0.032000	-0.027840	-1.2957	17.114	28.073	907.67	-0.0069711	undefined	undefined	liquid
22.320	24.967	166.63	0.0060012	-0.032001	-0.027839	-1.2957	17.114	28.073	907.67	-0.0069711	undefined	undefined	liquid
22.320	24.971	166.63	0.0060012	-0.032001	-0.027839	-1.2957	17.114	28.073	907.67	-0.0069711	undefined	undefined	liquid
22.320	24.975	166.63	0.0060012	-0.032001	-0.027838	-1.2958	17.114	28.073	907.67	-0.0069711	undefined	undefined	liquid
22.320	24.980	166.63	0.0060012	-0.032001	-0.027838	-1.2958	17.114	28.073	907.68	-0.0069711	undefined	undefined	liquid
22.320	24.984	166.63	0.0060012	-0.032002	-0.027838	-1.2958	17.114	28.073	907.68	-0.0069712	undefined	undefined	liquid
22.320	24.988	166.63	0.0060012	-0.032002	-0.027837	-1.2958	17.114	28.072	907.68	-0.0069712	undefined	undefined	liquid
22.320	24.992	166.63	0.0060012	-0.032002	-0.027837	-1.2958	17.114	28.072	907.68	-0.0069712	undefined	undefined	liquid
22.320	24.996	166.63	0.0060012	-0.032002	-0.027836	-1.2958	17.114	28.072	907.68	-0.0069712	undefined	undefined	liquid
22.320	25.001	166.63	0.0060012	-0.032003	-0.027836	-1.2958	17.114	28.072	907.68	-0.0069712	undefined	undefined	liquid
22.320	25.005	166.63	0.0060012	-0.032003	-0.027835	-1.2958	17.114	28.072	907.68	-0.0069712	undefined	undefined	liquid
22.320	25.009	166.63	0.0060012	-0.032003	-0.027835	-1.2958	17.114	28.072	907.68	-0.0069712	undefined	undefined	liquid
22.320	25.013	166.63	0.0060012	-0.032003	-0.027834	-1.2959	17.114	28.072	907.68	-0.0069712	undefined	undefined	liquid
22.320	25.017	166.63	0.0060012	-0.032004	-0.027834	-1.2959	17.114	28.072	907.68	-0.0069713	undefined	undefined	liquid
22.320	25.022	166.63	0.0060012	-0.032004	-0.027833	-1.2959	17.114	28.072	907.68	-0.0069713	undefined	undefined	liquid
22.320	25.026	166.63	0.0060012	-0.032004	-0.027833	-1.2959	17.114	28.072	907.68	-0.0069713	undefined	undefined	liquid
22.320	25.030	166.63	0.0060012	-0.032004	-0.027832	-1.2959	17.114	28.072	907.68	-0.0069713	undefined	undefined	liquid
22.320	25.034	166.63	0.0060012	-0.032005	-0.027832	-1.2959	17.114	28.072	907.68	-0.0069713	undefined	undefined	liquid
22.320	25.038	166.63	0.0060012	-0.032005	-0.027832	-1.2959	17.114	28.072	907.68	-0.0069713	undefined	undefined	liquid
22.320	25.043	166.63	0.0060012	-0.032005	-0.027831	-1.2959	17.114	28.072	907.68	-0.0069713	undefined	undefined	liquid
22.320	25.047	166.63	0.0060012	-0.032005	-0.027831	-1.2959	17.114	28.072	907.68	-0.0069714	undefined	undefined	liquid
22.320	25.051	166.63	0.0060012	-0.032006	-0.027830	-1.2960	17.114	28.072	907.68	-0.0069714	undefined	undefined	liquid
22.320	25.055	166.63	0.0060012	-0.032006	-0.027830	-1.2960	17.114	28.072	907.68	-0.0069714	undefined	undefined	liquid
22.320	25.059	166.63	0.0060012	-0.032006	-0.027829	-1.2960	17.114	28.072	907.68	-0.0069714	undefined	undefined	liquid
22.320	25.064	166.63	0.0060012	-0.032006	-0.027829	-1.2960	17.114	28.072	907.69	-0.0069714	undefined	undefined	liquid
22.320	25.068	166.63	0.0060012	-0.032007	-0.027828	-1.2960	17.114	28.072	907.69	-0.0069714	undefined	undefined	liquid
22.320	25.072	166.63	0.0060012	-0.032007	-0.027828	-1.2960	17.114	28.072	907.69	-0.0069714	undefined	undefined	liquid
22.320	25.076	166.63	0.0060012	-0.032007	-0.027827	-1.2960	17.114	28.072	907.69	-0.0069714	undefined	undefined	liquid
22.320	25.080	166.63	0.0060012	-0.032007	-0.027827	-1.2960	17.114	28.072	907.69	-0.0069715	undefined	undefined	liquid
22.320	25.085	166.63	0.0060012	-0.032007	-0.027827	-1.2960	17.114	28.072	907.69	-0.0069715	undefined	undefined	liquid
22.320	25.089	166.63	0.0060012	-0.032008	-0.027826	-1.2961	17.114	28.072	907.69	-0.0069715	undefined	undefined	liquid
22.320	25.093	166.63	0.0060012	-0.032008	-0.027826	-1.2961	17.114	28.072	907.69	-0.0069715	undefined	undefined	liquid
22.320	25.097	166.63	0.0060012	-0.032008	-0.027825	-1.2961	17.114	28.072	907.69	-0.0069715	undefined	undefined	liquid
22.320	25.101	166.63	0.0060012	-0.032008	-0.027825	-1.2961	17.114	28.072	907.69	-0.0069715	undefined	undefined	liquid
22.320	25.106	166.63	0.0060012	-0.032009	-0.027824	-1.2961	17.114	28.072	907.69	-0.0069715	undefined	undefined	liquid
22.320	25.110	166.63	0.0060012	-0.032009	-0.027824	-1.2961	17.114	28.072	907.69	-0.0069715	undefined	undefined	liquid
22.320	25.114	166.63	0.0060012	-0.032009	-0.027823	-1.2961	17.114	28.072	907.69	-0.0069716	undefined	undefined	liquid
22.320	25.118	166.63	0.0060012	-0.032009	-0.027823	-1.2961	17.114	28.072	907.69	-0.0069716	undefined	undefined	liquid
22.320	25.122	166.63	0.0060012	-0.032010	-0.027822	-1.2961	17.114	28.072	907.69	-0.0069716	undefined	undefined	liquid
22.320	25.127	166.63	0.0060012	-0.032010	-0.027822	-1.2962	17.114	28.072	907.69	-0.0069716	undefined	undefined	liquid
22.320	25.131	166.63	0.0060012	-0.032010	-0.027822	-1.2962	17.114	28.072	907.69	-0.0069716	undefined	undefined	liquid
22.320	25.135	166.63	0.0060012	-0.032010	-0.027821	-1.2962	17.114	28.072	907.69	-0.0069716	undefined	undefined	liquid
22.320	25.139	166.63	0.0060012	-0.032011	-0.027821	-1.2962	17.114	28.072	907.69	-0.0069716	undefined	undefined	liquid
22.320	25.143	166.63	0.0060011	-0.032011	-0.027820	-1.2962	17.114	28.072	907.70	-0.0069717	undefined	undefined	liquid
22.320	25.148	166.63	0.0060011	-0.032011	-0.027820	-1.2962	17.114	28.072	907.70	-0.0069717	undefined	undefined	liquid
22.320	25.152	166.63	0.0060011	-0.032011	-0.027819	-1.2962	17.114	28.072	907.70	-0.0069717	undefined	undefined	liquid
22.320	25.156	166.63	0.0060011	-0.032012	-0.027819	-1.2962	17.114	28.072	907.70	-0.0069717	undefined	undefined	liquid
22.320	25.160	166.63	0.0060011	-0.032012	-0.027818	-1.2962	17.114	28.072	907.70	-0.0069717	undefined	undefined	liquid
22.320	25.164	166.64	0.0060011	-0.032012	-0.027818	-1.2962	17.114	28.072	907.70	-0.0069717	undefined	undefined	liquid
22.320	25.169	166.64	0.0060011	-0.032012	-0.027817	-1.2963	17.114	28.071	907.70	-0.0069717	undefined	undefined	liquid
22.320	25.173	166.64	0.0060011	-0.032013	-0.027817	-1.2963	17.114	28.071	907.70	-0.0069717	undefined	undefined	liquid
22.320	25.177	166.64	0.0060011	-0.032013	-0.027817	-1.2963	17.114	28.071	907.70	-0.0069718	undefined	undefined	liquid
22.320	25.181	166.64	0.0060011	-0.032013	-0.027816	-1.2963	17.114	28.071	907.70	-0.0069718	undefined	undefined	liquid
22.320	25.185	166.64	0.0060011	-0.032013	-0.027816	-1.2963	17.114	28.071	907.70	-0.0069718	undefined	undefined	liquid
22.320	25.190	166.64	0.0060011	-0.032014	-0.027815	-1.2963	17.114	28.071	907.70	-0.0069718	undefined	undefined	liquid
22.320	25.194	166.64	0.0060011	-0.032014	-0.027815	-1.2963	17.114	28.071	907.70	-0.0069718	undefined	undefined	liquid
22.320	25.198	166.64	0.0060011	-0.032014	-0.027814	-1.2963	17.114	28.071	907.70	-0.0069718	undefined	undefined	liquid
22.320	25.202	166.64	0.0060011	-0.032014	-0.027814	-1.2963	17.114	28.071	907.70	-0.0069718	undefined	undefined	liquid
22.320	25.206	166.64	0.0060011	-0.032015	-0.027813	-1.2964	17.114	28.071	907.70	-0.0069718	undefined	undefined	liquid
22.320	25.211	166.64	0.0060011	-0.032015	-0.027813	-1.2964	17.114	28.071	907.70	-0.0069719	undefined	undefined	liquid
22.320	25.215	166.64	0.0060011	-0.032015	-0.027812	-1.2964	17.114	28.071	907.70	-0.0069719	undefined	undefined	liquid
22.320	25.219	166.64	0.0060011	-0.032015	-0.027812	-1.2964	17.114	28.071	907.70	-0.0069719	undefined	undefined	liquid
22.320	25.223	166.64	0.0060011	-0.032015	-0.027811	-1.2964	17.114	28.071	907.70	-0.0069719	undefined	undefined	liquid
22.320	25.227	166.64	0.0060011	-0.032016	-0.027811	-1.2964	17.114	28.071	907.71	-0.0069719	undefined	undefined	liquid
22.320	25.232	166.64	0.0060011	-0.032016	-0.027811	-1.2964	17.114	28.071	907.71	-0.0069719	undefined	undefined	liquid
22.320	25.236	166.64	0.0060011	-0.032016	-0.027810	-1.2964	17.114	28.071	907.71	-0.0069719	undefined	undefined	liquid
22.320	25.240	166.64	0.0060011	-0.032016	-0.027810	-1.2964	17.114	28.071	907.71	-0.0069719	undefined	undefined	liquid
22.320	25.244	166.64	0.0060011	-0.032017	-0.027809	-1.2965	17.114	28.071	907.71	-0.0069720	undefined	undefined	liquid
22.320	25.248	166.64	0.0060011	-0.032017	-0.027809	-1.2965	17.114	28.071	907.71	-0.0069720	undefined	undefined	liquid
22.320	25.253	166.64	0.0060011	-0.032017	-0.027808	-1.2965	17.114	28.071	907.71	-0.0069720	undefined	undefined	liquid
22.320	25.257	166.64	0.0060011	-0.032017	-0.027808	-1.2965	17.114	28.071	907.71	-0.0069720	undefined	undefined	liquid
22.320	25.261	166.64	0.0060011	-0.032018	-0.027807	-1.2965	17.114	28.071	907.71	-0.0069720	undefined	undefined	liquid
22.320	25.265	166.64	0.0060011	-0.032018	-0.027807	-1.2965	17.114	28.071	907.71	-0.0069720	undefined	undefined	liquid
22.320	25.269	166.64	0.0060011	-0.032018	-0.027806	-1.2965	17.114	28.071	907.71	-0.0069720	undefined	undefined	liquid
22.320	25.274	166.64	0.0060011	-0.032018	-0.027806	-1.2965	17.114	28.071	907.71	-0.0069721	undefined	undefined	liquid
22.320	25.278	166.64	0.0060011	-0.032019	-0.027806	-1.2965	17.114	28.071	907.71	-0.0069721	undefined	undefined	liquid
22.320	25.282	166.64	0.0060011	-0.032019	-0.027805	-1.2966	17.114	28.071	907.71	-0.0069721	undefined	undefined	liquid
22.320	25.286	166.64	0.0060011	-0.032019	-0.027805	-1.2966	17.114	28.071	907.71	-0.0069721	undefined	undefined	liquid
22.320	25.290	166.64	0.0060011	-0.032019	-0.027804	-1.2966	17.114	28.071	907.71	-0.0069721	undefined	undefined	liquid
22.320	25.295	166.64	0.0060011	-0.032020	-0.027804	-1.2966	17.114	28.071	907.71	-0.0069721	undefined	undefined	liquid
22.320	25.299	166.64	0.0060011	-0.032020	-0.027803	-1.2966	17.114	28.071	907.71	-0.0069721	undefined	undefined	liquid
22.320	25.303	166.64	0.0060011	-0.032020	-0.027803	-1.2966	17.114	28.071	907.71	-0.0069721	undefined	undefined	liquid
22.320	25.307	166.64	0.0060011	-0.032020	-0.027802	-1.2966	17.114	28.071	907.72	-0.0069722	undefined	undefined	liquid
22.320	25.311	166.64	0.0060011	-0.032021	-0.027802	-1.2966	17.114	28.071	907.72	-0.0069722	undefined	undefined	liquid
22.320	25.316	166.64	0.0060011	-0.032021	-0.027801	-1.2966	17.114	28.071	907.72	-0.0069722	undefined	undefined	liquid
22.320	25.320	166.64	0.0060011	-0.032021	-0.027801	-1.2967	17.114	28.071	907.72	-0.0069722	undefined	undefined	liquid
22.320	25.324	166.64	0.0060011	-0.032021	-0.027801	-1.2967	17.114	28.071	907.72	-0.0069722	undefined	undefined	liquid
22.320	25.328	166.64	0.0060011	-0.032022	-0.027800	-1.2967	17.114	28.071	907.72	-0.0069722	undefined	undefined	liquid
22.320	25.332	166.64	0.0060011	-0.032022	-0.027800	-1.2967	17.114	28.071	907.72	-0.0069722	undefined	undefined	liquid
22.320	25.337	166.64	0.0060011	-0.032022	-0.027799	-1.2967	17.114	28.071	907.72	-0.0069722	undefined	undefined	liquid
22.320	25.341	166.64	0.0060011	-0.032022	-0.027799	-1.2967	17.114	28.071	907.72	-0.0069723	undefined	undefined	liquid
22.320	25.345	166.64	0.0060010	-0.032022	-0.027798	-1.2967	17.114	28.070	907.72	-0.0069723	undefined	undefined	liquid
22.320	25.349	166.64	0.0060010	-0.032023	-0.027798	-1.2967	17.114	28.070	907.72	-0.0069723	undefined	undefined	liquid
22.320	25.353	166.64	0.0060010	-0.032023	-0.027797	-1.2967	17.114	28.070	907.72	-0.0069723	undefined	undefined	liquid
22.320	25.358	166.64	0.0060010	-0.032023	-0.027797	-1.2968	17.114	28.070	907.72	-0.0069723	undefined	undefined	liquid
22.320	25.362	166.64	0.0060010	-0.032023	-0.027796	-1.2968	17.114	28.070	907.72	-0.0069723	undefined	undefined	liquid
22.320	25.366	166.64	0.0060010	-0.032024	-0.027796	-1.2968	17.114	28.070	907.72	-0.0069723	undefined	undefined	liquid
22.320	25.370	166.64	0.0060010	-0.032024	-0.027796	-1.2968	17.114	28.070	907.72	-0.0069724	undefined	undefined	liquid
22.320	25.374	166.64	0.0060010	-0.032024	-0.027795	-1.2968	17.114	28.070	907.72	-0.0069724	undefined	undefined	liquid
22.320	25.379	166.64	0.0060010	-0.032024	-0.027795	-1.2968	17.114	28.070	907.72	-0.0069724	undefined	undefined	liquid
22.320	25.383	166.64	0.0060010	-0.032025	-0.027794	-1.2968	17.114	28.070	907.72	-0.0069724	undefined	undefined	liquid
22.320	25.387	166.64	0.0060010	-0.032025	-0.027794	-1.2968	17.114	28.070	907.72	-0.0069724	undefined	undefined	liquid
22.320	25.391	166.64	0.0060010	-0.032025	-0.027793	-1.2968	17.114	28.070	907.73	-0.0069724	undefined	undefined	liquid
22.320	25.395	166.64	0.0060010	-0.032025	-0.027793	-1.2968	17.114	28.070	907.73	-0.0069724	undefined	undefined	liquid
22.320	25.400	166.64	0.0060010	-0.032026	-0.027792	-1.2969	17.114	28.070	907.73	-0.0069724	undefined	undefined	liquid
22.320	25.404	166.64	0.0060010	-0.032026	-0.027792	-1.2969	17.114	28.070	907.73	-0.0069725	undefined	undefined	liquid
22.320	25.408	166.64	0.0060010	-0.032026	-0.027791	-1.2969	17.114	28.070	907.73	-0.0069725	undefined	undefined	liquid
22.320	25.412	166.64	0.0060010	-0.032026	-0.027791	-1.2969	17.114	28.070	907.73	-0.0069725	undefined	undefined	liquid
22.320	25.416	166.64	0.0060010	-0.032027	-0.027790	-1.2969	17.114	28.070	907.73	-0.0069725	undefined	undefined	liquid
22.320	25.421	166.64	0.0060010	-0.032027	-0.027790	-1.2969	17.114	28.070	907.73	-0.0069725	undefined	undefined	liquid
22.320	25.425	166.64	0.0060010	-0.032027	-0.027790	-1.2969	17.114	28.070	907.73	-0.0069725	undefined	undefined	liquid
22.320	25.429	166.64	0.0060010	-0.032027	-0.027789	-1.2969	17.114	28.070	907.73	-0.0069725	undefined	undefined	liquid
22.320	25.433	166.64	0.0060010	-0.032028	-0.027789	-1.2969	17.114	28.070	907.73	-0.0069725	undefined	undefined	liquid
22.320	25.437	166.64	0.0060010	-0.032028	-0.027788	-1.2970	17.114	28.070	907.73	-0.0069726	undefined	undefined	liquid
22.320	25.442	166.64	0.0060010	-0.032028	-0.027788	-1.2970	17.114	28.070	907.73	-0.0069726	undefined	undefined	liquid
22.320	25.446	166.64	0.0060010	-0.032028	-0.027787	-1.2970	17.114	28.070	907.73	-0.0069726	undefined	undefined	liquid
22.320	25.450	166.64	0.0060010	-0.032029	-0.027787	-1.2970	17.114	28.070	907.73	-0.0069726	undefined	undefined	liquid
22.320	25.454	166.64	0.0060010	-0.032029	-0.027786	-1.2970	17.114	28.070	907.73	-0.0069726	undefined	undefined	liquid
22.320	25.458	166.64	0.0060010	-0.032029	-0.027786	-1.2970	17.114	28.070	907.73	-0.0069726	undefined	undefined	liquid
22.320	25.463	166.64	0.0060010	-0.032029	-0.027785	-1.2970	17.114	28.070	907.73	-0.0069726	undefined	undefined	liquid
22.320	25.467	166.64	0.0060010	-0.032030	-0.027785	-1.2970	17.114	28.070	907.73	-0.0069726	undefined	undefined	liquid
22.320	25.471	166.64	0.0060010	-0.032030	-0.027785	-1.2970	17.114	28.070	907.74	-0.0069727	undefined	undefined	liquid
22.320	25.475	166.64	0.0060010	-0.032030	-0.027784	-1.2971	17.115	28.070	907.74	-0.0069727	undefined	undefined	liquid
22.320	25.479	166.64	0.0060010	-0.032030	-0.027784	-1.2971	17.115	28.070	907.74	-0.0069727	undefined	undefined	liquid
22.320	25.484	166.64	0.0060010	-0.032030	-0.027783	-1.2971	17.115	28.070	907.74	-0.0069727	undefined	undefined	liquid
22.320	25.488	166.64	0.0060010	-0.032031	-0.027783	-1.2971	17.115	28.070	907.74	-0.0069727	undefined	undefined	liquid
22.320	25.492	166.64	0.0060010	-0.032031	-0.027782	-1.2971	17.115	28.070	907.74	-0.0069727	undefined	undefined	liquid
22.320	25.496	166.64	0.0060010	-0.032031	-0.027782	-1.2971	17.115	28.070	907.74	-0.0069727	undefined	undefined	liquid
22.320	25.500	166.64	0.0060010	-0.032031	-0.027781	-1.2971	17.115	28.070	907.74	-0.0069728	undefined	undefined	liquid
22.320	25.505	166.64	0.0060010	-0.032032	-0.027781	-1.2971	17.115	28.070	907.74	-0.0069728	undefined	undefined	liquid
22.320	25.509	166.64	0.0060010	-0.032032	-0.027780	-1.2971	17.115	28.070	907.74	-0.0069728	undefined	undefined	liquid
22.320	25.513	166.64	0.0060010	-0.032032	-0.027780	-1.2972	17.115	28.070	907.74	-0.0069728	undefined	undefined	liquid
22.320	25.517	166.64	0.0060010	-0.032032	-0.027780	-1.2972	17.115	28.070	907.74	-0.0069728	undefined	undefined	liquid
22.320	25.521	166.64	0.0060010	-0.032033	-0.027779	-1.2972	17.115	28.070	907.74	-0.0069728	undefined	undefined	liquid
22.320	25.526	166.64	0.0060010	-0.032033	-0.027779	-1.2972	17.115	28.069	907.74	-0.0069728	undefined	undefined	liquid
22.320	25.530	166.64	0.0060010	-0.032033	-0.027778	-1.2972	17.115	28.069	907.74	-0.0069728	undefined	undefined	liquid
22.320	25.534	166.64	0.0060010	-0.032033	-0.027778	-1.2972	17.115	28.069	907.74	-0.0069729	undefined	undefined	liquid
22.320	25.538	166.64	0.0060010	-0.032034	-0.027777	-1.2972	17.115	28.069	907.74	-0.0069729	undefined	undefined	liquid
22.320	25.542	166.64	0.0060010	-0.032034	-0.027777	-1.2972	17.115	28.069	907.74	-0.0069729	undefined	undefined	liquid
22.320	25.547	166.64	0.0060009	-0.032034	-0.027776	-1.2972	17.115	28.069	907.74	-0.0069729	undefined	undefined	liquid
22.320	25.551	166.64	0.0060009	-0.032034	-0.027776	-1.2973	17.115	28.069	907.74	-0.0069729	undefined	undefined	liquid
22.320	25.555	166.64	0.0060009	-0.032035	-0.027775	-1.2973	17.115	28.069	907.75	-0.0069729	undefined	undefined	liquid
22.320	25.559	166.64	0.0060009	-0.032035	-0.027775	-1.2973	17.115	28.069	907.75	-0.0069729	undefined	undefined	liquid
22.320	25.563	166.64	0.0060009	-0.032035	-0.027775	-1.2973	17.115	28.069	907.75	-0.0069729	undefined	undefined	liquid
22.320	25.568	166.64	0.0060009	-0.032035	-0.027774	-1.2973	17.115	28.069	907.75	-0.0069730	undefined	undefined	liquid
22.320	25.572	166.64	0.0060009	-0.032036	-0.027774	-1.2973	17.115	28.069	907.75	-0.0069730	undefined	undefined	liquid
22.320	25.576	166.64	0.0060009	-0.032036	-0.027773	-1.2973	17.115	28.069	907.75	-0.0069730	undefined	undefined	liquid
22.320	25.580	166.64	0.0060009	-0.032036	-0.027773	-1.2973	17.115	28.069	907.75	-0.0069730	undefined	undefined	liquid
22.320	25.584	166.64	0.0060009	-0.032036	-0.027772	-1.2973	17.115	28.069	907.75	-0.0069730	undefined	undefined	liquid
22.320	25.589	166.64	0.0060009	-0.032037	-0.027772	-1.2974	17.115	28.069	907.75	-0.0069730	undefined	undefined	liquid
22.320	25.593	166.64	0.0060009	-0.032037	-0.027771	-1.2974	17.115	28.069	907.75	-0.0069730	undefined	undefined	liquid
22.320	25.597	166.64	0.0060009	-0.032037	-0.027771	-1.2974	17.115	28.069	907.75	-0.0069731	undefined	undefined	liquid
22.320	25.601	166.64	0.0060009	-0.032037	-0.027770	-1.2974	17.115	28.069	907.75	-0.0069731	undefined	undefined	liquid
22.320	25.605	166.64	0.0060009	-0.032037	-0.027770	-1.2974	17.115	28.069	907.75	-0.0069731	undefined	undefined	liquid
22.320	25.610	166.64	0.0060009	-0.032038	-0.027769	-1.2974	17.115	28.069	907.75	-0.0069731	undefined	undefined	liquid
22.320	25.614	166.64	0.0060009	-0.032038	-0.027769	-1.2974	17.115	28.069	907.75	-0.0069731	undefined	undefined	liquid
22.320	25.618	166.64	0.0060009	-0.032038	-0.027769	-1.2974	17.115	28.069	907.75	-0.0069731	undefined	undefined	liquid
22.320	25.622	166.64	0.0060009	-0.032038	-0.027768	-1.2974	17.115	28.069	907.75	-0.0069731	undefined	undefined	liquid
22.320	25.626	166.64	0.0060009	-0.032039	-0.027768	-1.2974	17.115	28.069	907.75	-0.0069731	undefined	undefined	liquid
22.320	25.631	166.64	0.0060009	-0.032039	-0.027767	-1.2975	17.115	28.069	907.75	-0.0069732	undefined	undefined	liquid
22.320	25.635	166.64	0.0060009	-0.032039	-0.027767	-1.2975	17.115	28.069	907.76	-0.0069732	undefined	undefined	liquid
22.320	25.639	166.64	0.0060009	-0.032039	-0.027766	-1.2975	17.115	28.069	907.76	-0.0069732	undefined	undefined	liquid
22.320	25.643	166.64	0.0060009	-0.032040	-0.027766	-1.2975	17.115	28.069	907.76	-0.0069732	undefined	undefined	liquid
22.320	25.647	166.64	0.0060009	-0.032040	-0.027765	-1.2975	17.115	28.069	907.76	-0.0069732	undefined	undefined	liquid
22.320	25.652	166.64	0.0060009	-0.032040	-0.027765	-1.2975	17.115	28.069	907.76	-0.0069732	undefined	undefined	liquid
22.320	25.656	166.64	0.0060009	-0.032040	-0.027764	-1.2975	17.115	28.069	907.76	-0.0069732	undefined	undefined	liquid
22.320	25.660	166.64	0.0060009	-0.032041	-0.027764	-1.2975	17.115	28.069	907.76	-0.0069732	undefined	undefined	liquid
22.320	25.664	166.64	0.0060009	-0.032041	-0.027764	-1.2975	17.115	28.069	907.76	-0.0069733	undefined	undefined	liquid
22.320	25.668	166.64	0.0060009	-0.032041	-0.027763	-1.2976	17.115	28.069	907.76	-0.0069733	undefined	undefined	liquid
22.320	25.673	166.64	0.0060009	-0.032041	-0.027763	-1.2976	17.115	28.069	907.76	-0.0069733	undefined	undefined	liquid
22.320	25.677	166.64	0.0060009	-0.032042	-0.027762	-1.2976	17.115	28.069	907.76	-0.0069733	undefined	undefined	liquid
22.320	25.681	166.64	0.0060009	-0.032042	-0.027762	-1.2976	17.115	28.069	907.76	-0.0069733	undefined	undefined	liquid
22.320	25.685	166.64	0.0060009	-0.032042	-0.027761	-1.2976	17.115	28.069	907.76	-0.0069733	undefined	undefined	liquid
22.320	25.689	166.64	0.0060009	-0.032042	-0.027761	-1.2976	17.115	28.069	907.76	-0.0069733	undefined	undefined	liquid
22.320	25.694	166.64	0.0060009	-0.032043	-0.027760	-1.2976	17.115	28.069	907.76	-0.0069734	undefined	undefined	liquid
22.320	25.698	166.64	0.0060009	-0.032043	-0.027760	-1.2976	17.115	28.069	907.76	-0.0069734	undefined	undefined	liquid
22.320	25.702	166.64	0.0060009	-0.032043	-0.027759	-1.2976	17.115	28.069	907.76	-0.0069734	undefined	undefined	liquid
22.320	25.706	166.64	0.0060009	-0.032043	-0.027759	-1.2977	17.115	28.068	907.76	-0.0069734	undefined	undefined	liquid
22.320	25.710	166.64	0.0060009	-0.032044	-0.027759	-1.2977	17.115	28.068	907.76	-0.0069734	undefined	undefined	liquid
22.320	25.715	166.64	0.0060009	-0.032044	-0.027758	-1.2977	17.115	28.068	907.76	-0.0069734	undefined	undefined	liquid
22.320	25.719	166.64	0.0060009	-0.032044	-0.027758	-1.2977	17.115	28.068	907.77	-0.0069734	undefined	undefined	liquid
22.320	25.723	166.64	0.0060009	-0.032044	-0.027757	-1.2977	17.115	28.068	907.77	-0.0069734	undefined	undefined	liquid
22.320	25.727	166.64	0.0060009	-0.032045	-0.027757	-1.2977	17.115	28.068	907.77	-0.0069735	undefined	undefined	liquid
22.320	25.731	166.64	0.0060009	-0.032045	-0.027756	-1.2977	17.115	28.068	907.77	-0.0069735	undefined	undefined	liquid
22.320	25.736	166.64	0.0060009	-0.032045	-0.027756	-1.2977	17.115	28.068	907.77	-0.0069735	undefined	undefined	liquid
22.320	25.740	166.64	0.0060009	-0.032045	-0.027755	-1.2977	17.115	28.068	907.77	-0.0069735	undefined	undefined	liquid
22.320	25.744	166.64	0.0060009	-0.032045	-0.027755	-1.2978	17.115	28.068	907.77	-0.0069735	undefined	undefined	liquid
22.320	25.748	166.64	0.0060008	-0.032046	-0.027754	-1.2978	17.115	28.068	907.77	-0.0069735	undefined	undefined	liquid
22.320	25.752	166.64	0.0060008	-0.032046	-0.027754	-1.2978	17.115	28.068	907.77	-0.0069735	undefined	undefined	liquid
22.320	25.757	166.64	0.0060008	-0.032046	-0.027753	-1.2978	17.115	28.068	907.77	-0.0069735	undefined	undefined	liquid
22.320	25.761	166.64	0.0060008	-0.032046	-0.027753	-1.2978	17.115	28.068	907.77	-0.0069736	undefined	undefined	liquid
22.320	25.765	166.64	0.0060008	-0.032047	-0.027753	-1.2978	17.115	28.068	907.77	-0.0069736	undefined	undefined	liquid
22.320	25.769	166.64	0.0060008	-0.032047	-0.027752	-1.2978	17.115	28.068	907.77	-0.0069736	undefined	undefined	liquid
22.320	25.773	166.64	0.0060008	-0.032047	-0.027752	-1.2978	17.115	28.068	907.77	-0.0069736	undefined	undefined	liquid
22.320	25.778	166.64	0.0060008	-0.032047	-0.027751	-1.2978	17.115	28.068	907.77	-0.0069736	undefined	undefined	liquid
22.320	25.782	166.64	0.0060008	-0.032048	-0.027751	-1.2979	17.115	28.068	907.77	-0.0069736	undefined	undefined	liquid
22.320	25.786	166.64	0.0060008	-0.032048	-0.027750	-1.2979	17.115	28.068	907.77	-0.0069736	undefined	undefined	liquid
22.320	25.790	166.64	0.0060008	-0.032048	-0.027750	-1.2979	17.115	28.068	907.77	-0.0069736	undefined	undefined	liquid
22.320	25.794	166.64	0.0060008	-0.032048	-0.027749	-1.2979	17.115	28.068	907.77	-0.0069737	undefined	undefined	liquid
22.320	25.799	166.64	0.0060008	-0.032049	-0.027749	-1.2979	17.115	28.068	907.78	-0.0069737	undefined	undefined	liquid
22.320	25.803	166.64	0.0060008	-0.032049	-0.027748	-1.2979	17.115	28.068	907.78	-0.0069737	undefined	undefined	liquid
22.320	25.807	166.64	0.0060008	-0.032049	-0.027748	-1.2979	17.115	28.068	907.78	-0.0069737	undefined	undefined	liquid
22.320	25.811	166.64	0.0060008	-0.032049	-0.027748	-1.2979	17.115	28.068	907.78	-0.0069737	undefined	undefined	liquid
22.320	25.815	166.64	0.0060008	-0.032050	-0.027747	-1.2979	17.115	28.068	907.78	-0.0069737	undefined	undefined	liquid
22.320	25.820	166.64	0.0060008	-0.032050	-0.027747	-1.2979	17.115	28.068	907.78	-0.0069737	undefined	undefined	liquid
22.320	25.824	166.64	0.0060008	-0.032050	-0.027746	-1.2980	17.115	28.068	907.78	-0.0069738	undefined	undefined	liquid
22.320	25.828	166.64	0.0060008	-0.032050	-0.027746	-1.2980	17.115	28.068	907.78	-0.0069738	undefined	undefined	liquid
22.320	25.832	166.64	0.0060008	-0.032051	-0.027745	-1.2980	17.115	28.068	907.78	-0.0069738	undefined	undefined	liquid
22.320	25.836	166.64	0.0060008	-0.032051	-0.027745	-1.2980	17.115	28.068	907.78	-0.0069738	undefined	undefined	liquid
22.320	25.841	166.64	0.0060008	-0.032051	-0.027744	-1.2980	17.115	28.068	907.78	-0.0069738	undefined	undefined	liquid
22.320	25.845	166.64	0.0060008	-0.032051	-0.027744	-1.2980	17.115	28.068	907.78	-0.0069738	undefined	undefined	liquid
22.320	25.849	166.64	0.0060008	-0.032052	-0.027743	-1.2980	17.115	28.068	907.78	-0.0069738	undefined	undefined	liquid
22.320	25.853	166.64	0.0060008	-0.032052	-0.027743	-1.2980	17.115	28.068	907.78	-0.0069738	undefined	undefined	liquid
22.320	25.857	166.64	0.0060008	-0.032052	-0.027743	-1.2980	17.115	28.068	907.78	-0.0069739	undefined	undefined	liquid
22.320	25.862	166.64	0.0060008	-0.032052	-0.027742	-1.2981	17.115	28.068	907.78	-0.0069739	undefined	undefined	liquid
22.320	25.866	166.64	0.0060008	-0.032052	-0.027742	-1.2981	17.115	28.068	907.78	-0.0069739	undefined	undefined	liquid
22.320	25.870	166.64	0.0060008	-0.032053	-0.027741	-1.2981	17.115	28.068	907.78	-0.0069739	undefined	undefined	liquid
22.320	25.874	166.64	0.0060008	-0.032053	-0.027741	-1.2981	17.115	28.068	907.78	-0.0069739	undefined	undefined	liquid
22.320	25.878	166.64	0.0060008	-0.032053	-0.027740	-1.2981	17.115	28.068	907.78	-0.0069739	undefined	undefined	liquid
22.320	25.883	166.64	0.0060008	-0.032053	-0.027740	-1.2981	17.115	28.067	907.79	-0.0069739	undefined	undefined	liquid
22.320	25.887	166.64	0.0060008	-0.032054	-0.027739	-1.2981	17.115	28.067	907.79	-0.0069739	undefined	undefined	liquid
22.320	25.891	166.65	0.0060008	-0.032054	-0.027739	-1.2981	17.115	28.067	907.79	-0.0069740	undefined	undefined	liquid
22.320	25.895	166.65	0.0060008	-0.032054	-0.027738	-1.2981	17.115	28.067	907.79	-0.0069740	undefined	undefined	liquid
22.320	25.899	166.65	0.0060008	-0.032054	-0.027738	-1.2982	17.115	28.067	907.79	-0.0069740	undefined	undefined	liquid
22.320	25.904	166.65	0.0060008	-0.032055	-0.027738	-1.2982	17.115	28.067	907.79	-0.0069740	undefined	undefined	liquid
22.320	25.908	166.65	0.0060008	-0.032055	-0.027737	-1.2982	17.115	28.067	907.79	-0.0069740	undefined	undefined	liquid
22.320	25.912	166.65	0.0060008	-0.032055	-0.027737	-1.2982	17.115	28.067	907.79	-0.0069740	undefined	undefined	liquid
22.320	25.916	166.65	0.0060008	-0.032055	-0.027736	-1.2982	17.115	28.067	907.79	-0.0069740	undefined	undefined	liquid
22.320	25.920	166.65	0.0060008	-0.032056	-0.027736	-1.2982	17.115	28.067	907.79	-0.0069741	undefined	undefined	liquid
22.320	25.925	166.65	0.0060008	-0.032056	-0.027735	-1.2982	17.115	28.067	907.79	-0.0069741	undefined	undefined	liquid
22.320	25.929	166.65	0.0060008	-0.032056	-0.027735	-1.2982	17.115	28.067	907.79	-0.0069741	undefined	undefined	liquid
22.320	25.933	166.65	0.0060008	-0.032056	-0.027734	-1.2982	17.115	28.067	907.79	-0.0069741	undefined	undefined	liquid
22.320	25.937	166.65	0.0060008	-0.032057	-0.027734	-1.2983	17.115	28.067	907.79	-0.0069741	undefined	undefined	liquid
22.320	25.941	166.65	0.0060008	-0.032057	-0.027733	-1.2983	17.115	28.067	907.79	-0.0069741	undefined	undefined	liquid
22.320	25.946	166.65	0.0060008	-0.032057	-0.027733	-1.2983	17.115	28.067	907.79	-0.0069741	undefined	undefined	liquid
22.320	25.950	166.65	0.0060008	-0.032057	-0.027732	-1.2983	17.115	28.067	907.79	-0.0069741	undefined	undefined	liquid
22.320	25.954	166.65	0.0060007	-0.032058	-0.027732	-1.2983	17.115	28.067	907.79	-0.0069742	undefined	undefined	liquid
22.320	25.958	166.65	0.0060007	-0.032058	-0.027732	-1.2983	17.115	28.067	907.79	-0.0069742	undefined	undefined	liquid
22.320	25.962	166.65	0.0060007	-0.032058	-0.027731	-1.2983	17.115	28.067	907.80	-0.0069742	undefined	undefined	liquid
22.320	25.967	166.65	0.0060007	-0.032058	-0.027731	-1.2983	17.115	28.067	907.80	-0.0069742	undefined	undefined	liquid
22.320	25.971	166.65	0.0060007	-0.032059	-0.027730	-1.2983	17.115	28.067	907.80	-0.0069742	undefined	undefined	liquid
22.320	25.975	166.65	0.0060007	-0.032059	-0.027730	-1.2984	17.115	28.067	907.80	-0.0069742	undefined	undefined	liquid
22.320	25.979	166.65	0.0060007	-0.032059	-0.027729	-1.2984	17.115	28.067	907.80	-0.0069742	undefined	undefined	liquid
22.320	25.983	166.65	0.0060007	-0.032059	-0.027729	-1.2984	17.115	28.067	907.80	-0.0069742	undefined	undefined	liquid
22.320	25.988	166.65	0.0060007	-0.032059	-0.027728	-1.2984	17.115	28.067	907.80	-0.0069743	undefined	undefined	liquid
22.320	25.992	166.65	0.0060007	-0.032060	-0.027728	-1.2984	17.115	28.067	907.80	-0.0069743	undefined	undefined	liquid
22.320	25.996	166.65	0.0060007	-0.032060	-0.027727	-1.2984	17.115	28.067	907.80	-0.0069743	undefined	undefined	liquid
22.320	26.000	166.65	0.0060007	-0.032060	-0.027727	-1.2984	17.115	28.067	907.80	-0.0069743	undefined	undefined	liquid
22.320	26.004	166.65	0.0060007	-0.032060	-0.027727	-1.2984	17.115	28.067	907.80	-0.0069743	undefined	undefined	liquid
22.320	26.009	166.65	0.0060007	-0.032061	-0.027726	-1.2984	17.115	28.067	907.80	-0.0069743	undefined	undefined	liquid
22.320	26.013	166.65	0.0060007	-0.032061	-0.027726	-1.2985	17.115	28.067	907.80	-0.0069743	undefined	undefined	liquid
22.320	26.017	166.65	0.0060007	-0.032061	-0.027725	-1.2985	17.115	28.067	907.80	-0.0069743	undefined	undefined	liquid
22.320	26.021	166.65	0.0060007	-0.032061	-0.027725	-1.2985	17.115	28.067	907.80	-0.0069744	undefined	undefined	liquid
22.320	26.025	166.65	0.0060007	-0.032062	-0.027724	-1.2985	17.115	28.067	907.80	-0.0069744	undefined	undefined	liquid
22.320	26.030	166.65	0.0060007	-0.032062	-0.027724	-1.2985	17.115	28.067	907.80	-0.0069744	undefined	undefined	liquid
22.320	26.034	166.65	0.0060007	-0.032062	-0.027723	-1.2985	17.115	28.067	907.80	-0.0069744	undefined	undefined	liquid
22.320	26.038	166.65	0.0060007	-0.032062	-0.027723	-1.2985	17.115	28.067	907.80	-0.0069744	undefined	undefined	liquid
22.320	26.042	166.65	0.0060007	-0.032063	-0.027722	-1.2985	17.115	28.067	907.81	-0.0069744	undefined	undefined	liquid
22.320	26.046	166.65	0.0060007	-0.032063	-0.027722	-1.2985	17.115	28.067	907.81	-0.0069744	undefined	undefined	liquid
22.320	26.051	166.65	0.0060007	-0.032063	-0.027722	-1.2985	17.115	28.067	907.81	-0.0069745	undefined	undefined	liquid
22.320	26.055	166.65	0.0060007	-0.032063	-0.027721	-1.2986	17.115	28.067	907.81	-0.0069745	undefined	undefined	liquid
22.320	26.059	166.65	0.0060007	-0.032064	-0.027721	-1.2986	17.115	28.067	907.81	-0.0069745	undefined	undefined	liquid
22.320	26.063	166.65	0.0060007	-0.032064	-0.027720	-1.2986	17.115	28.066	907.81	-0.0069745	undefined	undefined	liquid
22.320	26.067	166.65	0.0060007	-0.032064	-0.027720	-1.2986	17.115	28.066	907.81	-0.0069745	undefined	undefined	liquid
22.320	26.072	166.65	0.0060007	-0.032064	-0.027719	-1.2986	17.115	28.066	907.81	-0.0069745	undefined	undefined	liquid
22.320	26.076	166.65	0.0060007	-0.032065	-0.027719	-1.2986	17.116	28.066	907.81	-0.0069745	undefined	undefined	liquid
22.320	26.080	166.65	0.0060007	-0.032065	-0.027718	-1.2986	17.116	28.066	907.81	-0.0069745	undefined	undefined	liquid
22.320	26.084	166.65	0.0060007	-0.032065	-0.027718	-1.2986	17.116	28.066	907.81	-0.0069746	undefined	undefined	liquid
22.320	26.088	166.65	0.0060007	-0.032065	-0.027717	-1.2986	17.116	28.066	907.81	-0.0069746	undefined	undefined	liquid
22.320	26.093	166.65	0.0060007	-0.032066	-0.027717	-1.2987	17.116	28.066	907.81	-0.0069746	undefined	undefined	liquid
22.320	26.097	166.65	0.0060007	-0.032066	-0.027716	-1.2987	17.116	28.066	907.81	-0.0069746	undefined	undefined	liquid
22.320	26.101	166.65	0.0060007	-0.032066	-0.027716	-1.2987	17.116	28.066	907.81	-0.0069746	undefined	undefined	liquid
22.320	26.105	166.65	0.0060007	-0.032066	-0.027716	-1.2987	17.116	28.066	907.81	-0.0069746	undefined	undefined	liquid
22.320	26.109	166.65	0.0060007	-0.032067	-0.027715	-1.2987	17.116	28.066	907.81	-0.0069746	undefined	undefined	liquid
22.320	26.114	166.65	0.0060007	-0.032067	-0.027715	-1.2987	17.116	28.066	907.81	-0.0069746	undefined	undefined	liquid
22.320	26.118	166.65	0.0060007	-0.032067	-0.027714	-1.2987	17.116	28.066	907.81	-0.0069747	undefined	undefined	liquid
22.320	26.122	166.65	0.0060007	-0.032067	-0.027714	-1.2987	17.116	28.066	907.81	-0.0069747	undefined	undefined	liquid
22.320	26.126	166.65	0.0060007	-0.032067	-0.027713	-1.2987	17.116	28.066	907.82	-0.0069747	undefined	undefined	liquid
22.320	26.130	166.65	0.0060007	-0.032068	-0.027713	-1.2988	17.116	28.066	907.82	-0.0069747	undefined	undefined	liquid
22.320	26.135	166.65	0.0060007	-0.032068	-0.027712	-1.2988	17.116	28.066	907.82	-0.0069747	undefined	undefined	liquid
22.320	26.139	166.65	0.0060007	-0.032068	-0.027712	-1.2988	17.116	28.066	907.82	-0.0069747	undefined	undefined	liquid
22.320	26.143	166.65	0.0060007	-0.032068	-0.027711	-1.2988	17.116	28.066	907.82	-0.0069747	undefined	undefined	liquid
22.320	26.147	166.65	0.0060007	-0.032069	-0.027711	-1.2988	17.116	28.066	907.82	-0.0069748	undefined	undefined	liquid
22.320	26.151	166.65	0.0060007	-0.032069	-0.027711	-1.2988	17.116	28.066	907.82	-0.0069748	undefined	undefined	liquid
22.320	26.156	166.65	0.0060006	-0.032069	-0.027710	-1.2988	17.116	28.066	907.82	-0.0069748	undefined	undefined	liquid
22.320	26.160	166.65	0.0060006	-0.032069	-0.027710	-1.2988	17.116	28.066	907.82	-0.0069748	undefined	undefined	liquid
22.320	26.164	166.65	0.0060006	-0.032070	-0.027709	-1.2988	17.116	28.066	907.82	-0.0069748	undefined	undefined	liquid
22.320	26.168	166.65	0.0060006	-0.032070	-0.027709	-1.2989	17.116	28.066	907.82	-0.0069748	undefined	undefined	liquid
22.320	26.172	166.65	0.0060006	-0.032070	-0.027708	-1.2989	17.116	28.066	907.82	-0.0069748	undefined	undefined	liquid
22.320	26.177	166.65	0.0060006	-0.032070	-0.027708	-1.2989	17.116	28.066	907.82	-0.0069748	undefined	undefined	liquid
22.320	26.181	166.65	0.0060006	-0.032071	-0.027707	-1.2989	17.116	28.066	907.82	-0.0069749	undefined	undefined	liquid
22.320	26.185	166.65	0.0060006	-0.032071	-0.027707	-1.2989	17.116	28.066	907.82	-0.0069749	undefined	undefined	liquid
22.320	26.189	166.65	0.0060006	-0.032071	-0.027706	-1.2989	17.116	28.066	907.82	-0.0069749	undefined	undefined	liquid
22.320	26.193	166.65	0.0060006	-0.032071	-0.027706	-1.2989	17.116	28.066	907.82	-0.0069749	undefined	undefined	liquid
22.320	26.198	166.65	0.0060006	-0.032072	-0.027706	-1.2989	17.116	28.066	907.82	-0.0069749	undefined	undefined	liquid
22.320	26.202	166.65	0.0060006	-0.032072	-0.027705	-1.2989	17.116	28.066	907.82	-0.0069749	undefined	undefined	liquid
22.320	26.206	166.65	0.0060006	-0.032072	-0.027705	-1.2990	17.116	28.066	907.83	-0.0069749	undefined	undefined	liquid
22.320	26.210	166.65	0.0060006	-0.032072	-0.027704	-1.2990	17.116	28.066	907.83	-0.0069749	undefined	undefined	liquid
22.320	26.214	166.65	0.0060006	-0.032073	-0.027704	-1.2990	17.116	28.066	907.83	-0.0069750	undefined	undefined	liquid
22.320	26.219	166.65	0.0060006	-0.032073	-0.027703	-1.2990	17.116	28.066	907.83	-0.0069750	undefined	undefined	liquid
22.320	26.223	166.65	0.0060006	-0.032073	-0.027703	-1.2990	17.116	28.066	907.83	-0.0069750	undefined	undefined	liquid
22.320	26.227	166.65	0.0060006	-0.032073	-0.027702	-1.2990	17.116	28.066	907.83	-0.0069750	undefined	undefined	liquid
22.320	26.231	166.65	0.0060006	-0.032074	-0.027702	-1.2990	17.116	28.066	907.83	-0.0069750	undefined	undefined	liquid
22.320	26.235	166.65	0.0060006	-0.032074	-0.027701	-1.2990	17.116	28.066	907.83	-0.0069750	undefined	undefined	liquid
22.320	26.240	166.65	0.0060006	-0.032074	-0.027701	-1.2990	17.116	28.066	907.83	-0.0069750	undefined	undefined	liquid
22.320	26.244	166.65	0.0060006	-0.032074	-0.027701	-1.2991	17.116	28.065	907.83	-0.0069751	undefined	undefined	liquid
22.320	26.248	166.65	0.0060006	-0.032074	-0.027700	-1.2991	17.116	28.065	907.83	-0.0069751	undefined	undefined	liquid
22.320	26.252	166.65	0.0060006	-0.032075	-0.027700	-1.2991	17.116	28.065	907.83	-0.0069751	undefined	undefined	liquid
22.320	26.256	166.65	0.0060006	-0.032075	-0.027699	-1.2991	17.116	28.065	907.83	-0.0069751	undefined	undefined	liquid
22.320	26.261	166.65	0.0060006	-0.032075	-0.027699	-1.2991	17.116	28.065	907.83	-0.0069751	undefined	undefined	liquid
22.320	26.265	166.65	0.0060006	-0.032075	-0.027698	-1.2991	17.116	28.065	907.83	-0.0069751	undefined	undefined	liquid
22.320	26.269	166.65	0.0060006	-0.032076	-0.027698	-1.2991	17.116	28.065	907.83	-0.0069751	undefined	undefined	liquid
22.320	26.273	166.65	0.0060006	-0.032076	-0.027697	-1.2991	17.116	28.065	907.83	-0.0069751	undefined	undefined	liquid
22.320	26.277	166.65	0.0060006	-0.032076	-0.027697	-1.2991	17.116	28.065	907.83	-0.0069752	undefined	undefined	liquid
22.320	26.282	166.65	0.0060006	-0.032076	-0.027696	-1.2991	17.116	28.065	907.83	-0.0069752	undefined	undefined	liquid
22.320	26.286	166.65	0.0060006	-0.032077	-0.027696	-1.2992	17.116	28.065	907.84	-0.0069752	undefined	undefined	liquid
22.320	26.290	166.65	0.0060006	-0.032077	-0.027695	-1.2992	17.116	28.065	907.84	-0.0069752	undefined	undefined	liquid
22.320	26.294	166.65	0.0060006	-0.032077	-0.027695	-1.2992	17.116	28.065	907.84	-0.0069752	undefined	undefined	liquid
22.320	26.298	166.65	0.0060006	-0.032077	-0.027695	-1.2992	17.116	28.065	907.84	-0.0069752	undefined	undefined	liquid
22.320	26.303	166.65	0.0060006	-0.032078	-0.027694	-1.2992	17.116	28.065	907.84	-0.0069752	undefined	undefined	liquid
22.320	26.307	166.65	0.0060006	-0.032078	-0.027694	-1.2992	17.116	28.065	907.84	-0.0069752	undefined	undefined	liquid
22.320	26.311	166.65	0.0060006	-0.032078	-0.027693	-1.2992	17.116	28.065	907.84	-0.0069753	undefined	undefined	liquid
22.320	26.315	166.65	0.0060006	-0.032078	-0.027693	-1.2992	17.116	28.065	907.84	-0.0069753	undefined	undefined	liquid
22.320	26.319	166.65	0.0060006	-0.032079	-0.027692	-1.2992	17.116	28.065	907.84	-0.0069753	undefined	undefined	liquid
22.320	26.324	166.65	0.0060006	-0.032079	-0.027692	-1.2993	17.116	28.065	907.84	-0.0069753	undefined	undefined	liquid
22.320	26.328	166.65	0.0060006	-0.032079	-0.027691	-1.2993	17.116	28.065	907.84	-0.0069753	undefined	undefined	liquid
22.320	26.332	166.65	0.0060006	-0.032079	-0.027691	-1.2993	17.116	28.065	907.84	-0.0069753	undefined	undefined	liquid
22.320	26.336	166.65	0.0060006	-0.032080	-0.027690	-1.2993	17.116	28.065	907.84	-0.0069753	undefined	undefined	liquid
22.320	26.340	166.65	0.0060006	-0.032080	-0.027690	-1.2993	17.116	28.065	907.84	-0.0069753	undefined	undefined	liquid
22.320	26.345	166.65	0.0060006	-0.032080	-0.027690	-1.2993	17.116	28.065	907.84	-0.0069754	undefined	undefined	liquid
22.320	26.349	166.65	0.0060006	-0.032080	-0.027689	-1.2993	17.116	28.065	907.84	-0.0069754	undefined	undefined	liquid
22.320	26.353	166.65	0.0060006	-0.032081	-0.027689	-1.2993	17.116	28.065	907.84	-0.0069754	undefined	undefined	liquid
22.320	26.357	166.65	0.0060005	-0.032081	-0.027688	-1.2993	17.116	28.065	907.84	-0.0069754	undefined	undefined	liquid
22.320	26.361	166.65	0.0060005	-0.032081	-0.027688	-1.2994	17.116	28.065	907.84	-0.0069754	undefined	undefined	liquid
22.320	26.366	166.65	0.0060005	-0.032081	-0.027687	-1.2994	17.116	28.065	907.84	-0.0069754	undefined	undefined	liquid
22.320	26.370	166.65	0.0060005	-0.032081	-0.027687	-1.2994	17.116	28.065	907.85	-0.0069754	undefined	undefined	liquid
22.320	26.374	166.65	0.0060005	-0.032082	-0.027686	-1.2994	17.116	28.065	907.85	-0.0069755	undefined	undefined	liquid
22.320	26.378	166.65	0.0060005	-0.032082	-0.027686	-1.2994	17.116	28.065	907.85	-0.0069755	undefined	undefined	liquid
22.320	26.382	166.65	0.0060005	-0.032082	-0.027685	-1.2994	17.116	28.065	907.85	-0.0069755	undefined	undefined	liquid
22.320	26.387	166.65	0.0060005	-0.032082	-0.027685	-1.2994	17.116	28.065	907.85	-0.0069755	undefined	undefined	liquid
22.320	26.391	166.65	0.0060005	-0.032083	-0.027685	-1.2994	17.116	28.065	907.85	-0.0069755	undefined	undefined	liquid
22.320	26.395	166.65	0.0060005	-0.032083	-0.027684	-1.2994	17.116	28.065	907.85	-0.0069755	undefined	undefined	liquid
22.320	26.399	166.65	0.0060005	-0.032083	-0.027684	-1.2995	17.116	28.065	907.85	-0.0069755	undefined	undefined	liquid
22.320	26.403	166.65	0.0060005	-0.032083	-0.027683	-1.2995	17.116	28.065	907.85	-0.0069755	undefined	undefined	liquid
22.320	26.408	166.65	0.0060005	-0.032084	-0.027683	-1.2995	17.116	28.065	907.85	-0.0069756	undefined	undefined	liquid
22.320	26.412	166.65	0.0060005	-0.032084	-0.027682	-1.2995	17.116	28.065	907.85	-0.0069756	undefined	undefined	liquid
22.320	26.416	166.65	0.0060005	-0.032084	-0.027682	-1.2995	17.116	28.065	907.85	-0.0069756	undefined	undefined	liquid
22.320	26.420	166.65	0.0060005	-0.032084	-0.027681	-1.2995	17.116	28.064	907.85	-0.0069756	undefined	undefined	liquid
22.320	26.424	166.65	0.0060005	-0.032085	-0.027681	-1.2995	17.116	28.064	907.85	-0.0069756	undefined	undefined	liquid
22.320	26.429	166.65	0.0060005	-0.032085	-0.027680	-1.2995	17.116	28.064	907.85	-0.0069756	undefined	undefined	liquid
22.320	26.433	166.65	0.0060005	-0.032085	-0.027680	-1.2995	17.116	28.064	907.85	-0.0069756	undefined	undefined	liquid
22.320	26.437	166.65	0.0060005	-0.032085	-0.027679	-1.2996	17.116	28.064	907.85	-0.0069756	undefined	undefined	liquid
22.320	26.441	166.65	0.0060005	-0.032086	-0.027679	-1.2996	17.116	28.064	907.85	-0.0069757	undefined	undefined	liquid
22.320	26.445	166.65	0.0060005	-0.032086	-0.027679	-1.2996	17.116	28.064	907.85	-0.0069757	undefined	undefined	liquid
22.320	26.450	166.65	0.0060005	-0.032086	-0.027678	-1.2996	17.116	28.064	907.86	-0.0069757	undefined	undefined	liquid
22.320	26.454	166.65	0.0060005	-0.032086	-0.027678	-1.2996	17.116	28.064	907.86	-0.0069757	undefined	undefined	liquid
22.320	26.458	166.65	0.0060005	-0.032087	-0.027677	-1.2996	17.116	28.064	907.86	-0.0069757	undefined	undefined	liquid
22.320	26.462	166.65	0.0060005	-0.032087	-0.027677	-1.2996	17.116	28.064	907.86	-0.0069757	undefined	undefined	liquid
22.320	26.466	166.65	0.0060005	-0.032087	-0.027676	-1.2996	17.116	28.064	907.86	-0.0069757	undefined	undefined	liquid
22.320	26.471	166.65	0.0060005	-0.032087	-0.027676	-1.2996	17.116	28.064	907.86	-0.0069758	undefined	undefined	liquid
22.320	26.475	166.65	0.0060005	-0.032088	-0.027675	-1.2996	17.116	28.064	907.86	-0.0069758	undefined	undefined	liquid
22.320	26.479	166.65	0.0060005	-0.032088	-0.027675	-1.2997	17.116	28.064	907.86	-0.0069758	undefined	undefined	liquid
22.320	26.483	166.65	0.0060005	-0.032088	-0.027674	-1.2997	17.116	28.064	907.86	-0.0069758	undefined	undefined	liquid
22.320	26.487	166.65	0.0060005	-0.032088	-0.027674	-1.2997	17.116	28.064	907.86	-0.0069758	undefined	undefined	liquid
22.320	26.492	166.65	0.0060005	-0.032088	-0.027674	-1.2997	17.116	28.064	907.86	-0.0069758	undefined	undefined	liquid
22.320	26.496	166.65	0.0060005	-0.032089	-0.027673	-1.2997	17.116	28.064	907.86	-0.0069758	undefined	undefined	liquid
22.320	26.500	166.65	0.0060005	-0.032089	-0.027673	-1.2997	17.116	28.064	907.86	-0.0069758	undefined	undefined	liquid
22.320	26.504	166.65	0.0060005	-0.032089	-0.027672	-1.2997	17.116	28.064	907.86	-0.0069759	undefined	undefined	liquid
22.320	26.508	166.65	0.0060005	-0.032089	-0.027672	-1.2997	17.116	28.064	907.86	-0.0069759	undefined	undefined	liquid
22.320	26.513	166.65	0.0060005	-0.032090	-0.027671	-1.2997	17.116	28.064	907.86	-0.0069759	undefined	undefined	liquid
22.320	26.517	166.65	0.0060005	-0.032090	-0.027671	-1.2998	17.116	28.064	907.86	-0.0069759	undefined	undefined	liquid
22.320	26.521	166.65	0.0060005	-0.032090	-0.027670	-1.2998	17.116	28.064	907.86	-0.0069759	undefined	undefined	liquid
22.320	26.525	166.65	0.0060005	-0.032090	-0.027670	-1.2998	17.116	28.064	907.86	-0.0069759	undefined	undefined	liquid
22.320	26.529	166.65	0.0060005	-0.032091	-0.027669	-1.2998	17.116	28.064	907.87	-0.0069759	undefined	undefined	liquid
22.320	26.534	166.65	0.0060005	-0.032091	-0.027669	-1.2998	17.116	28.064	907.87	-0.0069759	undefined	undefined	liquid
22.320	26.538	166.65	0.0060005	-0.032091	-0.027669	-1.2998	17.116	28.064	907.87	-0.0069760	undefined	undefined	liquid
22.320	26.542	166.65	0.0060005	-0.032091	-0.027668	-1.2998	17.116	28.064	907.87	-0.0069760	undefined	undefined	liquid
22.320	26.546	166.65	0.0060005	-0.032092	-0.027668	-1.2998	17.116	28.064	907.87	-0.0069760	undefined	undefined	liquid
22.320	26.550	166.65	0.0060005	-0.032092	-0.027667	-1.2998	17.116	28.064	907.87	-0.0069760	undefined	undefined	liquid
22.320	26.555	166.65	0.0060005	-0.032092	-0.027667	-1.2999	17.116	28.064	907.87	-0.0069760	undefined	undefined	liquid
22.320	26.559	166.65	0.0060004	-0.032092	-0.027666	-1.2999	17.116	28.064	907.87	-0.0069760	undefined	undefined	liquid
22.320	26.563	166.65	0.0060004	-0.032093	-0.027666	-1.2999	17.116	28.064	907.87	-0.0069760	undefined	undefined	liquid
22.320	26.567	166.65	0.0060004	-0.032093	-0.027665	-1.2999	17.116	28.064	907.87	-0.0069760	undefined	undefined	liquid
22.320	26.571	166.65	0.0060004	-0.032093	-0.027665	-1.2999	17.116	28.064	907.87	-0.0069761	undefined	undefined	liquid
22.320	26.576	166.65	0.0060004	-0.032093	-0.027664	-1.2999	17.116	28.064	907.87	-0.0069761	undefined	undefined	liquid
22.320	26.580	166.65	0.0060004	-0.032094	-0.027664	-1.2999	17.116	28.064	907.87	-0.0069761	undefined	undefined	liquid
22.320	26.584	166.65	0.0060004	-0.032094	-0.027664	-1.2999	17.116	28.064	907.87	-0.0069761	undefined	undefined	liquid
22.320	26.588	166.65	0.0060004	-0.032094	-0.027663	-1.2999	17.116	28.064	907.87	-0.0069761	undefined	undefined	liquid
22.320	26.592	166.65	0.0060004	-0.032094	-0.027663	-1.3000	17.116	28.064	907.87	-0.0069761	undefined	undefined	liquid
22.320	26.597	166.65	0.0060004	-0.032095	-0.027662	-1.3000	17.116	28.064	907.87	-0.0069761	undefined	undefined	liquid
22.320	26.601	166.65	0.0060004	-0.032095	-0.027662	-1.3000	17.116	28.063	907.87	-0.0069762	undefined	undefined	liquid
22.320	26.605	166.65	0.0060004	-0.032095	-0.027661	-1.3000	17.116	28.063	907.87	-0.0069762	undefined	undefined	liquid
22.320	26.609	166.65	0.0060004	-0.032095	-0.027661	-1.3000	17.116	28.063	907.87	-0.0069762	undefined	undefined	liquid
22.320	26.613	166.65	0.0060004	-0.032096	-0.027660	-1.3000	17.116	28.063	907.88	-0.0069762	undefined	undefined	liquid
22.320	26.618	166.65	0.0060004	-0.032096	-0.027660	-1.3000	17.116	28.063	907.88	-0.0069762	undefined	undefined	liquid
22.320	26.622	166.66	0.0060004	-0.032096	-0.027659	-1.3000	17.116	28.063	907.88	-0.0069762	undefined	undefined	liquid
22.320	26.626	166.66	0.0060004	-0.032096	-0.027659	-1.3000	17.116	28.063	907.88	-0.0069762	undefined	undefined	liquid
22.320	26.630	166.66	0.0060004	-0.032096	-0.027658	-1.3001	17.116	28.063	907.88	-0.0069762	undefined	undefined	liquid
22.320	26.634	166.66	0.0060004	-0.032097	-0.027658	-1.3001	17.116	28.063	907.88	-0.0069763	undefined	undefined	liquid
22.320	26.639	166.66	0.0060004	-0.032097	-0.027658	-1.3001	17.116	28.063	907.88	-0.0069763	undefined	undefined	liquid
22.320	26.643	166.66	0.0060004	-0.032097	-0.027657	-1.3001	17.116	28.063	907.88	-0.0069763	undefined	undefined	liquid
22.320	26.647	166.66	0.0060004	-0.032097	-0.027657	-1.3001	17.116	28.063	907.88	-0.0069763	undefined	undefined	liquid
22.320	26.651	166.66	0.0060004	-0.032098	-0.027656	-1.3001	17.116	28.063	907.88	-0.0069763	undefined	undefined	liquid
22.320	26.655	166.66	0.0060004	-0.032098	-0.027656	-1.3001	17.116	28.063	907.88	-0.0069763	undefined	undefined	liquid
22.320	26.660	166.66	0.0060004	-0.032098	-0.027655	-1.3001	17.116	28.063	907.88	-0.0069763	undefined	undefined	liquid
22.320	26.664	166.66	0.0060004	-0.032098	-0.027655	-1.3001	17.116	28.063	907.88	-0.0069763	undefined	undefined	liquid
22.320	26.668	166.66	0.0060004	-0.032099	-0.027654	-1.3002	17.116	28.063	907.88	-0.0069764	undefined	undefined	liquid
22.320	26.672	166.66	0.0060004	-0.032099	-0.027654	-1.3002	17.116	28.063	907.88	-0.0069764	undefined	undefined	liquid
22.320	26.676	166.66	0.0060004	-0.032099	-0.027653	-1.3002	17.116	28.063	907.88	-0.0069764	undefined	undefined	liquid
22.320	26.681	166.66	0.0060004	-0.032099	-0.027653	-1.3002	17.116	28.063	907.88	-0.0069764	undefined	undefined	liquid
22.320	26.685	166.66	0.0060004	-0.032100	-0.027653	-1.3002	17.117	28.063	907.88	-0.0069764	undefined	undefined	liquid
22.320	26.689	166.66	0.0060004	-0.032100	-0.027652	-1.3002	17.117	28.063	907.88	-0.0069764	undefined	undefined	liquid
22.320	26.693	166.66	0.0060004	-0.032100	-0.027652	-1.3002	17.117	28.063	907.89	-0.0069764	undefined	undefined	liquid
22.320	26.697	166.66	0.0060004	-0.032100	-0.027651	-1.3002	17.117	28.063	907.89	-0.0069765	undefined	undefined	liquid
22.320	26.702	166.66	0.0060004	-0.032101	-0.027651	-1.3002	17.117	28.063	907.89	-0.0069765	undefined	undefined	liquid
22.320	26.706	166.66	0.0060004	-0.032101	-0.027650	-1.3002	17.117	28.063	907.89	-0.0069765	undefined	undefined	liquid
22.320	26.710	166.66	0.0060004	-0.032101	-0.027650	-1.3003	17.117	28.063	907.89	-0.0069765	undefined	undefined	liquid
22.320	26.714	166.66	0.0060004	-0.032101	-0.027649	-1.3003	17.117	28.063	907.89	-0.0069765	undefined	undefined	liquid
22.320	26.718	166.66	0.0060004	-0.032102	-0.027649	-1.3003	17.117	28.063	907.89	-0.0069765	undefined	undefined	liquid
22.320	26.723	166.66	0.0060004	-0.032102	-0.027648	-1.3003	17.117	28.063	907.89	-0.0069765	undefined	undefined	liquid
22.320	26.727	166.66	0.0060004	-0.032102	-0.027648	-1.3003	17.117	28.063	907.89	-0.0069765	undefined	undefined	liquid
22.320	26.731	166.66	0.0060004	-0.032102	-0.027648	-1.3003	17.117	28.063	907.89	-0.0069766	undefined	undefined	liquid
22.320	26.735	166.66	0.0060004	-0.032103	-0.027647	-1.3003	17.117	28.063	907.89	-0.0069766	undefined	undefined	liquid
22.320	26.739	166.66	0.0060004	-0.032103	-0.027647	-1.3003	17.117	28.063	907.89	-0.0069766	undefined	undefined	liquid
22.320	26.744	166.66	0.0060004	-0.032103	-0.027646	-1.3003	17.117	28.063	907.89	-0.0069766	undefined	undefined	liquid
22.320	26.748	166.66	0.0060004	-0.032103	-0.027646	-1.3004	17.117	28.063	907.89	-0.0069766	undefined	undefined	liquid
22.320	26.752	166.66	0.0060004	-0.032103	-0.027645	-1.3004	17.117	28.063	907.89	-0.0069766	undefined	undefined	liquid
22.320	26.756	166.66	0.0060004	-0.032104	-0.027645	-1.3004	17.117	28.063	907.89	-0.0069766	undefined	undefined	liquid
22.320	26.760	166.66	0.0060003	-0.032104	-0.027644	-1.3004	17.117	28.063	907.89	-0.0069766	undefined	undefined	liquid
22.320	26.765	166.66	0.0060003	-0.032104	-0.027644	-1.3004	17.117	28.063	907.89	-0.0069767	undefined	undefined	liquid
22.320	26.769	166.66	0.0060003	-0.032104	-0.027643	-1.3004	17.117	28.063	907.89	-0.0069767	undefined	undefined	liquid
22.320	26.773	166.66	0.0060003	-0.032105	-0.027643	-1.3004	17.117	28.063	907.90	-0.0069767	undefined	undefined	liquid
22.320	26.777	166.66	0.0060003	-0.032105	-0.027642	-1.3004	17.117	28.063	907.90	-0.0069767	undefined	undefined	liquid
22.320	26.781	166.66	0.0060003	-0.032105	-0.027642	-1.3004	17.117	28.062	907.90	-0.0069767	undefined	undefined	liquid
22.320	26.786	166.66	0.0060003	-0.032105	-0.027642	-1.3005	17.117	28.062	907.90	-0.0069767	undefined	undefined	liquid
22.320	26.790	166.66	0.0060003	-0.032106	-0.027641	-1.3005	17.117	28.062	907.90	-0.0069767	undefined	undefined	liquid
22.320	26.794	166.66	0.0060003	-0.032106	-0.027641	-1.3005	17.117	28.062	907.90	-0.0069768	undefined	undefined	liquid
22.320	26.798	166.66	0.0060003	-0.032106	-0.027640	-1.3005	17.117	28.062	907.90	-0.0069768	undefined	undefined	liquid
22.320	26.802	166.66	0.0060003	-0.032106	-0.027640	-1.3005	17.117	28.062	907.90	-0.0069768	undefined	undefined	liquid
22.320	26.807	166.66	0.0060003	-0.032107	-0.027639	-1.3005	17.117	28.062	907.90	-0.0069768	undefined	undefined	liquid
22.320	26.811	166.66	0.0060003	-0.032107	-0.027639	-1.3005	17.117	28.062	907.90	-0.0069768	undefined	undefined	liquid
22.320	26.815	166.66	0.0060003	-0.032107	-0.027638	-1.3005	17.117	28.062	907.90	-0.0069768	undefined	undefined	liquid
22.320	26.819	166.66	0.0060003	-0.032107	-0.027638	-1.3005	17.117	28.062	907.90	-0.0069768	undefined	undefined	liquid
22.320	26.823	166.66	0.0060003	-0.032108	-0.027637	-1.3006	17.117	28.062	907.90	-0.0069768	undefined	undefined	liquid
22.320	26.828	166.66	0.0060003	-0.032108	-0.027637	-1.3006	17.117	28.062	907.90	-0.0069769	undefined	undefined	liquid
22.320	26.832	166.66	0.0060003	-0.032108	-0.027637	-1.3006	17.117	28.062	907.90	-0.0069769	undefined	undefined	liquid
22.320	26.836	166.66	0.0060003	-0.032108	-0.027636	-1.3006	17.117	28.062	907.90	-0.0069769	undefined	undefined	liquid
22.320	26.840	166.66	0.0060003	-0.032109	-0.027636	-1.3006	17.117	28.062	907.90	-0.0069769	undefined	undefined	liquid
22.320	26.844	166.66	0.0060003	-0.032109	-0.027635	-1.3006	17.117	28.062	907.90	-0.0069769	undefined	undefined	liquid
22.320	26.849	166.66	0.0060003	-0.032109	-0.027635	-1.3006	17.117	28.062	907.90	-0.0069769	undefined	undefined	liquid
22.320	26.853	166.66	0.0060003	-0.032109	-0.027634	-1.3006	17.117	28.062	907.91	-0.0069769	undefined	undefined	liquid
22.320	26.857	166.66	0.0060003	-0.032110	-0.027634	-1.3006	17.117	28.062	907.91	-0.0069769	undefined	undefined	liquid
22.320	26.861	166.66	0.0060003	-0.032110	-0.027633	-1.3007	17.117	28.062	907.91	-0.0069770	undefined	undefined	liquid
22.320	26.865	166.66	0.0060003	-0.032110	-0.027633	-1.3007	17.117	28.062	907.91	-0.0069770	undefined	undefined	liquid
22.320	26.870	166.66	0.0060003	-0.032110	-0.027632	-1.3007	17.117	28.062	907.91	-0.0069770	undefined	undefined	liquid
22.320	26.874	166.66	0.0060003	-0.032110	-0.027632	-1.3007	17.117	28.062	907.91	-0.0069770	undefined	undefined	liquid
22.320	26.878	166.66	0.0060003	-0.032111	-0.027632	-1.3007	17.117	28.062	907.91	-0.0069770	undefined	undefined	liquid
22.320	26.882	166.66	0.0060003	-0.032111	-0.027631	-1.3007	17.117	28.062	907.91	-0.0069770	undefined	undefined	liquid
22.320	26.886	166.66	0.0060003	-0.032111	-0.027631	-1.3007	17.117	28.062	907.91	-0.0069770	undefined	undefined	liquid
22.320	26.891	166.66	0.0060003	-0.032111	-0.027630	-1.3007	17.117	28.062	907.91	-0.0069770	undefined	undefined	liquid
22.320	26.895	166.66	0.0060003	-0.032112	-0.027630	-1.3007	17.117	28.062	907.91	-0.0069771	undefined	undefined	liquid
22.320	26.899	166.66	0.0060003	-0.032112	-0.027629	-1.3007	17.117	28.062	907.91	-0.0069771	undefined	undefined	liquid
22.320	26.903	166.66	0.0060003	-0.032112	-0.027629	-1.3008	17.117	28.062	907.91	-0.0069771	undefined	undefined	liquid
22.320	26.907	166.66	0.0060003	-0.032112	-0.027628	-1.3008	17.117	28.062	907.91	-0.0069771	undefined	undefined	liquid
22.320	26.912	166.66	0.0060003	-0.032113	-0.027628	-1.3008	17.117	28.062	907.91	-0.0069771	undefined	undefined	liquid
22.320	26.916	166.66	0.0060003	-0.032113	-0.027627	-1.3008	17.117	28.062	907.91	-0.0069771	undefined	undefined	liquid
22.320	26.920	166.66	0.0060003	-0.032113	-0.027627	-1.3008	17.117	28.062	907.91	-0.0069771	undefined	undefined	liquid
