Temperature (K)	Pressure (psia)	Density (kg/m3)	Volume (m3/kg)	Internal Energy (kJ/mol)	Enthalpy (kJ/mol)	Entropy (J/mol*K)	Cv (J/mol*K)	Cp (J/mol*K)	Sound Spd. (m/s)	Joule-Thomson (F/psia)	Viscosity (uPa*s)	Therm. Cond. (W/m*K)	Phase
22.310	24.400	166.65	0.0060006	-0.032248	-0.028182	-1.3068	17.100	28.052	908.00	-0.0069789	undefined	undefined	liquid
22.310	24.404	166.65	0.0060006	-0.032248	-0.028181	-1.3069	17.100	28.052	908.00	-0.0069789	undefined	undefined	liquid
22.310	24.408	166.65	0.0060006	-0.032249	-0.028181	-1.3069	17.100	28.052	908.00	-0.0069789	undefined	undefined	liquid
22.310	24.413	166.65	0.0060006	-0.032249	-0.028180	-1.3069	17.100	28.052	908.00	-0.0069789	undefined	undefined	liquid
22.310	24.417	166.65	0.0060006	-0.032249	-0.028180	-1.3069	17.100	28.052	908.00	-0.0069789	undefined	undefined	liquid
22.310	24.421	166.65	0.0060006	-0.032249	-0.028179	-1.3069	17.100	28.052	908.00	-0.0069790	undefined	undefined	liquid
22.310	24.425	166.65	0.0060006	-0.032250	-0.028179	-1.3069	17.100	28.052	908.00	-0.0069790	undefined	undefined	liquid
22.310	24.429	166.65	0.0060006	-0.032250	-0.028178	-1.3069	17.100	28.052	908.00	-0.0069790	undefined	undefined	liquid
22.310	24.434	166.65	0.0060006	-0.032250	-0.028178	-1.3069	17.100	28.052	908.01	-0.0069790	undefined	undefined	liquid
22.310	24.438	166.65	0.0060006	-0.032250	-0.028178	-1.3069	17.100	28.052	908.01	-0.0069790	undefined	undefined	liquid
22.310	24.442	166.65	0.0060006	-0.032250	-0.028177	-1.3069	17.100	28.052	908.01	-0.0069790	undefined	undefined	liquid
22.310	24.446	166.65	0.0060006	-0.032251	-0.028177	-1.3070	17.100	28.052	908.01	-0.0069790	undefined	undefined	liquid
22.310	24.450	166.65	0.0060006	-0.032251	-0.028176	-1.3070	17.100	28.051	908.01	-0.0069791	undefined	undefined	liquid
22.310	24.455	166.65	0.0060006	-0.032251	-0.028176	-1.3070	17.100	28.051	908.01	-0.0069791	undefined	undefined	liquid
22.310	24.459	166.65	0.0060006	-0.032251	-0.028175	-1.3070	17.100	28.051	908.01	-0.0069791	undefined	undefined	liquid
22.310	24.463	166.65	0.0060006	-0.032252	-0.028175	-1.3070	17.100	28.051	908.01	-0.0069791	undefined	undefined	liquid
22.310	24.467	166.65	0.0060005	-0.032252	-0.028174	-1.3070	17.100	28.051	908.01	-0.0069791	undefined	undefined	liquid
22.310	24.471	166.65	0.0060005	-0.032252	-0.028174	-1.3070	17.100	28.051	908.01	-0.0069791	undefined	undefined	liquid
22.310	24.476	166.65	0.0060005	-0.032252	-0.028173	-1.3070	17.100	28.051	908.01	-0.0069791	undefined	undefined	liquid
22.310	24.480	166.65	0.0060005	-0.032253	-0.028173	-1.3070	17.100	28.051	908.01	-0.0069791	undefined	undefined	liquid
22.310	24.484	166.65	0.0060005	-0.032253	-0.028172	-1.3071	17.100	28.051	908.01	-0.0069792	undefined	undefined	liquid
22.310	24.488	166.65	0.0060005	-0.032253	-0.028172	-1.3071	17.100	28.051	908.01	-0.0069792	undefined	undefined	liquid
22.310	24.492	166.65	0.0060005	-0.032253	-0.028172	-1.3071	17.100	28.051	908.01	-0.0069792	undefined	undefined	liquid
22.310	24.497	166.65	0.0060005	-0.032254	-0.028171	-1.3071	17.100	28.051	908.01	-0.0069792	undefined	undefined	liquid
22.310	24.501	166.65	0.0060005	-0.032254	-0.028171	-1.3071	17.100	28.051	908.01	-0.0069792	undefined	undefined	liquid
22.310	24.505	166.65	0.0060005	-0.032254	-0.028170	-1.3071	17.100	28.051	908.01	-0.0069792	undefined	undefined	liquid
22.310	24.509	166.65	0.0060005	-0.032254	-0.028170	-1.3071	17.101	28.051	908.01	-0.0069792	undefined	undefined	liquid
22.310	24.513	166.65	0.0060005	-0.032255	-0.028169	-1.3071	17.101	28.051	908.01	-0.0069792	undefined	undefined	liquid
22.310	24.518	166.65	0.0060005	-0.032255	-0.028169	-1.3071	17.101	28.051	908.02	-0.0069793	undefined	undefined	liquid
22.310	24.522	166.65	0.0060005	-0.032255	-0.028168	-1.3072	17.101	28.051	908.02	-0.0069793	undefined	undefined	liquid
22.310	24.526	166.65	0.0060005	-0.032255	-0.028168	-1.3072	17.101	28.051	908.02	-0.0069793	undefined	undefined	liquid
22.310	24.530	166.65	0.0060005	-0.032256	-0.028167	-1.3072	17.101	28.051	908.02	-0.0069793	undefined	undefined	liquid
22.310	24.534	166.65	0.0060005	-0.032256	-0.028167	-1.3072	17.101	28.051	908.02	-0.0069793	undefined	undefined	liquid
22.310	24.539	166.65	0.0060005	-0.032256	-0.028167	-1.3072	17.101	28.051	908.02	-0.0069793	undefined	undefined	liquid
22.310	24.543	166.65	0.0060005	-0.032256	-0.028166	-1.3072	17.101	28.051	908.02	-0.0069793	undefined	undefined	liquid
22.310	24.547	166.65	0.0060005	-0.032257	-0.028166	-1.3072	17.101	28.051	908.02	-0.0069794	undefined	undefined	liquid
22.310	24.551	166.65	0.0060005	-0.032257	-0.028165	-1.3072	17.101	28.051	908.02	-0.0069794	undefined	undefined	liquid
22.310	24.555	166.65	0.0060005	-0.032257	-0.028165	-1.3072	17.101	28.051	908.02	-0.0069794	undefined	undefined	liquid
22.310	24.560	166.65	0.0060005	-0.032257	-0.028164	-1.3073	17.101	28.051	908.02	-0.0069794	undefined	undefined	liquid
22.310	24.564	166.65	0.0060005	-0.032257	-0.028164	-1.3073	17.101	28.051	908.02	-0.0069794	undefined	undefined	liquid
22.310	24.568	166.65	0.0060005	-0.032258	-0.028163	-1.3073	17.101	28.051	908.02	-0.0069794	undefined	undefined	liquid
22.310	24.572	166.65	0.0060005	-0.032258	-0.028163	-1.3073	17.101	28.051	908.02	-0.0069794	undefined	undefined	liquid
22.310	24.576	166.65	0.0060005	-0.032258	-0.028162	-1.3073	17.101	28.051	908.02	-0.0069794	undefined	undefined	liquid
22.310	24.581	166.65	0.0060005	-0.032258	-0.028162	-1.3073	17.101	28.051	908.02	-0.0069795	undefined	undefined	liquid
22.310	24.585	166.65	0.0060005	-0.032259	-0.028162	-1.3073	17.101	28.051	908.02	-0.0069795	undefined	undefined	liquid
22.310	24.589	166.65	0.0060005	-0.032259	-0.028161	-1.3073	17.101	28.051	908.02	-0.0069795	undefined	undefined	liquid
22.310	24.593	166.65	0.0060005	-0.032259	-0.028161	-1.3073	17.101	28.051	908.02	-0.0069795	undefined	undefined	liquid
22.310	24.597	166.65	0.0060005	-0.032259	-0.028160	-1.3074	17.101	28.051	908.02	-0.0069795	undefined	undefined	liquid
22.310	24.602	166.65	0.0060005	-0.032260	-0.028160	-1.3074	17.101	28.051	908.03	-0.0069795	undefined	undefined	liquid
22.310	24.606	166.65	0.0060005	-0.032260	-0.028159	-1.3074	17.101	28.051	908.03	-0.0069795	undefined	undefined	liquid
22.310	24.610	166.65	0.0060005	-0.032260	-0.028159	-1.3074	17.101	28.051	908.03	-0.0069795	undefined	undefined	liquid
22.310	24.614	166.65	0.0060005	-0.032260	-0.028158	-1.3074	17.101	28.051	908.03	-0.0069796	undefined	undefined	liquid
22.310	24.618	166.65	0.0060005	-0.032261	-0.028158	-1.3074	17.101	28.051	908.03	-0.0069796	undefined	undefined	liquid
22.310	24.623	166.65	0.0060005	-0.032261	-0.028157	-1.3074	17.101	28.051	908.03	-0.0069796	undefined	undefined	liquid
22.310	24.627	166.65	0.0060005	-0.032261	-0.028157	-1.3074	17.101	28.051	908.03	-0.0069796	undefined	undefined	liquid
22.310	24.631	166.65	0.0060005	-0.032261	-0.028157	-1.3074	17.101	28.050	908.03	-0.0069796	undefined	undefined	liquid
22.310	24.635	166.65	0.0060005	-0.032262	-0.028156	-1.3075	17.101	28.050	908.03	-0.0069796	undefined	undefined	liquid
22.310	24.639	166.65	0.0060005	-0.032262	-0.028156	-1.3075	17.101	28.050	908.03	-0.0069796	undefined	undefined	liquid
22.310	24.644	166.65	0.0060005	-0.032262	-0.028155	-1.3075	17.101	28.050	908.03	-0.0069797	undefined	undefined	liquid
22.310	24.648	166.65	0.0060005	-0.032262	-0.028155	-1.3075	17.101	28.050	908.03	-0.0069797	undefined	undefined	liquid
22.310	24.652	166.65	0.0060005	-0.032263	-0.028154	-1.3075	17.101	28.050	908.03	-0.0069797	undefined	undefined	liquid
22.310	24.656	166.65	0.0060005	-0.032263	-0.028154	-1.3075	17.101	28.050	908.03	-0.0069797	undefined	undefined	liquid
22.310	24.660	166.65	0.0060005	-0.032263	-0.028153	-1.3075	17.101	28.050	908.03	-0.0069797	undefined	undefined	liquid
22.310	24.665	166.65	0.0060005	-0.032263	-0.028153	-1.3075	17.101	28.050	908.03	-0.0069797	undefined	undefined	liquid
22.310	24.669	166.65	0.0060004	-0.032264	-0.028152	-1.3075	17.101	28.050	908.03	-0.0069797	undefined	undefined	liquid
22.310	24.673	166.65	0.0060004	-0.032264	-0.028152	-1.3075	17.101	28.050	908.03	-0.0069797	undefined	undefined	liquid
22.310	24.677	166.65	0.0060004	-0.032264	-0.028151	-1.3076	17.101	28.050	908.03	-0.0069798	undefined	undefined	liquid
22.310	24.681	166.65	0.0060004	-0.032264	-0.028151	-1.3076	17.101	28.050	908.04	-0.0069798	undefined	undefined	liquid
22.310	24.686	166.65	0.0060004	-0.032264	-0.028151	-1.3076	17.101	28.050	908.04	-0.0069798	undefined	undefined	liquid
22.310	24.690	166.65	0.0060004	-0.032265	-0.028150	-1.3076	17.101	28.050	908.04	-0.0069798	undefined	undefined	liquid
22.310	24.694	166.65	0.0060004	-0.032265	-0.028150	-1.3076	17.101	28.050	908.04	-0.0069798	undefined	undefined	liquid
22.310	24.698	166.65	0.0060004	-0.032265	-0.028149	-1.3076	17.101	28.050	908.04	-0.0069798	undefined	undefined	liquid
22.310	24.702	166.65	0.0060004	-0.032265	-0.028149	-1.3076	17.101	28.050	908.04	-0.0069798	undefined	undefined	liquid
22.310	24.707	166.65	0.0060004	-0.032266	-0.028148	-1.3076	17.101	28.050	908.04	-0.0069798	undefined	undefined	liquid
22.310	24.711	166.65	0.0060004	-0.032266	-0.028148	-1.3076	17.101	28.050	908.04	-0.0069799	undefined	undefined	liquid
22.310	24.715	166.65	0.0060004	-0.032266	-0.028147	-1.3077	17.101	28.050	908.04	-0.0069799	undefined	undefined	liquid
22.310	24.719	166.65	0.0060004	-0.032266	-0.028147	-1.3077	17.101	28.050	908.04	-0.0069799	undefined	undefined	liquid
22.310	24.723	166.65	0.0060004	-0.032267	-0.028146	-1.3077	17.101	28.050	908.04	-0.0069799	undefined	undefined	liquid
22.310	24.728	166.66	0.0060004	-0.032267	-0.028146	-1.3077	17.101	28.050	908.04	-0.0069799	undefined	undefined	liquid
22.310	24.732	166.66	0.0060004	-0.032267	-0.028146	-1.3077	17.101	28.050	908.04	-0.0069799	undefined	undefined	liquid
22.310	24.736	166.66	0.0060004	-0.032267	-0.028145	-1.3077	17.101	28.050	908.04	-0.0069799	undefined	undefined	liquid
22.310	24.740	166.66	0.0060004	-0.032268	-0.028145	-1.3077	17.101	28.050	908.04	-0.0069799	undefined	undefined	liquid
22.310	24.744	166.66	0.0060004	-0.032268	-0.028144	-1.3077	17.101	28.050	908.04	-0.0069800	undefined	undefined	liquid
22.310	24.749	166.66	0.0060004	-0.032268	-0.028144	-1.3077	17.101	28.050	908.04	-0.0069800	undefined	undefined	liquid
22.310	24.753	166.66	0.0060004	-0.032268	-0.028143	-1.3078	17.101	28.050	908.04	-0.0069800	undefined	undefined	liquid
22.310	24.757	166.66	0.0060004	-0.032269	-0.028143	-1.3078	17.101	28.050	908.04	-0.0069800	undefined	undefined	liquid
22.310	24.761	166.66	0.0060004	-0.032269	-0.028142	-1.3078	17.101	28.050	908.04	-0.0069800	undefined	undefined	liquid
22.310	24.765	166.66	0.0060004	-0.032269	-0.028142	-1.3078	17.101	28.050	908.05	-0.0069800	undefined	undefined	liquid
22.310	24.770	166.66	0.0060004	-0.032269	-0.028141	-1.3078	17.101	28.050	908.05	-0.0069800	undefined	undefined	liquid
22.310	24.774	166.66	0.0060004	-0.032270	-0.028141	-1.3078	17.101	28.050	908.05	-0.0069801	undefined	undefined	liquid
22.310	24.778	166.66	0.0060004	-0.032270	-0.028141	-1.3078	17.101	28.050	908.05	-0.0069801	undefined	undefined	liquid
22.310	24.782	166.66	0.0060004	-0.032270	-0.028140	-1.3078	17.101	28.050	908.05	-0.0069801	undefined	undefined	liquid
22.310	24.786	166.66	0.0060004	-0.032270	-0.028140	-1.3078	17.101	28.050	908.05	-0.0069801	undefined	undefined	liquid
22.310	24.791	166.66	0.0060004	-0.032271	-0.028139	-1.3079	17.101	28.050	908.05	-0.0069801	undefined	undefined	liquid
22.310	24.795	166.66	0.0060004	-0.032271	-0.028139	-1.3079	17.101	28.050	908.05	-0.0069801	undefined	undefined	liquid
22.310	24.799	166.66	0.0060004	-0.032271	-0.028138	-1.3079	17.101	28.050	908.05	-0.0069801	undefined	undefined	liquid
22.310	24.803	166.66	0.0060004	-0.032271	-0.028138	-1.3079	17.101	28.050	908.05	-0.0069801	undefined	undefined	liquid
22.310	24.807	166.66	0.0060004	-0.032272	-0.028137	-1.3079	17.101	28.049	908.05	-0.0069802	undefined	undefined	liquid
22.310	24.812	166.66	0.0060004	-0.032272	-0.028137	-1.3079	17.101	28.049	908.05	-0.0069802	undefined	undefined	liquid
22.310	24.816	166.66	0.0060004	-0.032272	-0.028136	-1.3079	17.101	28.049	908.05	-0.0069802	undefined	undefined	liquid
22.310	24.820	166.66	0.0060004	-0.032272	-0.028136	-1.3079	17.101	28.049	908.05	-0.0069802	undefined	undefined	liquid
22.310	24.824	166.66	0.0060004	-0.032272	-0.028135	-1.3079	17.101	28.049	908.05	-0.0069802	undefined	undefined	liquid
22.310	24.828	166.66	0.0060004	-0.032273	-0.028135	-1.3080	17.101	28.049	908.05	-0.0069802	undefined	undefined	liquid
22.310	24.833	166.66	0.0060004	-0.032273	-0.028135	-1.3080	17.101	28.049	908.05	-0.0069802	undefined	undefined	liquid
22.310	24.837	166.66	0.0060004	-0.032273	-0.028134	-1.3080	17.101	28.049	908.05	-0.0069802	undefined	undefined	liquid
22.310	24.841	166.66	0.0060004	-0.032273	-0.028134	-1.3080	17.101	28.049	908.05	-0.0069803	undefined	undefined	liquid
22.310	24.845	166.66	0.0060004	-0.032274	-0.028133	-1.3080	17.101	28.049	908.06	-0.0069803	undefined	undefined	liquid
22.310	24.849	166.66	0.0060004	-0.032274	-0.028133	-1.3080	17.101	28.049	908.06	-0.0069803	undefined	undefined	liquid
22.310	24.854	166.66	0.0060004	-0.032274	-0.028132	-1.3080	17.101	28.049	908.06	-0.0069803	undefined	undefined	liquid
22.310	24.858	166.66	0.0060004	-0.032274	-0.028132	-1.3080	17.101	28.049	908.06	-0.0069803	undefined	undefined	liquid
22.310	24.862	166.66	0.0060004	-0.032275	-0.028131	-1.3080	17.101	28.049	908.06	-0.0069803	undefined	undefined	liquid
22.310	24.866	166.66	0.0060004	-0.032275	-0.028131	-1.3080	17.101	28.049	908.06	-0.0069803	undefined	undefined	liquid
22.310	24.870	166.66	0.0060003	-0.032275	-0.028130	-1.3081	17.101	28.049	908.06	-0.0069804	undefined	undefined	liquid
22.310	24.875	166.66	0.0060003	-0.032275	-0.028130	-1.3081	17.101	28.049	908.06	-0.0069804	undefined	undefined	liquid
22.310	24.879	166.66	0.0060003	-0.032276	-0.028130	-1.3081	17.101	28.049	908.06	-0.0069804	undefined	undefined	liquid
22.310	24.883	166.66	0.0060003	-0.032276	-0.028129	-1.3081	17.101	28.049	908.06	-0.0069804	undefined	undefined	liquid
22.310	24.887	166.66	0.0060003	-0.032276	-0.028129	-1.3081	17.101	28.049	908.06	-0.0069804	undefined	undefined	liquid
22.310	24.891	166.66	0.0060003	-0.032276	-0.028128	-1.3081	17.101	28.049	908.06	-0.0069804	undefined	undefined	liquid
22.310	24.896	166.66	0.0060003	-0.032277	-0.028128	-1.3081	17.101	28.049	908.06	-0.0069804	undefined	undefined	liquid
22.310	24.900	166.66	0.0060003	-0.032277	-0.028127	-1.3081	17.101	28.049	908.06	-0.0069804	undefined	undefined	liquid
22.310	24.904	166.66	0.0060003	-0.032277	-0.028127	-1.3081	17.101	28.049	908.06	-0.0069805	undefined	undefined	liquid
22.310	24.908	166.66	0.0060003	-0.032277	-0.028126	-1.3082	17.101	28.049	908.06	-0.0069805	undefined	undefined	liquid
22.310	24.912	166.66	0.0060003	-0.032278	-0.028126	-1.3082	17.101	28.049	908.06	-0.0069805	undefined	undefined	liquid
22.310	24.917	166.66	0.0060003	-0.032278	-0.028125	-1.3082	17.101	28.049	908.06	-0.0069805	undefined	undefined	liquid
22.310	24.921	166.66	0.0060003	-0.032278	-0.028125	-1.3082	17.101	28.049	908.06	-0.0069805	undefined	undefined	liquid
22.310	24.925	166.66	0.0060003	-0.032278	-0.028125	-1.3082	17.101	28.049	908.06	-0.0069805	undefined	undefined	liquid
22.310	24.929	166.66	0.0060003	-0.032279	-0.028124	-1.3082	17.101	28.049	908.07	-0.0069805	undefined	undefined	liquid
22.310	24.933	166.66	0.0060003	-0.032279	-0.028124	-1.3082	17.101	28.049	908.07	-0.0069805	undefined	undefined	liquid
22.310	24.938	166.66	0.0060003	-0.032279	-0.028123	-1.3082	17.101	28.049	908.07	-0.0069806	undefined	undefined	liquid
22.310	24.942	166.66	0.0060003	-0.032279	-0.028123	-1.3082	17.101	28.049	908.07	-0.0069806	undefined	undefined	liquid
22.310	24.946	166.66	0.0060003	-0.032279	-0.028122	-1.3083	17.101	28.049	908.07	-0.0069806	undefined	undefined	liquid
22.310	24.950	166.66	0.0060003	-0.032280	-0.028122	-1.3083	17.101	28.049	908.07	-0.0069806	undefined	undefined	liquid
22.310	24.954	166.66	0.0060003	-0.032280	-0.028121	-1.3083	17.101	28.049	908.07	-0.0069806	undefined	undefined	liquid
22.310	24.959	166.66	0.0060003	-0.032280	-0.028121	-1.3083	17.101	28.049	908.07	-0.0069806	undefined	undefined	liquid
22.310	24.963	166.66	0.0060003	-0.032280	-0.028120	-1.3083	17.101	28.049	908.07	-0.0069806	undefined	undefined	liquid
22.310	24.967	166.66	0.0060003	-0.032281	-0.028120	-1.3083	17.101	28.049	908.07	-0.0069807	undefined	undefined	liquid
22.310	24.971	166.66	0.0060003	-0.032281	-0.028119	-1.3083	17.101	28.049	908.07	-0.0069807	undefined	undefined	liquid
22.310	24.975	166.66	0.0060003	-0.032281	-0.028119	-1.3083	17.101	28.049	908.07	-0.0069807	undefined	undefined	liquid
22.310	24.980	166.66	0.0060003	-0.032281	-0.028119	-1.3083	17.101	28.049	908.07	-0.0069807	undefined	undefined	liquid
22.310	24.984	166.66	0.0060003	-0.032282	-0.028118	-1.3084	17.101	28.049	908.07	-0.0069807	undefined	undefined	liquid
22.310	24.988	166.66	0.0060003	-0.032282	-0.028118	-1.3084	17.101	28.048	908.07	-0.0069807	undefined	undefined	liquid
22.310	24.992	166.66	0.0060003	-0.032282	-0.028117	-1.3084	17.101	28.048	908.07	-0.0069807	undefined	undefined	liquid
22.310	24.996	166.66	0.0060003	-0.032282	-0.028117	-1.3084	17.101	28.048	908.07	-0.0069807	undefined	undefined	liquid
22.310	25.001	166.66	0.0060003	-0.032283	-0.028116	-1.3084	17.101	28.048	908.07	-0.0069808	undefined	undefined	liquid
22.310	25.005	166.66	0.0060003	-0.032283	-0.028116	-1.3084	17.101	28.048	908.07	-0.0069808	undefined	undefined	liquid
22.310	25.009	166.66	0.0060003	-0.032283	-0.028115	-1.3084	17.101	28.048	908.08	-0.0069808	undefined	undefined	liquid
22.310	25.013	166.66	0.0060003	-0.032283	-0.028115	-1.3084	17.101	28.048	908.08	-0.0069808	undefined	undefined	liquid
22.310	25.017	166.66	0.0060003	-0.032284	-0.028114	-1.3084	17.101	28.048	908.08	-0.0069808	undefined	undefined	liquid
22.310	25.022	166.66	0.0060003	-0.032284	-0.028114	-1.3085	17.101	28.048	908.08	-0.0069808	undefined	undefined	liquid
22.310	25.026	166.66	0.0060003	-0.032284	-0.028114	-1.3085	17.101	28.048	908.08	-0.0069808	undefined	undefined	liquid
22.310	25.030	166.66	0.0060003	-0.032284	-0.028113	-1.3085	17.101	28.048	908.08	-0.0069808	undefined	undefined	liquid
22.310	25.034	166.66	0.0060003	-0.032285	-0.028113	-1.3085	17.101	28.048	908.08	-0.0069809	undefined	undefined	liquid
22.310	25.038	166.66	0.0060003	-0.032285	-0.028112	-1.3085	17.101	28.048	908.08	-0.0069809	undefined	undefined	liquid
22.310	25.043	166.66	0.0060003	-0.032285	-0.028112	-1.3085	17.101	28.048	908.08	-0.0069809	undefined	undefined	liquid
22.310	25.047	166.66	0.0060003	-0.032285	-0.028111	-1.3085	17.101	28.048	908.08	-0.0069809	undefined	undefined	liquid
22.310	25.051	166.66	0.0060003	-0.032286	-0.028111	-1.3085	17.101	28.048	908.08	-0.0069809	undefined	undefined	liquid
22.310	25.055	166.66	0.0060003	-0.032286	-0.028110	-1.3085	17.101	28.048	908.08	-0.0069809	undefined	undefined	liquid
22.310	25.059	166.66	0.0060003	-0.032286	-0.028110	-1.3086	17.101	28.048	908.08	-0.0069809	undefined	undefined	liquid
22.310	25.064	166.66	0.0060003	-0.032286	-0.028109	-1.3086	17.101	28.048	908.08	-0.0069809	undefined	undefined	liquid
22.310	25.068	166.66	0.0060003	-0.032286	-0.028109	-1.3086	17.101	28.048	908.08	-0.0069810	undefined	undefined	liquid
22.310	25.072	166.66	0.0060002	-0.032287	-0.028109	-1.3086	17.101	28.048	908.08	-0.0069810	undefined	undefined	liquid
22.310	25.076	166.66	0.0060002	-0.032287	-0.028108	-1.3086	17.101	28.048	908.08	-0.0069810	undefined	undefined	liquid
22.310	25.080	166.66	0.0060002	-0.032287	-0.028108	-1.3086	17.101	28.048	908.08	-0.0069810	undefined	undefined	liquid
22.310	25.085	166.66	0.0060002	-0.032287	-0.028107	-1.3086	17.101	28.048	908.08	-0.0069810	undefined	undefined	liquid
22.310	25.089	166.66	0.0060002	-0.032288	-0.028107	-1.3086	17.101	28.048	908.08	-0.0069810	undefined	undefined	liquid
22.310	25.093	166.66	0.0060002	-0.032288	-0.028106	-1.3086	17.101	28.048	908.09	-0.0069810	undefined	undefined	liquid
22.310	25.097	166.66	0.0060002	-0.032288	-0.028106	-1.3086	17.101	28.048	908.09	-0.0069811	undefined	undefined	liquid
22.310	25.101	166.66	0.0060002	-0.032288	-0.028105	-1.3087	17.101	28.048	908.09	-0.0069811	undefined	undefined	liquid
22.310	25.106	166.66	0.0060002	-0.032289	-0.028105	-1.3087	17.102	28.048	908.09	-0.0069811	undefined	undefined	liquid
22.310	25.110	166.66	0.0060002	-0.032289	-0.028104	-1.3087	17.102	28.048	908.09	-0.0069811	undefined	undefined	liquid
22.310	25.114	166.66	0.0060002	-0.032289	-0.028104	-1.3087	17.102	28.048	908.09	-0.0069811	undefined	undefined	liquid
22.310	25.118	166.66	0.0060002	-0.032289	-0.028104	-1.3087	17.102	28.048	908.09	-0.0069811	undefined	undefined	liquid
22.310	25.122	166.66	0.0060002	-0.032290	-0.028103	-1.3087	17.102	28.048	908.09	-0.0069811	undefined	undefined	liquid
22.310	25.127	166.66	0.0060002	-0.032290	-0.028103	-1.3087	17.102	28.048	908.09	-0.0069811	undefined	undefined	liquid
22.310	25.131	166.66	0.0060002	-0.032290	-0.028102	-1.3087	17.102	28.048	908.09	-0.0069812	undefined	undefined	liquid
22.310	25.135	166.66	0.0060002	-0.032290	-0.028102	-1.3087	17.102	28.048	908.09	-0.0069812	undefined	undefined	liquid
22.310	25.139	166.66	0.0060002	-0.032291	-0.028101	-1.3088	17.102	28.048	908.09	-0.0069812	undefined	undefined	liquid
22.310	25.143	166.66	0.0060002	-0.032291	-0.028101	-1.3088	17.102	28.048	908.09	-0.0069812	undefined	undefined	liquid
22.310	25.148	166.66	0.0060002	-0.032291	-0.028100	-1.3088	17.102	28.048	908.09	-0.0069812	undefined	undefined	liquid
22.310	25.152	166.66	0.0060002	-0.032291	-0.028100	-1.3088	17.102	28.048	908.09	-0.0069812	undefined	undefined	liquid
22.310	25.156	166.66	0.0060002	-0.032292	-0.028099	-1.3088	17.102	28.048	908.09	-0.0069812	undefined	undefined	liquid
22.310	25.160	166.66	0.0060002	-0.032292	-0.028099	-1.3088	17.102	28.048	908.09	-0.0069812	undefined	undefined	liquid
22.310	25.164	166.66	0.0060002	-0.032292	-0.028098	-1.3088	17.102	28.048	908.09	-0.0069813	undefined	undefined	liquid
22.310	25.169	166.66	0.0060002	-0.032292	-0.028098	-1.3088	17.102	28.047	908.09	-0.0069813	undefined	undefined	liquid
22.310	25.173	166.66	0.0060002	-0.032293	-0.028098	-1.3088	17.102	28.047	908.10	-0.0069813	undefined	undefined	liquid
22.310	25.177	166.66	0.0060002	-0.032293	-0.028097	-1.3089	17.102	28.047	908.10	-0.0069813	undefined	undefined	liquid
22.310	25.181	166.66	0.0060002	-0.032293	-0.028097	-1.3089	17.102	28.047	908.10	-0.0069813	undefined	undefined	liquid
22.310	25.185	166.66	0.0060002	-0.032293	-0.028096	-1.3089	17.102	28.047	908.10	-0.0069813	undefined	undefined	liquid
22.310	25.190	166.66	0.0060002	-0.032293	-0.028096	-1.3089	17.102	28.047	908.10	-0.0069813	undefined	undefined	liquid
22.310	25.194	166.66	0.0060002	-0.032294	-0.028095	-1.3089	17.102	28.047	908.10	-0.0069814	undefined	undefined	liquid
22.310	25.198	166.66	0.0060002	-0.032294	-0.028095	-1.3089	17.102	28.047	908.10	-0.0069814	undefined	undefined	liquid
22.310	25.202	166.66	0.0060002	-0.032294	-0.028094	-1.3089	17.102	28.047	908.10	-0.0069814	undefined	undefined	liquid
22.310	25.206	166.66	0.0060002	-0.032294	-0.028094	-1.3089	17.102	28.047	908.10	-0.0069814	undefined	undefined	liquid
22.310	25.211	166.66	0.0060002	-0.032295	-0.028093	-1.3089	17.102	28.047	908.10	-0.0069814	undefined	undefined	liquid
22.310	25.215	166.66	0.0060002	-0.032295	-0.028093	-1.3090	17.102	28.047	908.10	-0.0069814	undefined	undefined	liquid
22.310	25.219	166.66	0.0060002	-0.032295	-0.028093	-1.3090	17.102	28.047	908.10	-0.0069814	undefined	undefined	liquid
22.310	25.223	166.66	0.0060002	-0.032295	-0.028092	-1.3090	17.102	28.047	908.10	-0.0069814	undefined	undefined	liquid
22.310	25.227	166.66	0.0060002	-0.032296	-0.028092	-1.3090	17.102	28.047	908.10	-0.0069815	undefined	undefined	liquid
22.310	25.232	166.66	0.0060002	-0.032296	-0.028091	-1.3090	17.102	28.047	908.10	-0.0069815	undefined	undefined	liquid
22.310	25.236	166.66	0.0060002	-0.032296	-0.028091	-1.3090	17.102	28.047	908.10	-0.0069815	undefined	undefined	liquid
22.310	25.240	166.66	0.0060002	-0.032296	-0.028090	-1.3090	17.102	28.047	908.10	-0.0069815	undefined	undefined	liquid
22.310	25.244	166.66	0.0060002	-0.032297	-0.028090	-1.3090	17.102	28.047	908.10	-0.0069815	undefined	undefined	liquid
22.310	25.248	166.66	0.0060002	-0.032297	-0.028089	-1.3090	17.102	28.047	908.10	-0.0069815	undefined	undefined	liquid
22.310	25.253	166.66	0.0060002	-0.032297	-0.028089	-1.3091	17.102	28.047	908.10	-0.0069815	undefined	undefined	liquid
22.310	25.257	166.66	0.0060002	-0.032297	-0.028088	-1.3091	17.102	28.047	908.11	-0.0069815	undefined	undefined	liquid
22.310	25.261	166.66	0.0060002	-0.032298	-0.028088	-1.3091	17.102	28.047	908.11	-0.0069816	undefined	undefined	liquid
22.310	25.265	166.66	0.0060002	-0.032298	-0.028088	-1.3091	17.102	28.047	908.11	-0.0069816	undefined	undefined	liquid
22.310	25.269	166.66	0.0060002	-0.032298	-0.028087	-1.3091	17.102	28.047	908.11	-0.0069816	undefined	undefined	liquid
22.310	25.274	166.66	0.0060002	-0.032298	-0.028087	-1.3091	17.102	28.047	908.11	-0.0069816	undefined	undefined	liquid
22.310	25.278	166.66	0.0060001	-0.032299	-0.028086	-1.3091	17.102	28.047	908.11	-0.0069816	undefined	undefined	liquid
22.310	25.282	166.66	0.0060001	-0.032299	-0.028086	-1.3091	17.102	28.047	908.11	-0.0069816	undefined	undefined	liquid
22.310	25.286	166.66	0.0060001	-0.032299	-0.028085	-1.3091	17.102	28.047	908.11	-0.0069816	undefined	undefined	liquid
22.310	25.290	166.66	0.0060001	-0.032299	-0.028085	-1.3091	17.102	28.047	908.11	-0.0069817	undefined	undefined	liquid
22.310	25.295	166.66	0.0060001	-0.032300	-0.028084	-1.3092	17.102	28.047	908.11	-0.0069817	undefined	undefined	liquid
22.310	25.299	166.66	0.0060001	-0.032300	-0.028084	-1.3092	17.102	28.047	908.11	-0.0069817	undefined	undefined	liquid
22.310	25.303	166.66	0.0060001	-0.032300	-0.028083	-1.3092	17.102	28.047	908.11	-0.0069817	undefined	undefined	liquid
22.310	25.307	166.66	0.0060001	-0.032300	-0.028083	-1.3092	17.102	28.047	908.11	-0.0069817	undefined	undefined	liquid
22.310	25.311	166.66	0.0060001	-0.032300	-0.028082	-1.3092	17.102	28.047	908.11	-0.0069817	undefined	undefined	liquid
22.310	25.316	166.66	0.0060001	-0.032301	-0.028082	-1.3092	17.102	28.047	908.11	-0.0069817	undefined	undefined	liquid
22.310	25.320	166.66	0.0060001	-0.032301	-0.028082	-1.3092	17.102	28.047	908.11	-0.0069817	undefined	undefined	liquid
22.310	25.324	166.66	0.0060001	-0.032301	-0.028081	-1.3092	17.102	28.047	908.11	-0.0069818	undefined	undefined	liquid
22.310	25.328	166.66	0.0060001	-0.032301	-0.028081	-1.3092	17.102	28.047	908.11	-0.0069818	undefined	undefined	liquid
22.310	25.332	166.66	0.0060001	-0.032302	-0.028080	-1.3093	17.102	28.047	908.11	-0.0069818	undefined	undefined	liquid
22.310	25.337	166.66	0.0060001	-0.032302	-0.028080	-1.3093	17.102	28.047	908.12	-0.0069818	undefined	undefined	liquid
22.310	25.341	166.66	0.0060001	-0.032302	-0.028079	-1.3093	17.102	28.047	908.12	-0.0069818	undefined	undefined	liquid
22.310	25.345	166.66	0.0060001	-0.032302	-0.028079	-1.3093	17.102	28.046	908.12	-0.0069818	undefined	undefined	liquid
22.310	25.349	166.66	0.0060001	-0.032303	-0.028078	-1.3093	17.102	28.046	908.12	-0.0069818	undefined	undefined	liquid
22.310	25.353	166.66	0.0060001	-0.032303	-0.028078	-1.3093	17.102	28.046	908.12	-0.0069818	undefined	undefined	liquid
22.310	25.358	166.66	0.0060001	-0.032303	-0.028077	-1.3093	17.102	28.046	908.12	-0.0069819	undefined	undefined	liquid
22.310	25.362	166.66	0.0060001	-0.032303	-0.028077	-1.3093	17.102	28.046	908.12	-0.0069819	undefined	undefined	liquid
22.310	25.366	166.66	0.0060001	-0.032304	-0.028077	-1.3093	17.102	28.046	908.12	-0.0069819	undefined	undefined	liquid
22.310	25.370	166.66	0.0060001	-0.032304	-0.028076	-1.3094	17.102	28.046	908.12	-0.0069819	undefined	undefined	liquid
22.310	25.374	166.66	0.0060001	-0.032304	-0.028076	-1.3094	17.102	28.046	908.12	-0.0069819	undefined	undefined	liquid
22.310	25.379	166.66	0.0060001	-0.032304	-0.028075	-1.3094	17.102	28.046	908.12	-0.0069819	undefined	undefined	liquid
22.310	25.383	166.66	0.0060001	-0.032305	-0.028075	-1.3094	17.102	28.046	908.12	-0.0069819	undefined	undefined	liquid
22.310	25.387	166.66	0.0060001	-0.032305	-0.028074	-1.3094	17.102	28.046	908.12	-0.0069820	undefined	undefined	liquid
22.310	25.391	166.66	0.0060001	-0.032305	-0.028074	-1.3094	17.102	28.046	908.12	-0.0069820	undefined	undefined	liquid
22.310	25.395	166.66	0.0060001	-0.032305	-0.028073	-1.3094	17.102	28.046	908.12	-0.0069820	undefined	undefined	liquid
22.310	25.400	166.66	0.0060001	-0.032306	-0.028073	-1.3094	17.102	28.046	908.12	-0.0069820	undefined	undefined	liquid
22.310	25.404	166.66	0.0060001	-0.032306	-0.028072	-1.3094	17.102	28.046	908.12	-0.0069820	undefined	undefined	liquid
22.310	25.408	166.66	0.0060001	-0.032306	-0.028072	-1.3095	17.102	28.046	908.12	-0.0069820	undefined	undefined	liquid
22.310	25.412	166.66	0.0060001	-0.032306	-0.028072	-1.3095	17.102	28.046	908.12	-0.0069820	undefined	undefined	liquid
22.310	25.416	166.66	0.0060001	-0.032307	-0.028071	-1.3095	17.102	28.046	908.12	-0.0069820	undefined	undefined	liquid
22.310	25.421	166.66	0.0060001	-0.032307	-0.028071	-1.3095	17.102	28.046	908.13	-0.0069821	undefined	undefined	liquid
22.310	25.425	166.66	0.0060001	-0.032307	-0.028070	-1.3095	17.102	28.046	908.13	-0.0069821	undefined	undefined	liquid
22.310	25.429	166.66	0.0060001	-0.032307	-0.028070	-1.3095	17.102	28.046	908.13	-0.0069821	undefined	undefined	liquid
22.310	25.433	166.66	0.0060001	-0.032307	-0.028069	-1.3095	17.102	28.046	908.13	-0.0069821	undefined	undefined	liquid
22.310	25.437	166.66	0.0060001	-0.032308	-0.028069	-1.3095	17.102	28.046	908.13	-0.0069821	undefined	undefined	liquid
22.310	25.442	166.66	0.0060001	-0.032308	-0.028068	-1.3095	17.102	28.046	908.13	-0.0069821	undefined	undefined	liquid
22.310	25.446	166.66	0.0060001	-0.032308	-0.028068	-1.3096	17.102	28.046	908.13	-0.0069821	undefined	undefined	liquid
22.310	25.450	166.66	0.0060001	-0.032308	-0.028067	-1.3096	17.102	28.046	908.13	-0.0069821	undefined	undefined	liquid
22.310	25.454	166.66	0.0060001	-0.032309	-0.028067	-1.3096	17.102	28.046	908.13	-0.0069822	undefined	undefined	liquid
22.310	25.458	166.67	0.0060001	-0.032309	-0.028066	-1.3096	17.102	28.046	908.13	-0.0069822	undefined	undefined	liquid
22.310	25.463	166.67	0.0060001	-0.032309	-0.028066	-1.3096	17.102	28.046	908.13	-0.0069822	undefined	undefined	liquid
22.310	25.467	166.67	0.0060001	-0.032309	-0.028066	-1.3096	17.102	28.046	908.13	-0.0069822	undefined	undefined	liquid
22.310	25.471	166.67	0.0060001	-0.032310	-0.028065	-1.3096	17.102	28.046	908.13	-0.0069822	undefined	undefined	liquid
22.310	25.475	166.67	0.0060001	-0.032310	-0.028065	-1.3096	17.102	28.046	908.13	-0.0069822	undefined	undefined	liquid
22.310	25.479	166.67	0.0060000	-0.032310	-0.028064	-1.3096	17.102	28.046	908.13	-0.0069822	undefined	undefined	liquid
22.310	25.484	166.67	0.0060000	-0.032310	-0.028064	-1.3097	17.102	28.046	908.13	-0.0069822	undefined	undefined	liquid
22.310	25.488	166.67	0.0060000	-0.032311	-0.028063	-1.3097	17.102	28.046	908.13	-0.0069823	undefined	undefined	liquid
22.310	25.492	166.67	0.0060000	-0.032311	-0.028063	-1.3097	17.102	28.046	908.13	-0.0069823	undefined	undefined	liquid
22.310	25.496	166.67	0.0060000	-0.032311	-0.028062	-1.3097	17.102	28.046	908.13	-0.0069823	undefined	undefined	liquid
22.310	25.500	166.67	0.0060000	-0.032311	-0.028062	-1.3097	17.102	28.046	908.14	-0.0069823	undefined	undefined	liquid
22.310	25.505	166.67	0.0060000	-0.032312	-0.028061	-1.3097	17.102	28.046	908.14	-0.0069823	undefined	undefined	liquid
22.310	25.509	166.67	0.0060000	-0.032312	-0.028061	-1.3097	17.102	28.046	908.14	-0.0069823	undefined	undefined	liquid
22.310	25.513	166.67	0.0060000	-0.032312	-0.028061	-1.3097	17.102	28.046	908.14	-0.0069823	undefined	undefined	liquid
22.310	25.517	166.67	0.0060000	-0.032312	-0.028060	-1.3097	17.102	28.046	908.14	-0.0069824	undefined	undefined	liquid
22.310	25.521	166.67	0.0060000	-0.032313	-0.028060	-1.3097	17.102	28.046	908.14	-0.0069824	undefined	undefined	liquid
22.310	25.526	166.67	0.0060000	-0.032313	-0.028059	-1.3098	17.102	28.045	908.14	-0.0069824	undefined	undefined	liquid
22.310	25.530	166.67	0.0060000	-0.032313	-0.028059	-1.3098	17.102	28.045	908.14	-0.0069824	undefined	undefined	liquid
22.310	25.534	166.67	0.0060000	-0.032313	-0.028058	-1.3098	17.102	28.045	908.14	-0.0069824	undefined	undefined	liquid
22.310	25.538	166.67	0.0060000	-0.032314	-0.028058	-1.3098	17.102	28.045	908.14	-0.0069824	undefined	undefined	liquid
22.310	25.542	166.67	0.0060000	-0.032314	-0.028057	-1.3098	17.102	28.045	908.14	-0.0069824	undefined	undefined	liquid
22.310	25.547	166.67	0.0060000	-0.032314	-0.028057	-1.3098	17.102	28.045	908.14	-0.0069824	undefined	undefined	liquid
22.310	25.551	166.67	0.0060000	-0.032314	-0.028056	-1.3098	17.102	28.045	908.14	-0.0069825	undefined	undefined	liquid
22.310	25.555	166.67	0.0060000	-0.032315	-0.028056	-1.3098	17.102	28.045	908.14	-0.0069825	undefined	undefined	liquid
22.310	25.559	166.67	0.0060000	-0.032315	-0.028056	-1.3098	17.102	28.045	908.14	-0.0069825	undefined	undefined	liquid
22.310	25.563	166.67	0.0060000	-0.032315	-0.028055	-1.3099	17.102	28.045	908.14	-0.0069825	undefined	undefined	liquid
22.310	25.568	166.67	0.0060000	-0.032315	-0.028055	-1.3099	17.102	28.045	908.14	-0.0069825	undefined	undefined	liquid
22.310	25.572	166.67	0.0060000	-0.032315	-0.028054	-1.3099	17.102	28.045	908.14	-0.0069825	undefined	undefined	liquid
22.310	25.576	166.67	0.0060000	-0.032316	-0.028054	-1.3099	17.102	28.045	908.14	-0.0069825	undefined	undefined	liquid
22.310	25.580	166.67	0.0060000	-0.032316	-0.028053	-1.3099	17.102	28.045	908.15	-0.0069825	undefined	undefined	liquid
22.310	25.584	166.67	0.0060000	-0.032316	-0.028053	-1.3099	17.102	28.045	908.15	-0.0069826	undefined	undefined	liquid
22.310	25.589	166.67	0.0060000	-0.032316	-0.028052	-1.3099	17.102	28.045	908.15	-0.0069826	undefined	undefined	liquid
22.310	25.593	166.67	0.0060000	-0.032317	-0.028052	-1.3099	17.102	28.045	908.15	-0.0069826	undefined	undefined	liquid
22.310	25.597	166.67	0.0060000	-0.032317	-0.028051	-1.3099	17.102	28.045	908.15	-0.0069826	undefined	undefined	liquid
22.310	25.601	166.67	0.0060000	-0.032317	-0.028051	-1.3100	17.102	28.045	908.15	-0.0069826	undefined	undefined	liquid
22.310	25.605	166.67	0.0060000	-0.032317	-0.028051	-1.3100	17.102	28.045	908.15	-0.0069826	undefined	undefined	liquid
22.310	25.610	166.67	0.0060000	-0.032318	-0.028050	-1.3100	17.102	28.045	908.15	-0.0069826	undefined	undefined	liquid
22.310	25.614	166.67	0.0060000	-0.032318	-0.028050	-1.3100	17.102	28.045	908.15	-0.0069827	undefined	undefined	liquid
22.310	25.618	166.67	0.0060000	-0.032318	-0.028049	-1.3100	17.102	28.045	908.15	-0.0069827	undefined	undefined	liquid
22.310	25.622	166.67	0.0060000	-0.032318	-0.028049	-1.3100	17.102	28.045	908.15	-0.0069827	undefined	undefined	liquid
22.310	25.626	166.67	0.0060000	-0.032319	-0.028048	-1.3100	17.102	28.045	908.15	-0.0069827	undefined	undefined	liquid
22.310	25.631	166.67	0.0060000	-0.032319	-0.028048	-1.3100	17.102	28.045	908.15	-0.0069827	undefined	undefined	liquid
22.310	25.635	166.67	0.0060000	-0.032319	-0.028047	-1.3100	17.102	28.045	908.15	-0.0069827	undefined	undefined	liquid
22.310	25.639	166.67	0.0060000	-0.032319	-0.028047	-1.3101	17.102	28.045	908.15	-0.0069827	undefined	undefined	liquid
22.310	25.643	166.67	0.0060000	-0.032320	-0.028046	-1.3101	17.102	28.045	908.15	-0.0069827	undefined	undefined	liquid
22.310	25.647	166.67	0.0060000	-0.032320	-0.028046	-1.3101	17.102	28.045	908.15	-0.0069828	undefined	undefined	liquid
22.310	25.652	166.67	0.0060000	-0.032320	-0.028045	-1.3101	17.102	28.045	908.15	-0.0069828	undefined	undefined	liquid
22.310	25.656	166.67	0.0060000	-0.032320	-0.028045	-1.3101	17.102	28.045	908.15	-0.0069828	undefined	undefined	liquid
22.310	25.660	166.67	0.0060000	-0.032321	-0.028045	-1.3101	17.102	28.045	908.15	-0.0069828	undefined	undefined	liquid
22.310	25.664	166.67	0.0060000	-0.032321	-0.028044	-1.3101	17.102	28.045	908.16	-0.0069828	undefined	undefined	liquid
22.310	25.668	166.67	0.0060000	-0.032321	-0.028044	-1.3101	17.102	28.045	908.16	-0.0069828	undefined	undefined	liquid
22.310	25.673	166.67	0.0060000	-0.032321	-0.028043	-1.3101	17.102	28.045	908.16	-0.0069828	undefined	undefined	liquid
22.310	25.677	166.67	0.0060000	-0.032322	-0.028043	-1.3102	17.102	28.045	908.16	-0.0069828	undefined	undefined	liquid
22.310	25.681	166.67	0.0059999	-0.032322	-0.028042	-1.3102	17.102	28.045	908.16	-0.0069829	undefined	undefined	liquid
22.310	25.685	166.67	0.0059999	-0.032322	-0.028042	-1.3102	17.102	28.045	908.16	-0.0069829	undefined	undefined	liquid
22.310	25.689	166.67	0.0059999	-0.032322	-0.028041	-1.3102	17.102	28.045	908.16	-0.0069829	undefined	undefined	liquid
22.310	25.694	166.67	0.0059999	-0.032322	-0.028041	-1.3102	17.102	28.045	908.16	-0.0069829	undefined	undefined	liquid
22.310	25.698	166.67	0.0059999	-0.032323	-0.028040	-1.3102	17.102	28.045	908.16	-0.0069829	undefined	undefined	liquid
22.310	25.702	166.67	0.0059999	-0.032323	-0.028040	-1.3102	17.102	28.045	908.16	-0.0069829	undefined	undefined	liquid
22.310	25.706	166.67	0.0059999	-0.032323	-0.028040	-1.3102	17.102	28.044	908.16	-0.0069829	undefined	undefined	liquid
22.310	25.710	166.67	0.0059999	-0.032323	-0.028039	-1.3102	17.103	28.044	908.16	-0.0069830	undefined	undefined	liquid
22.310	25.715	166.67	0.0059999	-0.032324	-0.028039	-1.3102	17.103	28.044	908.16	-0.0069830	undefined	undefined	liquid
22.310	25.719	166.67	0.0059999	-0.032324	-0.028038	-1.3103	17.103	28.044	908.16	-0.0069830	undefined	undefined	liquid
22.310	25.723	166.67	0.0059999	-0.032324	-0.028038	-1.3103	17.103	28.044	908.16	-0.0069830	undefined	undefined	liquid
22.310	25.727	166.67	0.0059999	-0.032324	-0.028037	-1.3103	17.103	28.044	908.16	-0.0069830	undefined	undefined	liquid
22.310	25.731	166.67	0.0059999	-0.032325	-0.028037	-1.3103	17.103	28.044	908.16	-0.0069830	undefined	undefined	liquid
22.310	25.736	166.67	0.0059999	-0.032325	-0.028036	-1.3103	17.103	28.044	908.16	-0.0069830	undefined	undefined	liquid
22.310	25.740	166.67	0.0059999	-0.032325	-0.028036	-1.3103	17.103	28.044	908.16	-0.0069830	undefined	undefined	liquid
22.310	25.744	166.67	0.0059999	-0.032325	-0.028035	-1.3103	17.103	28.044	908.17	-0.0069831	undefined	undefined	liquid
22.310	25.748	166.67	0.0059999	-0.032326	-0.028035	-1.3103	17.103	28.044	908.17	-0.0069831	undefined	undefined	liquid
22.310	25.752	166.67	0.0059999	-0.032326	-0.028035	-1.3103	17.103	28.044	908.17	-0.0069831	undefined	undefined	liquid
22.310	25.757	166.67	0.0059999	-0.032326	-0.028034	-1.3104	17.103	28.044	908.17	-0.0069831	undefined	undefined	liquid
22.310	25.761	166.67	0.0059999	-0.032326	-0.028034	-1.3104	17.103	28.044	908.17	-0.0069831	undefined	undefined	liquid
22.310	25.765	166.67	0.0059999	-0.032327	-0.028033	-1.3104	17.103	28.044	908.17	-0.0069831	undefined	undefined	liquid
22.310	25.769	166.67	0.0059999	-0.032327	-0.028033	-1.3104	17.103	28.044	908.17	-0.0069831	undefined	undefined	liquid
22.310	25.773	166.67	0.0059999	-0.032327	-0.028032	-1.3104	17.103	28.044	908.17	-0.0069831	undefined	undefined	liquid
22.310	25.778	166.67	0.0059999	-0.032327	-0.028032	-1.3104	17.103	28.044	908.17	-0.0069832	undefined	undefined	liquid
22.310	25.782	166.67	0.0059999	-0.032328	-0.028031	-1.3104	17.103	28.044	908.17	-0.0069832	undefined	undefined	liquid
22.310	25.786	166.67	0.0059999	-0.032328	-0.028031	-1.3104	17.103	28.044	908.17	-0.0069832	undefined	undefined	liquid
22.310	25.790	166.67	0.0059999	-0.032328	-0.028030	-1.3104	17.103	28.044	908.17	-0.0069832	undefined	undefined	liquid
22.310	25.794	166.67	0.0059999	-0.032328	-0.028030	-1.3105	17.103	28.044	908.17	-0.0069832	undefined	undefined	liquid
22.310	25.799	166.67	0.0059999	-0.032329	-0.028029	-1.3105	17.103	28.044	908.17	-0.0069832	undefined	undefined	liquid
22.310	25.803	166.67	0.0059999	-0.032329	-0.028029	-1.3105	17.103	28.044	908.17	-0.0069832	undefined	undefined	liquid
22.310	25.807	166.67	0.0059999	-0.032329	-0.028029	-1.3105	17.103	28.044	908.17	-0.0069833	undefined	undefined	liquid
22.310	25.811	166.67	0.0059999	-0.032329	-0.028028	-1.3105	17.103	28.044	908.17	-0.0069833	undefined	undefined	liquid
22.310	25.815	166.67	0.0059999	-0.032329	-0.028028	-1.3105	17.103	28.044	908.17	-0.0069833	undefined	undefined	liquid
22.310	25.820	166.67	0.0059999	-0.032330	-0.028027	-1.3105	17.103	28.044	908.17	-0.0069833	undefined	undefined	liquid
22.310	25.824	166.67	0.0059999	-0.032330	-0.028027	-1.3105	17.103	28.044	908.17	-0.0069833	undefined	undefined	liquid
22.310	25.828	166.67	0.0059999	-0.032330	-0.028026	-1.3105	17.103	28.044	908.18	-0.0069833	undefined	undefined	liquid
22.310	25.832	166.67	0.0059999	-0.032330	-0.028026	-1.3106	17.103	28.044	908.18	-0.0069833	undefined	undefined	liquid
22.310	25.836	166.67	0.0059999	-0.032331	-0.028025	-1.3106	17.103	28.044	908.18	-0.0069833	undefined	undefined	liquid
22.310	25.841	166.67	0.0059999	-0.032331	-0.028025	-1.3106	17.103	28.044	908.18	-0.0069834	undefined	undefined	liquid
22.310	25.845	166.67	0.0059999	-0.032331	-0.028024	-1.3106	17.103	28.044	908.18	-0.0069834	undefined	undefined	liquid
22.310	25.849	166.67	0.0059999	-0.032331	-0.028024	-1.3106	17.103	28.044	908.18	-0.0069834	undefined	undefined	liquid
22.310	25.853	166.67	0.0059999	-0.032332	-0.028024	-1.3106	17.103	28.044	908.18	-0.0069834	undefined	undefined	liquid
22.310	25.857	166.67	0.0059999	-0.032332	-0.028023	-1.3106	17.103	28.044	908.18	-0.0069834	undefined	undefined	liquid
22.310	25.862	166.67	0.0059999	-0.032332	-0.028023	-1.3106	17.103	28.044	908.18	-0.0069834	undefined	undefined	liquid
22.310	25.866	166.67	0.0059999	-0.032332	-0.028022	-1.3106	17.103	28.044	908.18	-0.0069834	undefined	undefined	liquid
22.310	25.870	166.67	0.0059999	-0.032333	-0.028022	-1.3107	17.103	28.044	908.18	-0.0069834	undefined	undefined	liquid
22.310	25.874	166.67	0.0059999	-0.032333	-0.028021	-1.3107	17.103	28.044	908.18	-0.0069835	undefined	undefined	liquid
22.310	25.878	166.67	0.0059999	-0.032333	-0.028021	-1.3107	17.103	28.044	908.18	-0.0069835	undefined	undefined	liquid
22.310	25.883	166.67	0.0059998	-0.032333	-0.028020	-1.3107	17.103	28.043	908.18	-0.0069835	undefined	undefined	liquid
22.310	25.887	166.67	0.0059998	-0.032334	-0.028020	-1.3107	17.103	28.043	908.18	-0.0069835	undefined	undefined	liquid
22.310	25.891	166.67	0.0059998	-0.032334	-0.028019	-1.3107	17.103	28.043	908.18	-0.0069835	undefined	undefined	liquid
22.310	25.895	166.67	0.0059998	-0.032334	-0.028019	-1.3107	17.103	28.043	908.18	-0.0069835	undefined	undefined	liquid
22.310	25.899	166.67	0.0059998	-0.032334	-0.028019	-1.3107	17.103	28.043	908.18	-0.0069835	undefined	undefined	liquid
22.310	25.904	166.67	0.0059998	-0.032335	-0.028018	-1.3107	17.103	28.043	908.18	-0.0069835	undefined	undefined	liquid
22.310	25.908	166.67	0.0059998	-0.032335	-0.028018	-1.3108	17.103	28.043	908.19	-0.0069836	undefined	undefined	liquid
22.310	25.912	166.67	0.0059998	-0.032335	-0.028017	-1.3108	17.103	28.043	908.19	-0.0069836	undefined	undefined	liquid
22.310	25.916	166.67	0.0059998	-0.032335	-0.028017	-1.3108	17.103	28.043	908.19	-0.0069836	undefined	undefined	liquid
22.310	25.920	166.67	0.0059998	-0.032336	-0.028016	-1.3108	17.103	28.043	908.19	-0.0069836	undefined	undefined	liquid
22.310	25.925	166.67	0.0059998	-0.032336	-0.028016	-1.3108	17.103	28.043	908.19	-0.0069836	undefined	undefined	liquid
22.310	25.929	166.67	0.0059998	-0.032336	-0.028015	-1.3108	17.103	28.043	908.19	-0.0069836	undefined	undefined	liquid
22.310	25.933	166.67	0.0059998	-0.032336	-0.028015	-1.3108	17.103	28.043	908.19	-0.0069836	undefined	undefined	liquid
22.310	25.937	166.67	0.0059998	-0.032336	-0.028014	-1.3108	17.103	28.043	908.19	-0.0069837	undefined	undefined	liquid
22.310	25.941	166.67	0.0059998	-0.032337	-0.028014	-1.3108	17.103	28.043	908.19	-0.0069837	undefined	undefined	liquid
22.310	25.946	166.67	0.0059998	-0.032337	-0.028013	-1.3108	17.103	28.043	908.19	-0.0069837	undefined	undefined	liquid
22.310	25.950	166.67	0.0059998	-0.032337	-0.028013	-1.3109	17.103	28.043	908.19	-0.0069837	undefined	undefined	liquid
22.310	25.954	166.67	0.0059998	-0.032337	-0.028013	-1.3109	17.103	28.043	908.19	-0.0069837	undefined	undefined	liquid
22.310	25.958	166.67	0.0059998	-0.032338	-0.028012	-1.3109	17.103	28.043	908.19	-0.0069837	undefined	undefined	liquid
22.310	25.962	166.67	0.0059998	-0.032338	-0.028012	-1.3109	17.103	28.043	908.19	-0.0069837	undefined	undefined	liquid
22.310	25.967	166.67	0.0059998	-0.032338	-0.028011	-1.3109	17.103	28.043	908.19	-0.0069837	undefined	undefined	liquid
22.310	25.971	166.67	0.0059998	-0.032338	-0.028011	-1.3109	17.103	28.043	908.19	-0.0069838	undefined	undefined	liquid
22.310	25.975	166.67	0.0059998	-0.032339	-0.028010	-1.3109	17.103	28.043	908.19	-0.0069838	undefined	undefined	liquid
22.310	25.979	166.67	0.0059998	-0.032339	-0.028010	-1.3109	17.103	28.043	908.19	-0.0069838	undefined	undefined	liquid
22.310	25.983	166.67	0.0059998	-0.032339	-0.028009	-1.3109	17.103	28.043	908.19	-0.0069838	undefined	undefined	liquid
22.310	25.988	166.67	0.0059998	-0.032339	-0.028009	-1.3110	17.103	28.043	908.20	-0.0069838	undefined	undefined	liquid
22.310	25.992	166.67	0.0059998	-0.032340	-0.028008	-1.3110	17.103	28.043	908.20	-0.0069838	undefined	undefined	liquid
22.310	25.996	166.67	0.0059998	-0.032340	-0.028008	-1.3110	17.103	28.043	908.20	-0.0069838	undefined	undefined	liquid
22.310	26.000	166.67	0.0059998	-0.032340	-0.028008	-1.3110	17.103	28.043	908.20	-0.0069838	undefined	undefined	liquid
22.310	26.004	166.67	0.0059998	-0.032340	-0.028007	-1.3110	17.103	28.043	908.20	-0.0069839	undefined	undefined	liquid
22.310	26.009	166.67	0.0059998	-0.032341	-0.028007	-1.3110	17.103	28.043	908.20	-0.0069839	undefined	undefined	liquid
22.310	26.013	166.67	0.0059998	-0.032341	-0.028006	-1.3110	17.103	28.043	908.20	-0.0069839	undefined	undefined	liquid
22.310	26.017	166.67	0.0059998	-0.032341	-0.028006	-1.3110	17.103	28.043	908.20	-0.0069839	undefined	undefined	liquid
22.310	26.021	166.67	0.0059998	-0.032341	-0.028005	-1.3110	17.103	28.043	908.20	-0.0069839	undefined	undefined	liquid
22.310	26.025	166.67	0.0059998	-0.032342	-0.028005	-1.3111	17.103	28.043	908.20	-0.0069839	undefined	undefined	liquid
22.310	26.030	166.67	0.0059998	-0.032342	-0.028004	-1.3111	17.103	28.043	908.20	-0.0069839	undefined	undefined	liquid
22.310	26.034	166.67	0.0059998	-0.032342	-0.028004	-1.3111	17.103	28.043	908.20	-0.0069840	undefined	undefined	liquid
22.310	26.038	166.67	0.0059998	-0.032342	-0.028003	-1.3111	17.103	28.043	908.20	-0.0069840	undefined	undefined	liquid
22.310	26.042	166.67	0.0059998	-0.032343	-0.028003	-1.3111	17.103	28.043	908.20	-0.0069840	undefined	undefined	liquid
22.310	26.046	166.67	0.0059998	-0.032343	-0.028003	-1.3111	17.103	28.043	908.20	-0.0069840	undefined	undefined	liquid
22.310	26.051	166.67	0.0059998	-0.032343	-0.028002	-1.3111	17.103	28.043	908.20	-0.0069840	undefined	undefined	liquid
22.310	26.055	166.67	0.0059998	-0.032343	-0.028002	-1.3111	17.103	28.043	908.20	-0.0069840	undefined	undefined	liquid
22.310	26.059	166.67	0.0059998	-0.032343	-0.028001	-1.3111	17.103	28.043	908.20	-0.0069840	undefined	undefined	liquid
22.310	26.063	166.67	0.0059998	-0.032344	-0.028001	-1.3112	17.103	28.042	908.20	-0.0069840	undefined	undefined	liquid
22.310	26.067	166.67	0.0059998	-0.032344	-0.028000	-1.3112	17.103	28.042	908.20	-0.0069841	undefined	undefined	liquid
22.310	26.072	166.67	0.0059998	-0.032344	-0.028000	-1.3112	17.103	28.042	908.21	-0.0069841	undefined	undefined	liquid
22.310	26.076	166.67	0.0059998	-0.032344	-0.027999	-1.3112	17.103	28.042	908.21	-0.0069841	undefined	undefined	liquid
22.310	26.080	166.67	0.0059998	-0.032345	-0.027999	-1.3112	17.103	28.042	908.21	-0.0069841	undefined	undefined	liquid
22.310	26.084	166.67	0.0059997	-0.032345	-0.027998	-1.3112	17.103	28.042	908.21	-0.0069841	undefined	undefined	liquid
22.310	26.088	166.67	0.0059997	-0.032345	-0.027998	-1.3112	17.103	28.042	908.21	-0.0069841	undefined	undefined	liquid
22.310	26.093	166.67	0.0059997	-0.032345	-0.027997	-1.3112	17.103	28.042	908.21	-0.0069841	undefined	undefined	liquid
22.310	26.097	166.67	0.0059997	-0.032346	-0.027997	-1.3112	17.103	28.042	908.21	-0.0069841	undefined	undefined	liquid
22.310	26.101	166.67	0.0059997	-0.032346	-0.027997	-1.3113	17.103	28.042	908.21	-0.0069842	undefined	undefined	liquid
22.310	26.105	166.67	0.0059997	-0.032346	-0.027996	-1.3113	17.103	28.042	908.21	-0.0069842	undefined	undefined	liquid
22.310	26.109	166.67	0.0059997	-0.032346	-0.027996	-1.3113	17.103	28.042	908.21	-0.0069842	undefined	undefined	liquid
22.310	26.114	166.67	0.0059997	-0.032347	-0.027995	-1.3113	17.103	28.042	908.21	-0.0069842	undefined	undefined	liquid
22.310	26.118	166.67	0.0059997	-0.032347	-0.027995	-1.3113	17.103	28.042	908.21	-0.0069842	undefined	undefined	liquid
22.310	26.122	166.67	0.0059997	-0.032347	-0.027994	-1.3113	17.103	28.042	908.21	-0.0069842	undefined	undefined	liquid
22.310	26.126	166.67	0.0059997	-0.032347	-0.027994	-1.3113	17.103	28.042	908.21	-0.0069842	undefined	undefined	liquid
22.310	26.130	166.67	0.0059997	-0.032348	-0.027993	-1.3113	17.103	28.042	908.21	-0.0069843	undefined	undefined	liquid
22.310	26.135	166.67	0.0059997	-0.032348	-0.027993	-1.3113	17.103	28.042	908.21	-0.0069843	undefined	undefined	liquid
22.310	26.139	166.67	0.0059997	-0.032348	-0.027992	-1.3113	17.103	28.042	908.21	-0.0069843	undefined	undefined	liquid
22.310	26.143	166.67	0.0059997	-0.032348	-0.027992	-1.3114	17.103	28.042	908.21	-0.0069843	undefined	undefined	liquid
22.310	26.147	166.67	0.0059997	-0.032349	-0.027992	-1.3114	17.103	28.042	908.21	-0.0069843	undefined	undefined	liquid
22.310	26.151	166.67	0.0059997	-0.032349	-0.027991	-1.3114	17.103	28.042	908.22	-0.0069843	undefined	undefined	liquid
22.310	26.156	166.67	0.0059997	-0.032349	-0.027991	-1.3114	17.103	28.042	908.22	-0.0069843	undefined	undefined	liquid
22.310	26.160	166.67	0.0059997	-0.032349	-0.027990	-1.3114	17.103	28.042	908.22	-0.0069843	undefined	undefined	liquid
22.310	26.164	166.67	0.0059997	-0.032350	-0.027990	-1.3114	17.103	28.042	908.22	-0.0069844	undefined	undefined	liquid
22.310	26.168	166.67	0.0059997	-0.032350	-0.027989	-1.3114	17.103	28.042	908.22	-0.0069844	undefined	undefined	liquid
22.310	26.172	166.67	0.0059997	-0.032350	-0.027989	-1.3114	17.103	28.042	908.22	-0.0069844	undefined	undefined	liquid
22.310	26.177	166.67	0.0059997	-0.032350	-0.027988	-1.3114	17.103	28.042	908.22	-0.0069844	undefined	undefined	liquid
22.310	26.181	166.67	0.0059997	-0.032350	-0.027988	-1.3115	17.103	28.042	908.22	-0.0069844	undefined	undefined	liquid
22.310	26.185	166.67	0.0059997	-0.032351	-0.027987	-1.3115	17.103	28.042	908.22	-0.0069844	undefined	undefined	liquid
22.310	26.189	166.68	0.0059997	-0.032351	-0.027987	-1.3115	17.103	28.042	908.22	-0.0069844	undefined	undefined	liquid
22.310	26.193	166.68	0.0059997	-0.032351	-0.027987	-1.3115	17.103	28.042	908.22	-0.0069844	undefined	undefined	liquid
22.310	26.198	166.68	0.0059997	-0.032351	-0.027986	-1.3115	17.103	28.042	908.22	-0.0069845	undefined	undefined	liquid
22.310	26.202	166.68	0.0059997	-0.032352	-0.027986	-1.3115	17.103	28.042	908.22	-0.0069845	undefined	undefined	liquid
22.310	26.206	166.68	0.0059997	-0.032352	-0.027985	-1.3115	17.103	28.042	908.22	-0.0069845	undefined	undefined	liquid
22.310	26.210	166.68	0.0059997	-0.032352	-0.027985	-1.3115	17.103	28.042	908.22	-0.0069845	undefined	undefined	liquid
22.310	26.214	166.68	0.0059997	-0.032352	-0.027984	-1.3115	17.103	28.042	908.22	-0.0069845	undefined	undefined	liquid
22.310	26.219	166.68	0.0059997	-0.032353	-0.027984	-1.3116	17.103	28.042	908.22	-0.0069845	undefined	undefined	liquid
22.310	26.223	166.68	0.0059997	-0.032353	-0.027983	-1.3116	17.103	28.042	908.22	-0.0069845	undefined	undefined	liquid
22.310	26.227	166.68	0.0059997	-0.032353	-0.027983	-1.3116	17.103	28.042	908.22	-0.0069846	undefined	undefined	liquid
22.310	26.231	166.68	0.0059997	-0.032353	-0.027982	-1.3116	17.103	28.042	908.23	-0.0069846	undefined	undefined	liquid
22.310	26.235	166.68	0.0059997	-0.032354	-0.027982	-1.3116	17.103	28.042	908.23	-0.0069846	undefined	undefined	liquid
22.310	26.240	166.68	0.0059997	-0.032354	-0.027982	-1.3116	17.103	28.042	908.23	-0.0069846	undefined	undefined	liquid
22.310	26.244	166.68	0.0059997	-0.032354	-0.027981	-1.3116	17.103	28.041	908.23	-0.0069846	undefined	undefined	liquid
22.310	26.248	166.68	0.0059997	-0.032354	-0.027981	-1.3116	17.103	28.041	908.23	-0.0069846	undefined	undefined	liquid
22.310	26.252	166.68	0.0059997	-0.032355	-0.027980	-1.3116	17.103	28.041	908.23	-0.0069846	undefined	undefined	liquid
22.310	26.256	166.68	0.0059997	-0.032355	-0.027980	-1.3117	17.103	28.041	908.23	-0.0069846	undefined	undefined	liquid
22.310	26.261	166.68	0.0059997	-0.032355	-0.027979	-1.3117	17.103	28.041	908.23	-0.0069847	undefined	undefined	liquid
22.310	26.265	166.68	0.0059997	-0.032355	-0.027979	-1.3117	17.103	28.041	908.23	-0.0069847	undefined	undefined	liquid
22.310	26.269	166.68	0.0059997	-0.032356	-0.027978	-1.3117	17.103	28.041	908.23	-0.0069847	undefined	undefined	liquid
22.310	26.273	166.68	0.0059997	-0.032356	-0.027978	-1.3117	17.103	28.041	908.23	-0.0069847	undefined	undefined	liquid
22.310	26.277	166.68	0.0059997	-0.032356	-0.027977	-1.3117	17.103	28.041	908.23	-0.0069847	undefined	undefined	liquid
22.310	26.282	166.68	0.0059997	-0.032356	-0.027977	-1.3117	17.103	28.041	908.23	-0.0069847	undefined	undefined	liquid
22.310	26.286	166.68	0.0059997	-0.032357	-0.027976	-1.3117	17.103	28.041	908.23	-0.0069847	undefined	undefined	liquid
22.310	26.290	166.68	0.0059996	-0.032357	-0.027976	-1.3117	17.103	28.041	908.23	-0.0069847	undefined	undefined	liquid
22.310	26.294	166.68	0.0059996	-0.032357	-0.027976	-1.3118	17.103	28.041	908.23	-0.0069848	undefined	undefined	liquid
22.310	26.298	166.68	0.0059996	-0.032357	-0.027975	-1.3118	17.103	28.041	908.23	-0.0069848	undefined	undefined	liquid
22.310	26.303	166.68	0.0059996	-0.032357	-0.027975	-1.3118	17.103	28.041	908.23	-0.0069848	undefined	undefined	liquid
22.310	26.307	166.68	0.0059996	-0.032358	-0.027974	-1.3118	17.103	28.041	908.23	-0.0069848	undefined	undefined	liquid
22.310	26.311	166.68	0.0059996	-0.032358	-0.027974	-1.3118	17.103	28.041	908.24	-0.0069848	undefined	undefined	liquid
22.310	26.315	166.68	0.0059996	-0.032358	-0.027973	-1.3118	17.104	28.041	908.24	-0.0069848	undefined	undefined	liquid
22.310	26.319	166.68	0.0059996	-0.032358	-0.027973	-1.3118	17.104	28.041	908.24	-0.0069848	undefined	undefined	liquid
22.310	26.324	166.68	0.0059996	-0.032359	-0.027972	-1.3118	17.104	28.041	908.24	-0.0069848	undefined	undefined	liquid
22.310	26.328	166.68	0.0059996	-0.032359	-0.027972	-1.3118	17.104	28.041	908.24	-0.0069849	undefined	undefined	liquid
22.310	26.332	166.68	0.0059996	-0.032359	-0.027971	-1.3119	17.104	28.041	908.24	-0.0069849	undefined	undefined	liquid
22.310	26.336	166.68	0.0059996	-0.032359	-0.027971	-1.3119	17.104	28.041	908.24	-0.0069849	undefined	undefined	liquid
22.310	26.340	166.68	0.0059996	-0.032360	-0.027971	-1.3119	17.104	28.041	908.24	-0.0069849	undefined	undefined	liquid
22.310	26.345	166.68	0.0059996	-0.032360	-0.027970	-1.3119	17.104	28.041	908.24	-0.0069849	undefined	undefined	liquid
22.310	26.349	166.68	0.0059996	-0.032360	-0.027970	-1.3119	17.104	28.041	908.24	-0.0069849	undefined	undefined	liquid
22.310	26.353	166.68	0.0059996	-0.032360	-0.027969	-1.3119	17.104	28.041	908.24	-0.0069849	undefined	undefined	liquid
22.310	26.357	166.68	0.0059996	-0.032361	-0.027969	-1.3119	17.104	28.041	908.24	-0.0069850	undefined	undefined	liquid
22.310	26.361	166.68	0.0059996	-0.032361	-0.027968	-1.3119	17.104	28.041	908.24	-0.0069850	undefined	undefined	liquid
22.310	26.366	166.68	0.0059996	-0.032361	-0.027968	-1.3119	17.104	28.041	908.24	-0.0069850	undefined	undefined	liquid
22.310	26.370	166.68	0.0059996	-0.032361	-0.027967	-1.3119	17.104	28.041	908.24	-0.0069850	undefined	undefined	liquid
22.310	26.374	166.68	0.0059996	-0.032362	-0.027967	-1.3120	17.104	28.041	908.24	-0.0069850	undefined	undefined	liquid
22.310	26.378	166.68	0.0059996	-0.032362	-0.027966	-1.3120	17.104	28.041	908.24	-0.0069850	undefined	undefined	liquid
22.310	26.382	166.68	0.0059996	-0.032362	-0.027966	-1.3120	17.104	28.041	908.24	-0.0069850	undefined	undefined	liquid
22.310	26.387	166.68	0.0059996	-0.032362	-0.027966	-1.3120	17.104	28.041	908.24	-0.0069850	undefined	undefined	liquid
22.310	26.391	166.68	0.0059996	-0.032363	-0.027965	-1.3120	17.104	28.041	908.24	-0.0069851	undefined	undefined	liquid
22.310	26.395	166.68	0.0059996	-0.032363	-0.027965	-1.3120	17.104	28.041	908.25	-0.0069851	undefined	undefined	liquid
22.310	26.399	166.68	0.0059996	-0.032363	-0.027964	-1.3120	17.104	28.041	908.25	-0.0069851	undefined	undefined	liquid
22.310	26.403	166.68	0.0059996	-0.032363	-0.027964	-1.3120	17.104	28.041	908.25	-0.0069851	undefined	undefined	liquid
22.310	26.408	166.68	0.0059996	-0.032364	-0.027963	-1.3120	17.104	28.041	908.25	-0.0069851	undefined	undefined	liquid
22.310	26.412	166.68	0.0059996	-0.032364	-0.027963	-1.3121	17.104	28.041	908.25	-0.0069851	undefined	undefined	liquid
22.310	26.416	166.68	0.0059996	-0.032364	-0.027962	-1.3121	17.104	28.041	908.25	-0.0069851	undefined	undefined	liquid
22.310	26.420	166.68	0.0059996	-0.032364	-0.027962	-1.3121	17.104	28.040	908.25	-0.0069851	undefined	undefined	liquid
22.310	26.424	166.68	0.0059996	-0.032364	-0.027961	-1.3121	17.104	28.040	908.25	-0.0069852	undefined	undefined	liquid
22.310	26.429	166.68	0.0059996	-0.032365	-0.027961	-1.3121	17.104	28.040	908.25	-0.0069852	undefined	undefined	liquid
22.310	26.433	166.68	0.0059996	-0.032365	-0.027960	-1.3121	17.104	28.040	908.25	-0.0069852	undefined	undefined	liquid
22.310	26.437	166.68	0.0059996	-0.032365	-0.027960	-1.3121	17.104	28.040	908.25	-0.0069852	undefined	undefined	liquid
22.310	26.441	166.68	0.0059996	-0.032365	-0.027960	-1.3121	17.104	28.040	908.25	-0.0069852	undefined	undefined	liquid
22.310	26.445	166.68	0.0059996	-0.032366	-0.027959	-1.3121	17.104	28.040	908.25	-0.0069852	undefined	undefined	liquid
22.310	26.450	166.68	0.0059996	-0.032366	-0.027959	-1.3122	17.104	28.040	908.25	-0.0069852	undefined	undefined	liquid
22.310	26.454	166.68	0.0059996	-0.032366	-0.027958	-1.3122	17.104	28.040	908.25	-0.0069853	undefined	undefined	liquid
22.310	26.458	166.68	0.0059996	-0.032366	-0.027958	-1.3122	17.104	28.040	908.25	-0.0069853	undefined	undefined	liquid
22.310	26.462	166.68	0.0059996	-0.032367	-0.027957	-1.3122	17.104	28.040	908.25	-0.0069853	undefined	undefined	liquid
22.310	26.466	166.68	0.0059996	-0.032367	-0.027957	-1.3122	17.104	28.040	908.25	-0.0069853	undefined	undefined	liquid
22.310	26.471	166.68	0.0059996	-0.032367	-0.027956	-1.3122	17.104	28.040	908.25	-0.0069853	undefined	undefined	liquid
22.310	26.475	166.68	0.0059996	-0.032367	-0.027956	-1.3122	17.104	28.040	908.26	-0.0069853	undefined	undefined	liquid
22.310	26.479	166.68	0.0059996	-0.032368	-0.027955	-1.3122	17.104	28.040	908.26	-0.0069853	undefined	undefined	liquid
22.310	26.483	166.68	0.0059996	-0.032368	-0.027955	-1.3122	17.104	28.040	908.26	-0.0069853	undefined	undefined	liquid
22.310	26.487	166.68	0.0059996	-0.032368	-0.027955	-1.3123	17.104	28.040	908.26	-0.0069854	undefined	undefined	liquid
22.310	26.492	166.68	0.0059995	-0.032368	-0.027954	-1.3123	17.104	28.040	908.26	-0.0069854	undefined	undefined	liquid
22.310	26.496	166.68	0.0059995	-0.032369	-0.027954	-1.3123	17.104	28.040	908.26	-0.0069854	undefined	undefined	liquid
22.310	26.500	166.68	0.0059995	-0.032369	-0.027953	-1.3123	17.104	28.040	908.26	-0.0069854	undefined	undefined	liquid
22.310	26.504	166.68	0.0059995	-0.032369	-0.027953	-1.3123	17.104	28.040	908.26	-0.0069854	undefined	undefined	liquid
22.310	26.508	166.68	0.0059995	-0.032369	-0.027952	-1.3123	17.104	28.040	908.26	-0.0069854	undefined	undefined	liquid
22.310	26.513	166.68	0.0059995	-0.032370	-0.027952	-1.3123	17.104	28.040	908.26	-0.0069854	undefined	undefined	liquid
22.310	26.517	166.68	0.0059995	-0.032370	-0.027951	-1.3123	17.104	28.040	908.26	-0.0069854	undefined	undefined	liquid
22.310	26.521	166.68	0.0059995	-0.032370	-0.027951	-1.3123	17.104	28.040	908.26	-0.0069855	undefined	undefined	liquid
22.310	26.525	166.68	0.0059995	-0.032370	-0.027950	-1.3124	17.104	28.040	908.26	-0.0069855	undefined	undefined	liquid
22.310	26.529	166.68	0.0059995	-0.032371	-0.027950	-1.3124	17.104	28.040	908.26	-0.0069855	undefined	undefined	liquid
22.310	26.534	166.68	0.0059995	-0.032371	-0.027950	-1.3124	17.104	28.040	908.26	-0.0069855	undefined	undefined	liquid
22.310	26.538	166.68	0.0059995	-0.032371	-0.027949	-1.3124	17.104	28.040	908.26	-0.0069855	undefined	undefined	liquid
22.310	26.542	166.68	0.0059995	-0.032371	-0.027949	-1.3124	17.104	28.040	908.26	-0.0069855	undefined	undefined	liquid
22.310	26.546	166.68	0.0059995	-0.032371	-0.027948	-1.3124	17.104	28.040	908.26	-0.0069855	undefined	undefined	liquid
22.310	26.550	166.68	0.0059995	-0.032372	-0.027948	-1.3124	17.104	28.040	908.26	-0.0069856	undefined	undefined	liquid
22.310	26.555	166.68	0.0059995	-0.032372	-0.027947	-1.3124	17.104	28.040	908.27	-0.0069856	undefined	undefined	liquid
22.310	26.559	166.68	0.0059995	-0.032372	-0.027947	-1.3124	17.104	28.040	908.27	-0.0069856	undefined	undefined	liquid
22.310	26.563	166.68	0.0059995	-0.032372	-0.027946	-1.3124	17.104	28.040	908.27	-0.0069856	undefined	undefined	liquid
22.310	26.567	166.68	0.0059995	-0.032373	-0.027946	-1.3125	17.104	28.040	908.27	-0.0069856	undefined	undefined	liquid
22.310	26.571	166.68	0.0059995	-0.032373	-0.027945	-1.3125	17.104	28.040	908.27	-0.0069856	undefined	undefined	liquid
22.310	26.576	166.68	0.0059995	-0.032373	-0.027945	-1.3125	17.104	28.040	908.27	-0.0069856	undefined	undefined	liquid
22.310	26.580	166.68	0.0059995	-0.032373	-0.027944	-1.3125	17.104	28.040	908.27	-0.0069856	undefined	undefined	liquid
22.310	26.584	166.68	0.0059995	-0.032374	-0.027944	-1.3125	17.104	28.040	908.27	-0.0069857	undefined	undefined	liquid
22.310	26.588	166.68	0.0059995	-0.032374	-0.027944	-1.3125	17.104	28.040	908.27	-0.0069857	undefined	undefined	liquid
22.310	26.592	166.68	0.0059995	-0.032374	-0.027943	-1.3125	17.104	28.040	908.27	-0.0069857	undefined	undefined	liquid
22.310	26.597	166.68	0.0059995	-0.032374	-0.027943	-1.3125	17.104	28.040	908.27	-0.0069857	undefined	undefined	liquid
22.310	26.601	166.68	0.0059995	-0.032375	-0.027942	-1.3125	17.104	28.039	908.27	-0.0069857	undefined	undefined	liquid
22.310	26.605	166.68	0.0059995	-0.032375	-0.027942	-1.3126	17.104	28.039	908.27	-0.0069857	undefined	undefined	liquid
22.310	26.609	166.68	0.0059995	-0.032375	-0.027941	-1.3126	17.104	28.039	908.27	-0.0069857	undefined	undefined	liquid
22.310	26.613	166.68	0.0059995	-0.032375	-0.027941	-1.3126	17.104	28.039	908.27	-0.0069857	undefined	undefined	liquid
22.310	26.618	166.68	0.0059995	-0.032376	-0.027940	-1.3126	17.104	28.039	908.27	-0.0069858	undefined	undefined	liquid
22.310	26.622	166.68	0.0059995	-0.032376	-0.027940	-1.3126	17.104	28.039	908.27	-0.0069858	undefined	undefined	liquid
22.310	26.626	166.68	0.0059995	-0.032376	-0.027939	-1.3126	17.104	28.039	908.27	-0.0069858	undefined	undefined	liquid
22.310	26.630	166.68	0.0059995	-0.032376	-0.027939	-1.3126	17.104	28.039	908.27	-0.0069858	undefined	undefined	liquid
22.310	26.634	166.68	0.0059995	-0.032377	-0.027939	-1.3126	17.104	28.039	908.28	-0.0069858	undefined	undefined	liquid
22.310	26.639	166.68	0.0059995	-0.032377	-0.027938	-1.3126	17.104	28.039	908.28	-0.0069858	undefined	undefined	liquid
22.310	26.643	166.68	0.0059995	-0.032377	-0.027938	-1.3127	17.104	28.039	908.28	-0.0069858	undefined	undefined	liquid
22.310	26.647	166.68	0.0059995	-0.032377	-0.027937	-1.3127	17.104	28.039	908.28	-0.0069859	undefined	undefined	liquid
22.310	26.651	166.68	0.0059995	-0.032377	-0.027937	-1.3127	17.104	28.039	908.28	-0.0069859	undefined	undefined	liquid
22.310	26.655	166.68	0.0059995	-0.032378	-0.027936	-1.3127	17.104	28.039	908.28	-0.0069859	undefined	undefined	liquid
22.310	26.660	166.68	0.0059995	-0.032378	-0.027936	-1.3127	17.104	28.039	908.28	-0.0069859	undefined	undefined	liquid
22.310	26.664	166.68	0.0059995	-0.032378	-0.027935	-1.3127	17.104	28.039	908.28	-0.0069859	undefined	undefined	liquid
22.310	26.668	166.68	0.0059995	-0.032378	-0.027935	-1.3127	17.104	28.039	908.28	-0.0069859	undefined	undefined	liquid
22.310	26.672	166.68	0.0059995	-0.032379	-0.027934	-1.3127	17.104	28.039	908.28	-0.0069859	undefined	undefined	liquid
22.310	26.676	166.68	0.0059995	-0.032379	-0.027934	-1.3127	17.104	28.039	908.28	-0.0069859	undefined	undefined	liquid
22.310	26.681	166.68	0.0059995	-0.032379	-0.027934	-1.3128	17.104	28.039	908.28	-0.0069860	undefined	undefined	liquid
22.310	26.685	166.68	0.0059995	-0.032379	-0.027933	-1.3128	17.104	28.039	908.28	-0.0069860	undefined	undefined	liquid
22.310	26.689	166.68	0.0059995	-0.032380	-0.027933	-1.3128	17.104	28.039	908.28	-0.0069860	undefined	undefined	liquid
22.310	26.693	166.68	0.0059994	-0.032380	-0.027932	-1.3128	17.104	28.039	908.28	-0.0069860	undefined	undefined	liquid
22.310	26.697	166.68	0.0059994	-0.032380	-0.027932	-1.3128	17.104	28.039	908.28	-0.0069860	undefined	undefined	liquid
22.310	26.702	166.68	0.0059994	-0.032380	-0.027931	-1.3128	17.104	28.039	908.28	-0.0069860	undefined	undefined	liquid
22.310	26.706	166.68	0.0059994	-0.032381	-0.027931	-1.3128	17.104	28.039	908.28	-0.0069860	undefined	undefined	liquid
22.310	26.710	166.68	0.0059994	-0.032381	-0.027930	-1.3128	17.104	28.039	908.28	-0.0069860	undefined	undefined	liquid
22.310	26.714	166.68	0.0059994	-0.032381	-0.027930	-1.3128	17.104	28.039	908.28	-0.0069861	undefined	undefined	liquid
22.310	26.718	166.68	0.0059994	-0.032381	-0.027929	-1.3129	17.104	28.039	908.29	-0.0069861	undefined	undefined	liquid
22.310	26.723	166.68	0.0059994	-0.032382	-0.027929	-1.3129	17.104	28.039	908.29	-0.0069861	undefined	undefined	liquid
22.310	26.727	166.68	0.0059994	-0.032382	-0.027928	-1.3129	17.104	28.039	908.29	-0.0069861	undefined	undefined	liquid
22.310	26.731	166.68	0.0059994	-0.032382	-0.027928	-1.3129	17.104	28.039	908.29	-0.0069861	undefined	undefined	liquid
22.310	26.735	166.68	0.0059994	-0.032382	-0.027928	-1.3129	17.104	28.039	908.29	-0.0069861	undefined	undefined	liquid
22.310	26.739	166.68	0.0059994	-0.032383	-0.027927	-1.3129	17.104	28.039	908.29	-0.0069861	undefined	undefined	liquid
22.310	26.744	166.68	0.0059994	-0.032383	-0.027927	-1.3129	17.104	28.039	908.29	-0.0069862	undefined	undefined	liquid
22.310	26.748	166.68	0.0059994	-0.032383	-0.027926	-1.3129	17.104	28.039	908.29	-0.0069862	undefined	undefined	liquid
22.310	26.752	166.68	0.0059994	-0.032383	-0.027926	-1.3129	17.104	28.039	908.29	-0.0069862	undefined	undefined	liquid
22.310	26.756	166.68	0.0059994	-0.032384	-0.027925	-1.3129	17.104	28.039	908.29	-0.0069862	undefined	undefined	liquid
22.310	26.760	166.68	0.0059994	-0.032384	-0.027925	-1.3130	17.104	28.039	908.29	-0.0069862	undefined	undefined	liquid
22.310	26.765	166.68	0.0059994	-0.032384	-0.027924	-1.3130	17.104	28.039	908.29	-0.0069862	undefined	undefined	liquid
22.310	26.769	166.68	0.0059994	-0.032384	-0.027924	-1.3130	17.104	28.039	908.29	-0.0069862	undefined	undefined	liquid
22.310	26.773	166.68	0.0059994	-0.032384	-0.027923	-1.3130	17.104	28.039	908.29	-0.0069862	undefined	undefined	liquid
22.310	26.777	166.68	0.0059994	-0.032385	-0.027923	-1.3130	17.104	28.039	908.29	-0.0069863	undefined	undefined	liquid
22.310	26.781	166.68	0.0059994	-0.032385	-0.027923	-1.3130	17.104	28.038	908.29	-0.0069863	undefined	undefined	liquid
22.310	26.786	166.68	0.0059994	-0.032385	-0.027922	-1.3130	17.104	28.038	908.29	-0.0069863	undefined	undefined	liquid
22.310	26.790	166.68	0.0059994	-0.032385	-0.027922	-1.3130	17.104	28.038	908.29	-0.0069863	undefined	undefined	liquid
22.310	26.794	166.68	0.0059994	-0.032386	-0.027921	-1.3130	17.104	28.038	908.29	-0.0069863	undefined	undefined	liquid
22.310	26.798	166.68	0.0059994	-0.032386	-0.027921	-1.3131	17.104	28.038	908.30	-0.0069863	undefined	undefined	liquid
22.310	26.802	166.68	0.0059994	-0.032386	-0.027920	-1.3131	17.104	28.038	908.30	-0.0069863	undefined	undefined	liquid
22.310	26.807	166.68	0.0059994	-0.032386	-0.027920	-1.3131	17.104	28.038	908.30	-0.0069863	undefined	undefined	liquid
22.310	26.811	166.68	0.0059994	-0.032387	-0.027919	-1.3131	17.104	28.038	908.30	-0.0069864	undefined	undefined	liquid
22.310	26.815	166.68	0.0059994	-0.032387	-0.027919	-1.3131	17.104	28.038	908.30	-0.0069864	undefined	undefined	liquid
22.310	26.819	166.68	0.0059994	-0.032387	-0.027918	-1.3131	17.104	28.038	908.30	-0.0069864	undefined	undefined	liquid
22.310	26.823	166.68	0.0059994	-0.032387	-0.027918	-1.3131	17.104	28.038	908.30	-0.0069864	undefined	undefined	liquid
22.310	26.828	166.68	0.0059994	-0.032388	-0.027918	-1.3131	17.104	28.038	908.30	-0.0069864	undefined	undefined	liquid
22.310	26.832	166.68	0.0059994	-0.032388	-0.027917	-1.3131	17.104	28.038	908.30	-0.0069864	undefined	undefined	liquid
22.310	26.836	166.68	0.0059994	-0.032388	-0.027917	-1.3132	17.104	28.038	908.30	-0.0069864	undefined	undefined	liquid
22.310	26.840	166.68	0.0059994	-0.032388	-0.027916	-1.3132	17.104	28.038	908.30	-0.0069864	undefined	undefined	liquid
22.310	26.844	166.68	0.0059994	-0.032389	-0.027916	-1.3132	17.104	28.038	908.30	-0.0069865	undefined	undefined	liquid
22.310	26.849	166.68	0.0059994	-0.032389	-0.027915	-1.3132	17.104	28.038	908.30	-0.0069865	undefined	undefined	liquid
22.310	26.853	166.68	0.0059994	-0.032389	-0.027915	-1.3132	17.104	28.038	908.30	-0.0069865	undefined	undefined	liquid
22.310	26.857	166.68	0.0059994	-0.032389	-0.027914	-1.3132	17.104	28.038	908.30	-0.0069865	undefined	undefined	liquid
22.310	26.861	166.68	0.0059994	-0.032390	-0.027914	-1.3132	17.104	28.038	908.30	-0.0069865	undefined	undefined	liquid
22.310	26.865	166.68	0.0059994	-0.032390	-0.027913	-1.3132	17.104	28.038	908.30	-0.0069865	undefined	undefined	liquid
22.310	26.870	166.68	0.0059994	-0.032390	-0.027913	-1.3132	17.104	28.038	908.30	-0.0069865	undefined	undefined	liquid
22.310	26.874	166.68	0.0059994	-0.032390	-0.027912	-1.3133	17.104	28.038	908.30	-0.0069866	undefined	undefined	liquid
22.310	26.878	166.68	0.0059994	-0.032391	-0.027912	-1.3133	17.104	28.038	908.31	-0.0069866	undefined	undefined	liquid
22.310	26.882	166.68	0.0059994	-0.032391	-0.027912	-1.3133	17.104	28.038	908.31	-0.0069866	undefined	undefined	liquid
22.310	26.886	166.68	0.0059994	-0.032391	-0.027911	-1.3133	17.104	28.038	908.31	-0.0069866	undefined	undefined	liquid
22.310	26.891	166.68	0.0059994	-0.032391	-0.027911	-1.3133	17.104	28.038	908.31	-0.0069866	undefined	undefined	liquid
22.310	26.895	166.68	0.0059994	-0.032391	-0.027910	-1.3133	17.104	28.038	908.31	-0.0069866	undefined	undefined	liquid
22.310	26.899	166.68	0.0059993	-0.032392	-0.027910	-1.3133	17.104	28.038	908.31	-0.0069866	undefined	undefined	liquid
22.310	26.903	166.68	0.0059993	-0.032392	-0.027909	-1.3133	17.104	28.038	908.31	-0.0069866	undefined	undefined	liquid
22.310	26.907	166.68	0.0059993	-0.032392	-0.027909	-1.3133	17.104	28.038	908.31	-0.0069867	undefined	undefined	liquid
22.310	26.912	166.68	0.0059993	-0.032392	-0.027908	-1.3134	17.104	28.038	908.31	-0.0069867	undefined	undefined	liquid
22.310	26.916	166.69	0.0059993	-0.032393	-0.027908	-1.3134	17.104	28.038	908.31	-0.0069867	undefined	undefined	liquid
22.310	26.920	166.69	0.0059993	-0.032393	-0.027907	-1.3134	17.105	28.038	908.31	-0.0069867	undefined	undefined	liquid
