Temperature (K)	Pressure (psia)	Density (kg/m3)	Volume (m3/kg)	Internal Energy (kJ/mol)	Enthalpy (kJ/mol)	Entropy (J/mol*K)	Cv (J/mol*K)	Cp (J/mol*K)	Sound Spd. (m/s)	Joule-Thomson (F/psia)	Viscosity (uPa*s)	Therm. Cond. (W/m*K)	Phase
22.100	24.400	167.19	0.0059812	-0.038072	-0.034019	-1.5697	16.836	27.543	916.62	-0.0071848	undefined	undefined	liquid
22.100	24.405	167.19	0.0059812	-0.038073	-0.034019	-1.5697	16.836	27.543	916.62	-0.0071848	undefined	undefined	liquid
22.100	24.411	167.19	0.0059812	-0.038073	-0.034018	-1.5698	16.836	27.543	916.62	-0.0071848	undefined	undefined	liquid
22.100	24.416	167.19	0.0059812	-0.038073	-0.034017	-1.5698	16.836	27.543	916.62	-0.0071848	undefined	undefined	liquid
22.100	24.422	167.19	0.0059811	-0.038074	-0.034017	-1.5698	16.836	27.543	916.62	-0.0071848	undefined	undefined	liquid
22.100	24.427	167.19	0.0059811	-0.038074	-0.034016	-1.5698	16.836	27.543	916.62	-0.0071848	undefined	undefined	liquid
22.100	24.433	167.19	0.0059811	-0.038074	-0.034016	-1.5698	16.836	27.543	916.62	-0.0071849	undefined	undefined	liquid
22.100	24.438	167.19	0.0059811	-0.038075	-0.034015	-1.5698	16.836	27.542	916.62	-0.0071849	undefined	undefined	liquid
22.100	24.444	167.19	0.0059811	-0.038075	-0.034014	-1.5698	16.836	27.542	916.62	-0.0071849	undefined	undefined	liquid
22.100	24.449	167.19	0.0059811	-0.038075	-0.034014	-1.5699	16.836	27.542	916.62	-0.0071849	undefined	undefined	liquid
22.100	24.455	167.19	0.0059811	-0.038076	-0.034013	-1.5699	16.836	27.542	916.62	-0.0071849	undefined	undefined	liquid
22.100	24.460	167.19	0.0059811	-0.038076	-0.034013	-1.5699	16.836	27.542	916.62	-0.0071850	undefined	undefined	liquid
22.100	24.466	167.19	0.0059811	-0.038076	-0.034012	-1.5699	16.836	27.542	916.63	-0.0071850	undefined	undefined	liquid
22.100	24.471	167.19	0.0059811	-0.038076	-0.034011	-1.5699	16.836	27.542	916.63	-0.0071850	undefined	undefined	liquid
22.100	24.477	167.19	0.0059811	-0.038077	-0.034011	-1.5699	16.836	27.542	916.63	-0.0071850	undefined	undefined	liquid
22.100	24.482	167.19	0.0059811	-0.038077	-0.034010	-1.5699	16.836	27.542	916.63	-0.0071850	undefined	undefined	liquid
22.100	24.488	167.19	0.0059811	-0.038077	-0.034010	-1.5700	16.836	27.542	916.63	-0.0071850	undefined	undefined	liquid
22.100	24.493	167.19	0.0059811	-0.038078	-0.034009	-1.5700	16.836	27.542	916.63	-0.0071851	undefined	undefined	liquid
22.100	24.499	167.19	0.0059811	-0.038078	-0.034008	-1.5700	16.836	27.542	916.63	-0.0071851	undefined	undefined	liquid
22.100	24.504	167.19	0.0059811	-0.038078	-0.034008	-1.5700	16.836	27.542	916.63	-0.0071851	undefined	undefined	liquid
22.100	24.510	167.19	0.0059811	-0.038079	-0.034007	-1.5700	16.836	27.542	916.63	-0.0071851	undefined	undefined	liquid
22.100	24.515	167.19	0.0059811	-0.038079	-0.034007	-1.5700	16.836	27.542	916.63	-0.0071851	undefined	undefined	liquid
22.100	24.521	167.19	0.0059811	-0.038079	-0.034006	-1.5700	16.836	27.542	916.63	-0.0071851	undefined	undefined	liquid
22.100	24.526	167.19	0.0059811	-0.038080	-0.034005	-1.5701	16.836	27.542	916.63	-0.0071852	undefined	undefined	liquid
22.100	24.532	167.19	0.0059811	-0.038080	-0.034005	-1.5701	16.836	27.542	916.63	-0.0071852	undefined	undefined	liquid
22.100	24.537	167.19	0.0059811	-0.038080	-0.034004	-1.5701	16.836	27.542	916.63	-0.0071852	undefined	undefined	liquid
22.100	24.543	167.19	0.0059811	-0.038080	-0.034003	-1.5701	16.836	27.542	916.64	-0.0071852	undefined	undefined	liquid
22.100	24.548	167.19	0.0059811	-0.038081	-0.034003	-1.5701	16.836	27.542	916.64	-0.0071852	undefined	undefined	liquid
22.100	24.554	167.19	0.0059811	-0.038081	-0.034002	-1.5701	16.836	27.542	916.64	-0.0071853	undefined	undefined	liquid
22.100	24.559	167.19	0.0059811	-0.038081	-0.034002	-1.5701	16.836	27.542	916.64	-0.0071853	undefined	undefined	liquid
22.100	24.565	167.19	0.0059811	-0.038082	-0.034001	-1.5702	16.836	27.542	916.64	-0.0071853	undefined	undefined	liquid
22.100	24.570	167.19	0.0059811	-0.038082	-0.034000	-1.5702	16.836	27.542	916.64	-0.0071853	undefined	undefined	liquid
22.100	24.576	167.19	0.0059811	-0.038082	-0.034000	-1.5702	16.836	27.542	916.64	-0.0071853	undefined	undefined	liquid
22.100	24.581	167.19	0.0059811	-0.038083	-0.033999	-1.5702	16.836	27.542	916.64	-0.0071853	undefined	undefined	liquid
22.100	24.587	167.19	0.0059811	-0.038083	-0.033999	-1.5702	16.836	27.542	916.64	-0.0071854	undefined	undefined	liquid
22.100	24.592	167.19	0.0059811	-0.038083	-0.033998	-1.5702	16.836	27.542	916.64	-0.0071854	undefined	undefined	liquid
22.100	24.598	167.19	0.0059811	-0.038084	-0.033997	-1.5702	16.836	27.542	916.64	-0.0071854	undefined	undefined	liquid
22.100	24.603	167.19	0.0059811	-0.038084	-0.033997	-1.5703	16.836	27.542	916.64	-0.0071854	undefined	undefined	liquid
22.100	24.609	167.19	0.0059811	-0.038084	-0.033996	-1.5703	16.836	27.542	916.64	-0.0071854	undefined	undefined	liquid
22.100	24.614	167.19	0.0059811	-0.038084	-0.033996	-1.5703	16.836	27.541	916.64	-0.0071855	undefined	undefined	liquid
22.100	24.620	167.19	0.0059811	-0.038085	-0.033995	-1.5703	16.836	27.541	916.65	-0.0071855	undefined	undefined	liquid
22.100	24.625	167.19	0.0059811	-0.038085	-0.033994	-1.5703	16.836	27.541	916.65	-0.0071855	undefined	undefined	liquid
22.100	24.631	167.19	0.0059810	-0.038085	-0.033994	-1.5703	16.836	27.541	916.65	-0.0071855	undefined	undefined	liquid
22.100	24.636	167.19	0.0059810	-0.038086	-0.033993	-1.5703	16.836	27.541	916.65	-0.0071855	undefined	undefined	liquid
22.100	24.642	167.19	0.0059810	-0.038086	-0.033993	-1.5703	16.836	27.541	916.65	-0.0071855	undefined	undefined	liquid
22.100	24.647	167.19	0.0059810	-0.038086	-0.033992	-1.5704	16.836	27.541	916.65	-0.0071856	undefined	undefined	liquid
22.100	24.653	167.20	0.0059810	-0.038087	-0.033991	-1.5704	16.836	27.541	916.65	-0.0071856	undefined	undefined	liquid
22.100	24.658	167.20	0.0059810	-0.038087	-0.033991	-1.5704	16.836	27.541	916.65	-0.0071856	undefined	undefined	liquid
22.100	24.664	167.20	0.0059810	-0.038087	-0.033990	-1.5704	16.836	27.541	916.65	-0.0071856	undefined	undefined	liquid
22.100	24.669	167.20	0.0059810	-0.038088	-0.033990	-1.5704	16.836	27.541	916.65	-0.0071856	undefined	undefined	liquid
22.100	24.675	167.20	0.0059810	-0.038088	-0.033989	-1.5704	16.836	27.541	916.65	-0.0071856	undefined	undefined	liquid
22.100	24.680	167.20	0.0059810	-0.038088	-0.033988	-1.5704	16.836	27.541	916.65	-0.0071857	undefined	undefined	liquid
22.100	24.686	167.20	0.0059810	-0.038088	-0.033988	-1.5705	16.836	27.541	916.65	-0.0071857	undefined	undefined	liquid
22.100	24.691	167.20	0.0059810	-0.038089	-0.033987	-1.5705	16.836	27.541	916.65	-0.0071857	undefined	undefined	liquid
22.100	24.697	167.20	0.0059810	-0.038089	-0.033987	-1.5705	16.836	27.541	916.66	-0.0071857	undefined	undefined	liquid
22.100	24.702	167.20	0.0059810	-0.038089	-0.033986	-1.5705	16.836	27.541	916.66	-0.0071857	undefined	undefined	liquid
22.100	24.708	167.20	0.0059810	-0.038090	-0.033985	-1.5705	16.836	27.541	916.66	-0.0071858	undefined	undefined	liquid
22.100	24.713	167.20	0.0059810	-0.038090	-0.033985	-1.5705	16.836	27.541	916.66	-0.0071858	undefined	undefined	liquid
22.100	24.719	167.20	0.0059810	-0.038090	-0.033984	-1.5705	16.837	27.541	916.66	-0.0071858	undefined	undefined	liquid
22.100	24.724	167.20	0.0059810	-0.038091	-0.033984	-1.5706	16.837	27.541	916.66	-0.0071858	undefined	undefined	liquid
22.100	24.730	167.20	0.0059810	-0.038091	-0.033983	-1.5706	16.837	27.541	916.66	-0.0071858	undefined	undefined	liquid
22.100	24.735	167.20	0.0059810	-0.038091	-0.033982	-1.5706	16.837	27.541	916.66	-0.0071858	undefined	undefined	liquid
22.100	24.741	167.20	0.0059810	-0.038092	-0.033982	-1.5706	16.837	27.541	916.66	-0.0071859	undefined	undefined	liquid
22.100	24.746	167.20	0.0059810	-0.038092	-0.033981	-1.5706	16.837	27.541	916.66	-0.0071859	undefined	undefined	liquid
22.100	24.752	167.20	0.0059810	-0.038092	-0.033981	-1.5706	16.837	27.541	916.66	-0.0071859	undefined	undefined	liquid
22.100	24.757	167.20	0.0059810	-0.038092	-0.033980	-1.5706	16.837	27.541	916.66	-0.0071859	undefined	undefined	liquid
22.100	24.763	167.20	0.0059810	-0.038093	-0.033979	-1.5707	16.837	27.541	916.66	-0.0071859	undefined	undefined	liquid
22.100	24.768	167.20	0.0059810	-0.038093	-0.033979	-1.5707	16.837	27.541	916.66	-0.0071859	undefined	undefined	liquid
22.100	24.774	167.20	0.0059810	-0.038093	-0.033978	-1.5707	16.837	27.541	916.66	-0.0071860	undefined	undefined	liquid
22.100	24.779	167.20	0.0059810	-0.038094	-0.033977	-1.5707	16.837	27.541	916.67	-0.0071860	undefined	undefined	liquid
22.100	24.785	167.20	0.0059810	-0.038094	-0.033977	-1.5707	16.837	27.541	916.67	-0.0071860	undefined	undefined	liquid
22.100	24.790	167.20	0.0059810	-0.038094	-0.033976	-1.5707	16.837	27.541	916.67	-0.0071860	undefined	undefined	liquid
22.100	24.796	167.20	0.0059810	-0.038095	-0.033976	-1.5707	16.837	27.540	916.67	-0.0071860	undefined	undefined	liquid
22.100	24.801	167.20	0.0059810	-0.038095	-0.033975	-1.5708	16.837	27.540	916.67	-0.0071861	undefined	undefined	liquid
22.100	24.807	167.20	0.0059810	-0.038095	-0.033974	-1.5708	16.837	27.540	916.67	-0.0071861	undefined	undefined	liquid
22.100	24.812	167.20	0.0059810	-0.038096	-0.033974	-1.5708	16.837	27.540	916.67	-0.0071861	undefined	undefined	liquid
22.100	24.818	167.20	0.0059810	-0.038096	-0.033973	-1.5708	16.837	27.540	916.67	-0.0071861	undefined	undefined	liquid
22.100	24.823	167.20	0.0059810	-0.038096	-0.033973	-1.5708	16.837	27.540	916.67	-0.0071861	undefined	undefined	liquid
22.100	24.829	167.20	0.0059810	-0.038096	-0.033972	-1.5708	16.837	27.540	916.67	-0.0071861	undefined	undefined	liquid
22.100	24.834	167.20	0.0059810	-0.038097	-0.033971	-1.5708	16.837	27.540	916.67	-0.0071862	undefined	undefined	liquid
22.100	24.840	167.20	0.0059809	-0.038097	-0.033971	-1.5709	16.837	27.540	916.67	-0.0071862	undefined	undefined	liquid
22.100	24.845	167.20	0.0059809	-0.038097	-0.033970	-1.5709	16.837	27.540	916.67	-0.0071862	undefined	undefined	liquid
22.100	24.851	167.20	0.0059809	-0.038098	-0.033970	-1.5709	16.837	27.540	916.67	-0.0071862	undefined	undefined	liquid
22.100	24.856	167.20	0.0059809	-0.038098	-0.033969	-1.5709	16.837	27.540	916.68	-0.0071862	undefined	undefined	liquid
22.100	24.862	167.20	0.0059809	-0.038098	-0.033968	-1.5709	16.837	27.540	916.68	-0.0071862	undefined	undefined	liquid
22.100	24.867	167.20	0.0059809	-0.038099	-0.033968	-1.5709	16.837	27.540	916.68	-0.0071863	undefined	undefined	liquid
22.100	24.873	167.20	0.0059809	-0.038099	-0.033967	-1.5709	16.837	27.540	916.68	-0.0071863	undefined	undefined	liquid
22.100	24.878	167.20	0.0059809	-0.038099	-0.033967	-1.5709	16.837	27.540	916.68	-0.0071863	undefined	undefined	liquid
22.100	24.884	167.20	0.0059809	-0.038100	-0.033966	-1.5710	16.837	27.540	916.68	-0.0071863	undefined	undefined	liquid
22.100	24.889	167.20	0.0059809	-0.038100	-0.033965	-1.5710	16.837	27.540	916.68	-0.0071863	undefined	undefined	liquid
22.100	24.895	167.20	0.0059809	-0.038100	-0.033965	-1.5710	16.837	27.540	916.68	-0.0071864	undefined	undefined	liquid
22.100	24.900	167.20	0.0059809	-0.038100	-0.033964	-1.5710	16.837	27.540	916.68	-0.0071864	undefined	undefined	liquid
22.100	24.906	167.20	0.0059809	-0.038101	-0.033964	-1.5710	16.837	27.540	916.68	-0.0071864	undefined	undefined	liquid
22.100	24.911	167.20	0.0059809	-0.038101	-0.033963	-1.5710	16.837	27.540	916.68	-0.0071864	undefined	undefined	liquid
22.100	24.917	167.20	0.0059809	-0.038101	-0.033962	-1.5710	16.837	27.540	916.68	-0.0071864	undefined	undefined	liquid
22.100	24.922	167.20	0.0059809	-0.038102	-0.033962	-1.5711	16.837	27.540	916.68	-0.0071864	undefined	undefined	liquid
22.100	24.928	167.20	0.0059809	-0.038102	-0.033961	-1.5711	16.837	27.540	916.68	-0.0071865	undefined	undefined	liquid
22.100	24.933	167.20	0.0059809	-0.038102	-0.033961	-1.5711	16.837	27.540	916.69	-0.0071865	undefined	undefined	liquid
22.100	24.939	167.20	0.0059809	-0.038103	-0.033960	-1.5711	16.837	27.540	916.69	-0.0071865	undefined	undefined	liquid
22.100	24.944	167.20	0.0059809	-0.038103	-0.033959	-1.5711	16.837	27.540	916.69	-0.0071865	undefined	undefined	liquid
22.100	24.950	167.20	0.0059809	-0.038103	-0.033959	-1.5711	16.837	27.540	916.69	-0.0071865	undefined	undefined	liquid
22.100	24.955	167.20	0.0059809	-0.038103	-0.033958	-1.5711	16.837	27.540	916.69	-0.0071865	undefined	undefined	liquid
22.100	24.961	167.20	0.0059809	-0.038104	-0.033958	-1.5712	16.837	27.540	916.69	-0.0071866	undefined	undefined	liquid
22.100	24.966	167.20	0.0059809	-0.038104	-0.033957	-1.5712	16.837	27.540	916.69	-0.0071866	undefined	undefined	liquid
22.100	24.972	167.20	0.0059809	-0.038104	-0.033956	-1.5712	16.837	27.539	916.69	-0.0071866	undefined	undefined	liquid
22.100	24.977	167.20	0.0059809	-0.038105	-0.033956	-1.5712	16.837	27.539	916.69	-0.0071866	undefined	undefined	liquid
22.100	24.983	167.20	0.0059809	-0.038105	-0.033955	-1.5712	16.837	27.539	916.69	-0.0071866	undefined	undefined	liquid
22.100	24.988	167.20	0.0059809	-0.038105	-0.033955	-1.5712	16.837	27.539	916.69	-0.0071867	undefined	undefined	liquid
22.100	24.994	167.20	0.0059809	-0.038106	-0.033954	-1.5712	16.837	27.539	916.69	-0.0071867	undefined	undefined	liquid
22.100	24.999	167.20	0.0059809	-0.038106	-0.033953	-1.5713	16.837	27.539	916.69	-0.0071867	undefined	undefined	liquid
22.100	25.005	167.20	0.0059809	-0.038106	-0.033953	-1.5713	16.837	27.539	916.69	-0.0071867	undefined	undefined	liquid
22.100	25.010	167.20	0.0059809	-0.038107	-0.033952	-1.5713	16.837	27.539	916.70	-0.0071867	undefined	undefined	liquid
22.100	25.016	167.20	0.0059809	-0.038107	-0.033951	-1.5713	16.837	27.539	916.70	-0.0071867	undefined	undefined	liquid
22.100	25.021	167.20	0.0059809	-0.038107	-0.033951	-1.5713	16.837	27.539	916.70	-0.0071868	undefined	undefined	liquid
22.100	25.027	167.20	0.0059809	-0.038107	-0.033950	-1.5713	16.837	27.539	916.70	-0.0071868	undefined	undefined	liquid
22.100	25.032	167.20	0.0059809	-0.038108	-0.033950	-1.5713	16.837	27.539	916.70	-0.0071868	undefined	undefined	liquid
22.100	25.038	167.20	0.0059809	-0.038108	-0.033949	-1.5714	16.837	27.539	916.70	-0.0071868	undefined	undefined	liquid
22.100	25.043	167.20	0.0059809	-0.038108	-0.033948	-1.5714	16.837	27.539	916.70	-0.0071868	undefined	undefined	liquid
22.100	25.049	167.20	0.0059808	-0.038109	-0.033948	-1.5714	16.837	27.539	916.70	-0.0071868	undefined	undefined	liquid
22.100	25.054	167.20	0.0059808	-0.038109	-0.033947	-1.5714	16.837	27.539	916.70	-0.0071869	undefined	undefined	liquid
22.100	25.060	167.20	0.0059808	-0.038109	-0.033947	-1.5714	16.837	27.539	916.70	-0.0071869	undefined	undefined	liquid
22.100	25.065	167.20	0.0059808	-0.038110	-0.033946	-1.5714	16.837	27.539	916.70	-0.0071869	undefined	undefined	liquid
22.100	25.071	167.20	0.0059808	-0.038110	-0.033945	-1.5714	16.837	27.539	916.70	-0.0071869	undefined	undefined	liquid
22.100	25.076	167.20	0.0059808	-0.038110	-0.033945	-1.5715	16.837	27.539	916.70	-0.0071869	undefined	undefined	liquid
22.100	25.082	167.20	0.0059808	-0.038111	-0.033944	-1.5715	16.837	27.539	916.70	-0.0071870	undefined	undefined	liquid
22.100	25.087	167.20	0.0059808	-0.038111	-0.033944	-1.5715	16.837	27.539	916.71	-0.0071870	undefined	undefined	liquid
22.100	25.093	167.20	0.0059808	-0.038111	-0.033943	-1.5715	16.837	27.539	916.71	-0.0071870	undefined	undefined	liquid
22.100	25.098	167.20	0.0059808	-0.038111	-0.033942	-1.5715	16.837	27.539	916.71	-0.0071870	undefined	undefined	liquid
22.100	25.104	167.20	0.0059808	-0.038112	-0.033942	-1.5715	16.837	27.539	916.71	-0.0071870	undefined	undefined	liquid
22.100	25.109	167.20	0.0059808	-0.038112	-0.033941	-1.5715	16.837	27.539	916.71	-0.0071870	undefined	undefined	liquid
22.100	25.115	167.20	0.0059808	-0.038112	-0.033941	-1.5716	16.837	27.539	916.71	-0.0071871	undefined	undefined	liquid
22.100	25.120	167.20	0.0059808	-0.038113	-0.033940	-1.5716	16.837	27.539	916.71	-0.0071871	undefined	undefined	liquid
22.100	25.126	167.20	0.0059808	-0.038113	-0.033939	-1.5716	16.837	27.539	916.71	-0.0071871	undefined	undefined	liquid
22.100	25.131	167.20	0.0059808	-0.038113	-0.033939	-1.5716	16.837	27.539	916.71	-0.0071871	undefined	undefined	liquid
22.100	25.137	167.20	0.0059808	-0.038114	-0.033938	-1.5716	16.837	27.539	916.71	-0.0071871	undefined	undefined	liquid
22.100	25.142	167.20	0.0059808	-0.038114	-0.033938	-1.5716	16.837	27.539	916.71	-0.0071871	undefined	undefined	liquid
22.100	25.148	167.20	0.0059808	-0.038114	-0.033937	-1.5716	16.837	27.538	916.71	-0.0071872	undefined	undefined	liquid
22.100	25.153	167.20	0.0059808	-0.038115	-0.033936	-1.5716	16.837	27.538	916.71	-0.0071872	undefined	undefined	liquid
22.100	25.159	167.20	0.0059808	-0.038115	-0.033936	-1.5717	16.837	27.538	916.71	-0.0071872	undefined	undefined	liquid
22.100	25.164	167.20	0.0059808	-0.038115	-0.033935	-1.5717	16.837	27.538	916.72	-0.0071872	undefined	undefined	liquid
22.100	25.170	167.20	0.0059808	-0.038115	-0.033935	-1.5717	16.837	27.538	916.72	-0.0071872	undefined	undefined	liquid
22.100	25.175	167.20	0.0059808	-0.038116	-0.033934	-1.5717	16.837	27.538	916.72	-0.0071873	undefined	undefined	liquid
22.100	25.181	167.20	0.0059808	-0.038116	-0.033933	-1.5717	16.837	27.538	916.72	-0.0071873	undefined	undefined	liquid
22.100	25.186	167.20	0.0059808	-0.038116	-0.033933	-1.5717	16.837	27.538	916.72	-0.0071873	undefined	undefined	liquid
22.100	25.192	167.20	0.0059808	-0.038117	-0.033932	-1.5717	16.837	27.538	916.72	-0.0071873	undefined	undefined	liquid
22.100	25.197	167.20	0.0059808	-0.038117	-0.033932	-1.5718	16.837	27.538	916.72	-0.0071873	undefined	undefined	liquid
22.100	25.203	167.20	0.0059808	-0.038117	-0.033931	-1.5718	16.837	27.538	916.72	-0.0071873	undefined	undefined	liquid
22.100	25.208	167.20	0.0059808	-0.038118	-0.033930	-1.5718	16.837	27.538	916.72	-0.0071874	undefined	undefined	liquid
22.100	25.214	167.20	0.0059808	-0.038118	-0.033930	-1.5718	16.837	27.538	916.72	-0.0071874	undefined	undefined	liquid
22.100	25.219	167.20	0.0059808	-0.038118	-0.033929	-1.5718	16.837	27.538	916.72	-0.0071874	undefined	undefined	liquid
22.100	25.225	167.20	0.0059808	-0.038119	-0.033929	-1.5718	16.837	27.538	916.72	-0.0071874	undefined	undefined	liquid
22.100	25.230	167.20	0.0059808	-0.038119	-0.033928	-1.5718	16.837	27.538	916.72	-0.0071874	undefined	undefined	liquid
22.100	25.236	167.20	0.0059808	-0.038119	-0.033927	-1.5719	16.837	27.538	916.72	-0.0071874	undefined	undefined	liquid
22.100	25.241	167.20	0.0059808	-0.038119	-0.033927	-1.5719	16.837	27.538	916.73	-0.0071875	undefined	undefined	liquid
22.100	25.247	167.20	0.0059808	-0.038120	-0.033926	-1.5719	16.837	27.538	916.73	-0.0071875	undefined	undefined	liquid
22.100	25.252	167.20	0.0059808	-0.038120	-0.033925	-1.5719	16.837	27.538	916.73	-0.0071875	undefined	undefined	liquid
22.100	25.258	167.20	0.0059807	-0.038120	-0.033925	-1.5719	16.837	27.538	916.73	-0.0071875	undefined	undefined	liquid
22.100	25.263	167.20	0.0059807	-0.038121	-0.033924	-1.5719	16.837	27.538	916.73	-0.0071875	undefined	undefined	liquid
22.100	25.269	167.20	0.0059807	-0.038121	-0.033924	-1.5719	16.837	27.538	916.73	-0.0071876	undefined	undefined	liquid
22.100	25.274	167.20	0.0059807	-0.038121	-0.033923	-1.5720	16.837	27.538	916.73	-0.0071876	undefined	undefined	liquid
22.100	25.280	167.20	0.0059807	-0.038122	-0.033922	-1.5720	16.837	27.538	916.73	-0.0071876	undefined	undefined	liquid
22.100	25.285	167.20	0.0059807	-0.038122	-0.033922	-1.5720	16.837	27.538	916.73	-0.0071876	undefined	undefined	liquid
22.100	25.291	167.20	0.0059807	-0.038122	-0.033921	-1.5720	16.837	27.538	916.73	-0.0071876	undefined	undefined	liquid
22.100	25.296	167.20	0.0059807	-0.038123	-0.033921	-1.5720	16.837	27.538	916.73	-0.0071876	undefined	undefined	liquid
22.100	25.302	167.20	0.0059807	-0.038123	-0.033920	-1.5720	16.837	27.538	916.73	-0.0071877	undefined	undefined	liquid
22.100	25.307	167.20	0.0059807	-0.038123	-0.033919	-1.5720	16.837	27.538	916.73	-0.0071877	undefined	undefined	liquid
22.100	25.313	167.20	0.0059807	-0.038123	-0.033919	-1.5721	16.837	27.538	916.73	-0.0071877	undefined	undefined	liquid
22.100	25.318	167.20	0.0059807	-0.038124	-0.033918	-1.5721	16.838	27.538	916.74	-0.0071877	undefined	undefined	liquid
22.100	25.324	167.20	0.0059807	-0.038124	-0.033918	-1.5721	16.838	27.538	916.74	-0.0071877	undefined	undefined	liquid
22.100	25.329	167.20	0.0059807	-0.038124	-0.033917	-1.5721	16.838	27.537	916.74	-0.0071877	undefined	undefined	liquid
22.100	25.335	167.20	0.0059807	-0.038125	-0.033916	-1.5721	16.838	27.537	916.74	-0.0071878	undefined	undefined	liquid
22.100	25.340	167.20	0.0059807	-0.038125	-0.033916	-1.5721	16.838	27.537	916.74	-0.0071878	undefined	undefined	liquid
22.100	25.346	167.20	0.0059807	-0.038125	-0.033915	-1.5721	16.838	27.537	916.74	-0.0071878	undefined	undefined	liquid
22.100	25.351	167.20	0.0059807	-0.038126	-0.033915	-1.5722	16.838	27.537	916.74	-0.0071878	undefined	undefined	liquid
22.100	25.357	167.20	0.0059807	-0.038126	-0.033914	-1.5722	16.838	27.537	916.74	-0.0071878	undefined	undefined	liquid
22.100	25.362	167.20	0.0059807	-0.038126	-0.033913	-1.5722	16.838	27.537	916.74	-0.0071879	undefined	undefined	liquid
22.100	25.368	167.20	0.0059807	-0.038127	-0.033913	-1.5722	16.838	27.537	916.74	-0.0071879	undefined	undefined	liquid
22.100	25.373	167.20	0.0059807	-0.038127	-0.033912	-1.5722	16.838	27.537	916.74	-0.0071879	undefined	undefined	liquid
22.100	25.379	167.20	0.0059807	-0.038127	-0.033912	-1.5722	16.838	27.537	916.74	-0.0071879	undefined	undefined	liquid
22.100	25.384	167.20	0.0059807	-0.038127	-0.033911	-1.5722	16.838	27.537	916.74	-0.0071879	undefined	undefined	liquid
22.100	25.390	167.20	0.0059807	-0.038128	-0.033910	-1.5722	16.838	27.537	916.74	-0.0071879	undefined	undefined	liquid
22.100	25.395	167.21	0.0059807	-0.038128	-0.033910	-1.5723	16.838	27.537	916.75	-0.0071880	undefined	undefined	liquid
22.100	25.401	167.21	0.0059807	-0.038128	-0.033909	-1.5723	16.838	27.537	916.75	-0.0071880	undefined	undefined	liquid
22.100	25.406	167.21	0.0059807	-0.038129	-0.033909	-1.5723	16.838	27.537	916.75	-0.0071880	undefined	undefined	liquid
22.100	25.412	167.21	0.0059807	-0.038129	-0.033908	-1.5723	16.838	27.537	916.75	-0.0071880	undefined	undefined	liquid
22.100	25.417	167.21	0.0059807	-0.038129	-0.033907	-1.5723	16.838	27.537	916.75	-0.0071880	undefined	undefined	liquid
22.100	25.423	167.21	0.0059807	-0.038130	-0.033907	-1.5723	16.838	27.537	916.75	-0.0071880	undefined	undefined	liquid
22.100	25.428	167.21	0.0059807	-0.038130	-0.033906	-1.5723	16.838	27.537	916.75	-0.0071881	undefined	undefined	liquid
22.100	25.434	167.21	0.0059807	-0.038130	-0.033906	-1.5724	16.838	27.537	916.75	-0.0071881	undefined	undefined	liquid
22.100	25.439	167.21	0.0059807	-0.038131	-0.033905	-1.5724	16.838	27.537	916.75	-0.0071881	undefined	undefined	liquid
22.100	25.445	167.21	0.0059807	-0.038131	-0.033904	-1.5724	16.838	27.537	916.75	-0.0071881	undefined	undefined	liquid
22.100	25.450	167.21	0.0059807	-0.038131	-0.033904	-1.5724	16.838	27.537	916.75	-0.0071881	undefined	undefined	liquid
22.100	25.456	167.21	0.0059807	-0.038131	-0.033903	-1.5724	16.838	27.537	916.75	-0.0071882	undefined	undefined	liquid
22.100	25.461	167.21	0.0059806	-0.038132	-0.033902	-1.5724	16.838	27.537	916.75	-0.0071882	undefined	undefined	liquid
22.100	25.467	167.21	0.0059806	-0.038132	-0.033902	-1.5724	16.838	27.537	916.75	-0.0071882	undefined	undefined	liquid
22.100	25.472	167.21	0.0059806	-0.038132	-0.033901	-1.5725	16.838	27.537	916.76	-0.0071882	undefined	undefined	liquid
22.100	25.478	167.21	0.0059806	-0.038133	-0.033901	-1.5725	16.838	27.537	916.76	-0.0071882	undefined	undefined	liquid
22.100	25.483	167.21	0.0059806	-0.038133	-0.033900	-1.5725	16.838	27.537	916.76	-0.0071882	undefined	undefined	liquid
22.100	25.489	167.21	0.0059806	-0.038133	-0.033899	-1.5725	16.838	27.537	916.76	-0.0071883	undefined	undefined	liquid
22.100	25.494	167.21	0.0059806	-0.038134	-0.033899	-1.5725	16.838	27.537	916.76	-0.0071883	undefined	undefined	liquid
22.100	25.500	167.21	0.0059806	-0.038134	-0.033898	-1.5725	16.838	27.537	916.76	-0.0071883	undefined	undefined	liquid
22.100	25.505	167.21	0.0059806	-0.038134	-0.033898	-1.5725	16.838	27.536	916.76	-0.0071883	undefined	undefined	liquid
22.100	25.511	167.21	0.0059806	-0.038134	-0.033897	-1.5726	16.838	27.536	916.76	-0.0071883	undefined	undefined	liquid
22.100	25.516	167.21	0.0059806	-0.038135	-0.033896	-1.5726	16.838	27.536	916.76	-0.0071883	undefined	undefined	liquid
22.100	25.522	167.21	0.0059806	-0.038135	-0.033896	-1.5726	16.838	27.536	916.76	-0.0071884	undefined	undefined	liquid
22.100	25.527	167.21	0.0059806	-0.038135	-0.033895	-1.5726	16.838	27.536	916.76	-0.0071884	undefined	undefined	liquid
22.100	25.533	167.21	0.0059806	-0.038136	-0.033895	-1.5726	16.838	27.536	916.76	-0.0071884	undefined	undefined	liquid
22.100	25.538	167.21	0.0059806	-0.038136	-0.033894	-1.5726	16.838	27.536	916.76	-0.0071884	undefined	undefined	liquid
22.100	25.544	167.21	0.0059806	-0.038136	-0.033893	-1.5726	16.838	27.536	916.76	-0.0071884	undefined	undefined	liquid
22.100	25.549	167.21	0.0059806	-0.038137	-0.033893	-1.5727	16.838	27.536	916.77	-0.0071885	undefined	undefined	liquid
22.100	25.555	167.21	0.0059806	-0.038137	-0.033892	-1.5727	16.838	27.536	916.77	-0.0071885	undefined	undefined	liquid
22.100	25.560	167.21	0.0059806	-0.038137	-0.033892	-1.5727	16.838	27.536	916.77	-0.0071885	undefined	undefined	liquid
22.100	25.566	167.21	0.0059806	-0.038138	-0.033891	-1.5727	16.838	27.536	916.77	-0.0071885	undefined	undefined	liquid
22.100	25.571	167.21	0.0059806	-0.038138	-0.033890	-1.5727	16.838	27.536	916.77	-0.0071885	undefined	undefined	liquid
22.100	25.577	167.21	0.0059806	-0.038138	-0.033890	-1.5727	16.838	27.536	916.77	-0.0071885	undefined	undefined	liquid
22.100	25.582	167.21	0.0059806	-0.038138	-0.033889	-1.5727	16.838	27.536	916.77	-0.0071886	undefined	undefined	liquid
22.100	25.588	167.21	0.0059806	-0.038139	-0.033889	-1.5728	16.838	27.536	916.77	-0.0071886	undefined	undefined	liquid
22.100	25.593	167.21	0.0059806	-0.038139	-0.033888	-1.5728	16.838	27.536	916.77	-0.0071886	undefined	undefined	liquid
22.100	25.599	167.21	0.0059806	-0.038139	-0.033887	-1.5728	16.838	27.536	916.77	-0.0071886	undefined	undefined	liquid
22.100	25.604	167.21	0.0059806	-0.038140	-0.033887	-1.5728	16.838	27.536	916.77	-0.0071886	undefined	undefined	liquid
22.100	25.610	167.21	0.0059806	-0.038140	-0.033886	-1.5728	16.838	27.536	916.77	-0.0071886	undefined	undefined	liquid
22.100	25.615	167.21	0.0059806	-0.038140	-0.033886	-1.5728	16.838	27.536	916.77	-0.0071887	undefined	undefined	liquid
22.100	25.621	167.21	0.0059806	-0.038141	-0.033885	-1.5728	16.838	27.536	916.77	-0.0071887	undefined	undefined	liquid
22.100	25.626	167.21	0.0059806	-0.038141	-0.033884	-1.5728	16.838	27.536	916.78	-0.0071887	undefined	undefined	liquid
22.100	25.632	167.21	0.0059806	-0.038141	-0.033884	-1.5729	16.838	27.536	916.78	-0.0071887	undefined	undefined	liquid
22.100	25.637	167.21	0.0059806	-0.038142	-0.033883	-1.5729	16.838	27.536	916.78	-0.0071887	undefined	undefined	liquid
22.100	25.643	167.21	0.0059806	-0.038142	-0.033883	-1.5729	16.838	27.536	916.78	-0.0071888	undefined	undefined	liquid
22.100	25.648	167.21	0.0059806	-0.038142	-0.033882	-1.5729	16.838	27.536	916.78	-0.0071888	undefined	undefined	liquid
22.100	25.654	167.21	0.0059806	-0.038142	-0.033881	-1.5729	16.838	27.536	916.78	-0.0071888	undefined	undefined	liquid
22.100	25.659	167.21	0.0059806	-0.038143	-0.033881	-1.5729	16.838	27.536	916.78	-0.0071888	undefined	undefined	liquid
22.100	25.665	167.21	0.0059806	-0.038143	-0.033880	-1.5729	16.838	27.536	916.78	-0.0071888	undefined	undefined	liquid
22.100	25.670	167.21	0.0059805	-0.038143	-0.033880	-1.5730	16.838	27.536	916.78	-0.0071888	undefined	undefined	liquid
22.100	25.676	167.21	0.0059805	-0.038144	-0.033879	-1.5730	16.838	27.536	916.78	-0.0071889	undefined	undefined	liquid
22.100	25.681	167.21	0.0059805	-0.038144	-0.033878	-1.5730	16.838	27.535	916.78	-0.0071889	undefined	undefined	liquid
22.100	25.687	167.21	0.0059805	-0.038144	-0.033878	-1.5730	16.838	27.535	916.78	-0.0071889	undefined	undefined	liquid
22.100	25.692	167.21	0.0059805	-0.038145	-0.033877	-1.5730	16.838	27.535	916.78	-0.0071889	undefined	undefined	liquid
22.100	25.698	167.21	0.0059805	-0.038145	-0.033876	-1.5730	16.838	27.535	916.78	-0.0071889	undefined	undefined	liquid
22.100	25.703	167.21	0.0059805	-0.038145	-0.033876	-1.5730	16.838	27.535	916.79	-0.0071890	undefined	undefined	liquid
22.100	25.709	167.21	0.0059805	-0.038146	-0.033875	-1.5731	16.838	27.535	916.79	-0.0071890	undefined	undefined	liquid
22.100	25.714	167.21	0.0059805	-0.038146	-0.033875	-1.5731	16.838	27.535	916.79	-0.0071890	undefined	undefined	liquid
22.100	25.720	167.21	0.0059805	-0.038146	-0.033874	-1.5731	16.838	27.535	916.79	-0.0071890	undefined	undefined	liquid
22.100	25.725	167.21	0.0059805	-0.038146	-0.033873	-1.5731	16.838	27.535	916.79	-0.0071890	undefined	undefined	liquid
22.100	25.731	167.21	0.0059805	-0.038147	-0.033873	-1.5731	16.838	27.535	916.79	-0.0071890	undefined	undefined	liquid
22.100	25.736	167.21	0.0059805	-0.038147	-0.033872	-1.5731	16.838	27.535	916.79	-0.0071891	undefined	undefined	liquid
22.100	25.742	167.21	0.0059805	-0.038147	-0.033872	-1.5731	16.838	27.535	916.79	-0.0071891	undefined	undefined	liquid
22.100	25.747	167.21	0.0059805	-0.038148	-0.033871	-1.5732	16.838	27.535	916.79	-0.0071891	undefined	undefined	liquid
22.100	25.753	167.21	0.0059805	-0.038148	-0.033870	-1.5732	16.838	27.535	916.79	-0.0071891	undefined	undefined	liquid
22.100	25.758	167.21	0.0059805	-0.038148	-0.033870	-1.5732	16.838	27.535	916.79	-0.0071891	undefined	undefined	liquid
22.100	25.764	167.21	0.0059805	-0.038149	-0.033869	-1.5732	16.838	27.535	916.79	-0.0071891	undefined	undefined	liquid
22.100	25.769	167.21	0.0059805	-0.038149	-0.033869	-1.5732	16.838	27.535	916.79	-0.0071892	undefined	undefined	liquid
22.100	25.775	167.21	0.0059805	-0.038149	-0.033868	-1.5732	16.838	27.535	916.79	-0.0071892	undefined	undefined	liquid
22.100	25.780	167.21	0.0059805	-0.038150	-0.033867	-1.5732	16.838	27.535	916.80	-0.0071892	undefined	undefined	liquid
22.100	25.786	167.21	0.0059805	-0.038150	-0.033867	-1.5733	16.838	27.535	916.80	-0.0071892	undefined	undefined	liquid
22.100	25.791	167.21	0.0059805	-0.038150	-0.033866	-1.5733	16.838	27.535	916.80	-0.0071892	undefined	undefined	liquid
22.100	25.797	167.21	0.0059805	-0.038150	-0.033866	-1.5733	16.838	27.535	916.80	-0.0071893	undefined	undefined	liquid
22.100	25.802	167.21	0.0059805	-0.038151	-0.033865	-1.5733	16.838	27.535	916.80	-0.0071893	undefined	undefined	liquid
22.100	25.808	167.21	0.0059805	-0.038151	-0.033864	-1.5733	16.838	27.535	916.80	-0.0071893	undefined	undefined	liquid
22.100	25.813	167.21	0.0059805	-0.038151	-0.033864	-1.5733	16.838	27.535	916.80	-0.0071893	undefined	undefined	liquid
22.100	25.819	167.21	0.0059805	-0.038152	-0.033863	-1.5733	16.838	27.535	916.80	-0.0071893	undefined	undefined	liquid
22.100	25.824	167.21	0.0059805	-0.038152	-0.033863	-1.5734	16.838	27.535	916.80	-0.0071893	undefined	undefined	liquid
22.100	25.830	167.21	0.0059805	-0.038152	-0.033862	-1.5734	16.838	27.535	916.80	-0.0071894	undefined	undefined	liquid
22.100	25.835	167.21	0.0059805	-0.038153	-0.033861	-1.5734	16.838	27.535	916.80	-0.0071894	undefined	undefined	liquid
22.100	25.841	167.21	0.0059805	-0.038153	-0.033861	-1.5734	16.838	27.535	916.80	-0.0071894	undefined	undefined	liquid
22.100	25.846	167.21	0.0059805	-0.038153	-0.033860	-1.5734	16.838	27.535	916.80	-0.0071894	undefined	undefined	liquid
22.100	25.852	167.21	0.0059805	-0.038154	-0.033860	-1.5734	16.838	27.535	916.80	-0.0071894	undefined	undefined	liquid
22.100	25.857	167.21	0.0059805	-0.038154	-0.033859	-1.5734	16.838	27.535	916.81	-0.0071894	undefined	undefined	liquid
22.100	25.863	167.21	0.0059805	-0.038154	-0.033858	-1.5735	16.838	27.534	916.81	-0.0071895	undefined	undefined	liquid
22.100	25.868	167.21	0.0059805	-0.038154	-0.033858	-1.5735	16.838	27.534	916.81	-0.0071895	undefined	undefined	liquid
22.100	25.874	167.21	0.0059805	-0.038155	-0.033857	-1.5735	16.838	27.534	916.81	-0.0071895	undefined	undefined	liquid
22.100	25.879	167.21	0.0059804	-0.038155	-0.033857	-1.5735	16.838	27.534	916.81	-0.0071895	undefined	undefined	liquid
22.100	25.885	167.21	0.0059804	-0.038155	-0.033856	-1.5735	16.838	27.534	916.81	-0.0071895	undefined	undefined	liquid
22.100	25.890	167.21	0.0059804	-0.038156	-0.033855	-1.5735	16.838	27.534	916.81	-0.0071896	undefined	undefined	liquid
22.100	25.896	167.21	0.0059804	-0.038156	-0.033855	-1.5735	16.838	27.534	916.81	-0.0071896	undefined	undefined	liquid
22.100	25.901	167.21	0.0059804	-0.038156	-0.033854	-1.5735	16.838	27.534	916.81	-0.0071896	undefined	undefined	liquid
22.100	25.907	167.21	0.0059804	-0.038157	-0.033854	-1.5736	16.838	27.534	916.81	-0.0071896	undefined	undefined	liquid
22.100	25.912	167.21	0.0059804	-0.038157	-0.033853	-1.5736	16.839	27.534	916.81	-0.0071896	undefined	undefined	liquid
22.100	25.918	167.21	0.0059804	-0.038157	-0.033852	-1.5736	16.839	27.534	916.81	-0.0071896	undefined	undefined	liquid
22.100	25.923	167.21	0.0059804	-0.038158	-0.033852	-1.5736	16.839	27.534	916.81	-0.0071897	undefined	undefined	liquid
22.100	25.929	167.21	0.0059804	-0.038158	-0.033851	-1.5736	16.839	27.534	916.81	-0.0071897	undefined	undefined	liquid
22.100	25.934	167.21	0.0059804	-0.038158	-0.033850	-1.5736	16.839	27.534	916.82	-0.0071897	undefined	undefined	liquid
22.100	25.940	167.21	0.0059804	-0.038158	-0.033850	-1.5736	16.839	27.534	916.82	-0.0071897	undefined	undefined	liquid
22.100	25.945	167.21	0.0059804	-0.038159	-0.033849	-1.5737	16.839	27.534	916.82	-0.0071897	undefined	undefined	liquid
22.100	25.951	167.21	0.0059804	-0.038159	-0.033849	-1.5737	16.839	27.534	916.82	-0.0071897	undefined	undefined	liquid
22.100	25.956	167.21	0.0059804	-0.038159	-0.033848	-1.5737	16.839	27.534	916.82	-0.0071898	undefined	undefined	liquid
22.100	25.962	167.21	0.0059804	-0.038160	-0.033847	-1.5737	16.839	27.534	916.82	-0.0071898	undefined	undefined	liquid
22.100	25.967	167.21	0.0059804	-0.038160	-0.033847	-1.5737	16.839	27.534	916.82	-0.0071898	undefined	undefined	liquid
22.100	25.973	167.21	0.0059804	-0.038160	-0.033846	-1.5737	16.839	27.534	916.82	-0.0071898	undefined	undefined	liquid
22.100	25.978	167.21	0.0059804	-0.038161	-0.033846	-1.5737	16.839	27.534	916.82	-0.0071898	undefined	undefined	liquid
22.100	25.984	167.21	0.0059804	-0.038161	-0.033845	-1.5738	16.839	27.534	916.82	-0.0071899	undefined	undefined	liquid
22.100	25.989	167.21	0.0059804	-0.038161	-0.033844	-1.5738	16.839	27.534	916.82	-0.0071899	undefined	undefined	liquid
22.100	25.995	167.21	0.0059804	-0.038161	-0.033844	-1.5738	16.839	27.534	916.82	-0.0071899	undefined	undefined	liquid
22.100	26.000	167.21	0.0059804	-0.038162	-0.033843	-1.5738	16.839	27.534	916.82	-0.0071899	undefined	undefined	liquid
22.100	26.006	167.21	0.0059804	-0.038162	-0.033843	-1.5738	16.839	27.534	916.82	-0.0071899	undefined	undefined	liquid
22.100	26.011	167.21	0.0059804	-0.038162	-0.033842	-1.5738	16.839	27.534	916.83	-0.0071899	undefined	undefined	liquid
22.100	26.017	167.21	0.0059804	-0.038163	-0.033841	-1.5738	16.839	27.534	916.83	-0.0071900	undefined	undefined	liquid
22.100	26.022	167.21	0.0059804	-0.038163	-0.033841	-1.5739	16.839	27.534	916.83	-0.0071900	undefined	undefined	liquid
22.100	26.028	167.21	0.0059804	-0.038163	-0.033840	-1.5739	16.839	27.534	916.83	-0.0071900	undefined	undefined	liquid
22.100	26.033	167.21	0.0059804	-0.038164	-0.033840	-1.5739	16.839	27.534	916.83	-0.0071900	undefined	undefined	liquid
22.100	26.039	167.21	0.0059804	-0.038164	-0.033839	-1.5739	16.839	27.533	916.83	-0.0071900	undefined	undefined	liquid
22.100	26.044	167.21	0.0059804	-0.038164	-0.033838	-1.5739	16.839	27.533	916.83	-0.0071900	undefined	undefined	liquid
22.100	26.050	167.21	0.0059804	-0.038165	-0.033838	-1.5739	16.839	27.533	916.83	-0.0071901	undefined	undefined	liquid
22.100	26.055	167.21	0.0059804	-0.038165	-0.033837	-1.5739	16.839	27.533	916.83	-0.0071901	undefined	undefined	liquid
22.100	26.061	167.21	0.0059804	-0.038165	-0.033837	-1.5740	16.839	27.533	916.83	-0.0071901	undefined	undefined	liquid
22.100	26.066	167.21	0.0059804	-0.038165	-0.033836	-1.5740	16.839	27.533	916.83	-0.0071901	undefined	undefined	liquid
22.100	26.072	167.21	0.0059804	-0.038166	-0.033835	-1.5740	16.839	27.533	916.83	-0.0071901	undefined	undefined	liquid
22.100	26.077	167.21	0.0059804	-0.038166	-0.033835	-1.5740	16.839	27.533	916.83	-0.0071902	undefined	undefined	liquid
22.100	26.083	167.21	0.0059804	-0.038166	-0.033834	-1.5740	16.839	27.533	916.83	-0.0071902	undefined	undefined	liquid
22.100	26.088	167.21	0.0059803	-0.038167	-0.033834	-1.5740	16.839	27.533	916.84	-0.0071902	undefined	undefined	liquid
22.100	26.094	167.21	0.0059803	-0.038167	-0.033833	-1.5740	16.839	27.533	916.84	-0.0071902	undefined	undefined	liquid
22.100	26.099	167.21	0.0059803	-0.038167	-0.033832	-1.5741	16.839	27.533	916.84	-0.0071902	undefined	undefined	liquid
22.100	26.105	167.21	0.0059803	-0.038168	-0.033832	-1.5741	16.839	27.533	916.84	-0.0071902	undefined	undefined	liquid
22.100	26.110	167.21	0.0059803	-0.038168	-0.033831	-1.5741	16.839	27.533	916.84	-0.0071903	undefined	undefined	liquid
22.100	26.116	167.21	0.0059803	-0.038168	-0.033831	-1.5741	16.839	27.533	916.84	-0.0071903	undefined	undefined	liquid
22.100	26.121	167.21	0.0059803	-0.038169	-0.033830	-1.5741	16.839	27.533	916.84	-0.0071903	undefined	undefined	liquid
22.100	26.127	167.21	0.0059803	-0.038169	-0.033829	-1.5741	16.839	27.533	916.84	-0.0071903	undefined	undefined	liquid
22.100	26.132	167.21	0.0059803	-0.038169	-0.033829	-1.5741	16.839	27.533	916.84	-0.0071903	undefined	undefined	liquid
22.100	26.138	167.21	0.0059803	-0.038169	-0.033828	-1.5741	16.839	27.533	916.84	-0.0071903	undefined	undefined	liquid
22.100	26.143	167.22	0.0059803	-0.038170	-0.033827	-1.5742	16.839	27.533	916.84	-0.0071904	undefined	undefined	liquid
22.100	26.149	167.22	0.0059803	-0.038170	-0.033827	-1.5742	16.839	27.533	916.84	-0.0071904	undefined	undefined	liquid
22.100	26.154	167.22	0.0059803	-0.038170	-0.033826	-1.5742	16.839	27.533	916.84	-0.0071904	undefined	undefined	liquid
22.100	26.160	167.22	0.0059803	-0.038171	-0.033826	-1.5742	16.839	27.533	916.84	-0.0071904	undefined	undefined	liquid
22.100	26.165	167.22	0.0059803	-0.038171	-0.033825	-1.5742	16.839	27.533	916.85	-0.0071904	undefined	undefined	liquid
22.100	26.171	167.22	0.0059803	-0.038171	-0.033824	-1.5742	16.839	27.533	916.85	-0.0071905	undefined	undefined	liquid
22.100	26.176	167.22	0.0059803	-0.038172	-0.033824	-1.5742	16.839	27.533	916.85	-0.0071905	undefined	undefined	liquid
22.100	26.182	167.22	0.0059803	-0.038172	-0.033823	-1.5743	16.839	27.533	916.85	-0.0071905	undefined	undefined	liquid
22.100	26.187	167.22	0.0059803	-0.038172	-0.033823	-1.5743	16.839	27.533	916.85	-0.0071905	undefined	undefined	liquid
22.100	26.193	167.22	0.0059803	-0.038173	-0.033822	-1.5743	16.839	27.533	916.85	-0.0071905	undefined	undefined	liquid
22.100	26.198	167.22	0.0059803	-0.038173	-0.033821	-1.5743	16.839	27.533	916.85	-0.0071905	undefined	undefined	liquid
22.100	26.204	167.22	0.0059803	-0.038173	-0.033821	-1.5743	16.839	27.533	916.85	-0.0071906	undefined	undefined	liquid
22.100	26.209	167.22	0.0059803	-0.038173	-0.033820	-1.5743	16.839	27.533	916.85	-0.0071906	undefined	undefined	liquid
22.100	26.215	167.22	0.0059803	-0.038174	-0.033820	-1.5743	16.839	27.533	916.85	-0.0071906	undefined	undefined	liquid
22.100	26.220	167.22	0.0059803	-0.038174	-0.033819	-1.5744	16.839	27.532	916.85	-0.0071906	undefined	undefined	liquid
22.100	26.226	167.22	0.0059803	-0.038174	-0.033818	-1.5744	16.839	27.532	916.85	-0.0071906	undefined	undefined	liquid
22.100	26.231	167.22	0.0059803	-0.038175	-0.033818	-1.5744	16.839	27.532	916.85	-0.0071906	undefined	undefined	liquid
22.100	26.237	167.22	0.0059803	-0.038175	-0.033817	-1.5744	16.839	27.532	916.85	-0.0071907	undefined	undefined	liquid
22.100	26.242	167.22	0.0059803	-0.038175	-0.033817	-1.5744	16.839	27.532	916.86	-0.0071907	undefined	undefined	liquid
22.100	26.248	167.22	0.0059803	-0.038176	-0.033816	-1.5744	16.839	27.532	916.86	-0.0071907	undefined	undefined	liquid
22.100	26.253	167.22	0.0059803	-0.038176	-0.033815	-1.5744	16.839	27.532	916.86	-0.0071907	undefined	undefined	liquid
22.100	26.259	167.22	0.0059803	-0.038176	-0.033815	-1.5745	16.839	27.532	916.86	-0.0071907	undefined	undefined	liquid
22.100	26.264	167.22	0.0059803	-0.038177	-0.033814	-1.5745	16.839	27.532	916.86	-0.0071908	undefined	undefined	liquid
22.100	26.270	167.22	0.0059803	-0.038177	-0.033814	-1.5745	16.839	27.532	916.86	-0.0071908	undefined	undefined	liquid
22.100	26.275	167.22	0.0059803	-0.038177	-0.033813	-1.5745	16.839	27.532	916.86	-0.0071908	undefined	undefined	liquid
22.100	26.281	167.22	0.0059803	-0.038177	-0.033812	-1.5745	16.839	27.532	916.86	-0.0071908	undefined	undefined	liquid
22.100	26.286	167.22	0.0059803	-0.038178	-0.033812	-1.5745	16.839	27.532	916.86	-0.0071908	undefined	undefined	liquid
22.100	26.292	167.22	0.0059803	-0.038178	-0.033811	-1.5745	16.839	27.532	916.86	-0.0071908	undefined	undefined	liquid
22.100	26.297	167.22	0.0059802	-0.038178	-0.033811	-1.5746	16.839	27.532	916.86	-0.0071909	undefined	undefined	liquid
22.100	26.303	167.22	0.0059802	-0.038179	-0.033810	-1.5746	16.839	27.532	916.86	-0.0071909	undefined	undefined	liquid
22.100	26.308	167.22	0.0059802	-0.038179	-0.033809	-1.5746	16.839	27.532	916.86	-0.0071909	undefined	undefined	liquid
22.100	26.314	167.22	0.0059802	-0.038179	-0.033809	-1.5746	16.839	27.532	916.86	-0.0071909	undefined	undefined	liquid
22.100	26.319	167.22	0.0059802	-0.038180	-0.033808	-1.5746	16.839	27.532	916.87	-0.0071909	undefined	undefined	liquid
22.100	26.325	167.22	0.0059802	-0.038180	-0.033808	-1.5746	16.839	27.532	916.87	-0.0071909	undefined	undefined	liquid
22.100	26.330	167.22	0.0059802	-0.038180	-0.033807	-1.5746	16.839	27.532	916.87	-0.0071910	undefined	undefined	liquid
22.100	26.336	167.22	0.0059802	-0.038181	-0.033806	-1.5747	16.839	27.532	916.87	-0.0071910	undefined	undefined	liquid
22.100	26.341	167.22	0.0059802	-0.038181	-0.033806	-1.5747	16.839	27.532	916.87	-0.0071910	undefined	undefined	liquid
22.100	26.347	167.22	0.0059802	-0.038181	-0.033805	-1.5747	16.839	27.532	916.87	-0.0071910	undefined	undefined	liquid
22.100	26.352	167.22	0.0059802	-0.038181	-0.033805	-1.5747	16.839	27.532	916.87	-0.0071910	undefined	undefined	liquid
22.100	26.358	167.22	0.0059802	-0.038182	-0.033804	-1.5747	16.839	27.532	916.87	-0.0071911	undefined	undefined	liquid
22.100	26.363	167.22	0.0059802	-0.038182	-0.033803	-1.5747	16.839	27.532	916.87	-0.0071911	undefined	undefined	liquid
22.100	26.369	167.22	0.0059802	-0.038182	-0.033803	-1.5747	16.839	27.532	916.87	-0.0071911	undefined	undefined	liquid
22.100	26.374	167.22	0.0059802	-0.038183	-0.033802	-1.5747	16.839	27.532	916.87	-0.0071911	undefined	undefined	liquid
22.100	26.380	167.22	0.0059802	-0.038183	-0.033801	-1.5748	16.839	27.532	916.87	-0.0071911	undefined	undefined	liquid
22.100	26.385	167.22	0.0059802	-0.038183	-0.033801	-1.5748	16.839	27.532	916.87	-0.0071911	undefined	undefined	liquid
22.100	26.391	167.22	0.0059802	-0.038184	-0.033800	-1.5748	16.839	27.532	916.87	-0.0071912	undefined	undefined	liquid
22.100	26.396	167.22	0.0059802	-0.038184	-0.033800	-1.5748	16.839	27.531	916.88	-0.0071912	undefined	undefined	liquid
22.100	26.402	167.22	0.0059802	-0.038184	-0.033799	-1.5748	16.839	27.531	916.88	-0.0071912	undefined	undefined	liquid
22.100	26.407	167.22	0.0059802	-0.038184	-0.033798	-1.5748	16.839	27.531	916.88	-0.0071912	undefined	undefined	liquid
22.100	26.413	167.22	0.0059802	-0.038185	-0.033798	-1.5748	16.839	27.531	916.88	-0.0071912	undefined	undefined	liquid
22.100	26.418	167.22	0.0059802	-0.038185	-0.033797	-1.5749	16.839	27.531	916.88	-0.0071912	undefined	undefined	liquid
22.100	26.424	167.22	0.0059802	-0.038185	-0.033797	-1.5749	16.839	27.531	916.88	-0.0071913	undefined	undefined	liquid
22.100	26.429	167.22	0.0059802	-0.038186	-0.033796	-1.5749	16.839	27.531	916.88	-0.0071913	undefined	undefined	liquid
22.100	26.435	167.22	0.0059802	-0.038186	-0.033795	-1.5749	16.839	27.531	916.88	-0.0071913	undefined	undefined	liquid
22.100	26.440	167.22	0.0059802	-0.038186	-0.033795	-1.5749	16.839	27.531	916.88	-0.0071913	undefined	undefined	liquid
22.100	26.446	167.22	0.0059802	-0.038187	-0.033794	-1.5749	16.839	27.531	916.88	-0.0071913	undefined	undefined	liquid
22.100	26.451	167.22	0.0059802	-0.038187	-0.033794	-1.5749	16.839	27.531	916.88	-0.0071914	undefined	undefined	liquid
22.100	26.457	167.22	0.0059802	-0.038187	-0.033793	-1.5750	16.839	27.531	916.88	-0.0071914	undefined	undefined	liquid
22.100	26.462	167.22	0.0059802	-0.038188	-0.033792	-1.5750	16.839	27.531	916.88	-0.0071914	undefined	undefined	liquid
22.100	26.468	167.22	0.0059802	-0.038188	-0.033792	-1.5750	16.839	27.531	916.89	-0.0071914	undefined	undefined	liquid
22.100	26.473	167.22	0.0059802	-0.038188	-0.033791	-1.5750	16.839	27.531	916.89	-0.0071914	undefined	undefined	liquid
22.100	26.479	167.22	0.0059802	-0.038188	-0.033791	-1.5750	16.839	27.531	916.89	-0.0071914	undefined	undefined	liquid
22.100	26.484	167.22	0.0059802	-0.038189	-0.033790	-1.5750	16.839	27.531	916.89	-0.0071915	undefined	undefined	liquid
22.100	26.490	167.22	0.0059802	-0.038189	-0.033789	-1.5750	16.839	27.531	916.89	-0.0071915	undefined	undefined	liquid
22.100	26.495	167.22	0.0059802	-0.038189	-0.033789	-1.5751	16.839	27.531	916.89	-0.0071915	undefined	undefined	liquid
22.100	26.501	167.22	0.0059802	-0.038190	-0.033788	-1.5751	16.839	27.531	916.89	-0.0071915	undefined	undefined	liquid
22.100	26.506	167.22	0.0059801	-0.038190	-0.033788	-1.5751	16.839	27.531	916.89	-0.0071915	undefined	undefined	liquid
22.100	26.512	167.22	0.0059801	-0.038190	-0.033787	-1.5751	16.839	27.531	916.89	-0.0071915	undefined	undefined	liquid
22.100	26.517	167.22	0.0059801	-0.038191	-0.033786	-1.5751	16.840	27.531	916.89	-0.0071916	undefined	undefined	liquid
22.100	26.523	167.22	0.0059801	-0.038191	-0.033786	-1.5751	16.840	27.531	916.89	-0.0071916	undefined	undefined	liquid
22.100	26.528	167.22	0.0059801	-0.038191	-0.033785	-1.5751	16.840	27.531	916.89	-0.0071916	undefined	undefined	liquid
22.100	26.534	167.22	0.0059801	-0.038192	-0.033785	-1.5752	16.840	27.531	916.89	-0.0071916	undefined	undefined	liquid
22.100	26.539	167.22	0.0059801	-0.038192	-0.033784	-1.5752	16.840	27.531	916.89	-0.0071916	undefined	undefined	liquid
22.100	26.545	167.22	0.0059801	-0.038192	-0.033783	-1.5752	16.840	27.531	916.90	-0.0071917	undefined	undefined	liquid
22.100	26.550	167.22	0.0059801	-0.038192	-0.033783	-1.5752	16.840	27.531	916.90	-0.0071917	undefined	undefined	liquid
22.100	26.556	167.22	0.0059801	-0.038193	-0.033782	-1.5752	16.840	27.531	916.90	-0.0071917	undefined	undefined	liquid
22.100	26.561	167.22	0.0059801	-0.038193	-0.033782	-1.5752	16.840	27.531	916.90	-0.0071917	undefined	undefined	liquid
22.100	26.567	167.22	0.0059801	-0.038193	-0.033781	-1.5752	16.840	27.531	916.90	-0.0071917	undefined	undefined	liquid
22.100	26.572	167.22	0.0059801	-0.038194	-0.033780	-1.5753	16.840	27.530	916.90	-0.0071917	undefined	undefined	liquid
22.100	26.578	167.22	0.0059801	-0.038194	-0.033780	-1.5753	16.840	27.530	916.90	-0.0071918	undefined	undefined	liquid
22.100	26.583	167.22	0.0059801	-0.038194	-0.033779	-1.5753	16.840	27.530	916.90	-0.0071918	undefined	undefined	liquid
22.100	26.589	167.22	0.0059801	-0.038195	-0.033778	-1.5753	16.840	27.530	916.90	-0.0071918	undefined	undefined	liquid
22.100	26.594	167.22	0.0059801	-0.038195	-0.033778	-1.5753	16.840	27.530	916.90	-0.0071918	undefined	undefined	liquid
22.100	26.600	167.22	0.0059801	-0.038195	-0.033777	-1.5753	16.840	27.530	916.90	-0.0071918	undefined	undefined	liquid
22.100	26.605	167.22	0.0059801	-0.038196	-0.033777	-1.5753	16.840	27.530	916.90	-0.0071919	undefined	undefined	liquid
22.100	26.611	167.22	0.0059801	-0.038196	-0.033776	-1.5753	16.840	27.530	916.90	-0.0071919	undefined	undefined	liquid
22.100	26.616	167.22	0.0059801	-0.038196	-0.033775	-1.5754	16.840	27.530	916.90	-0.0071919	undefined	undefined	liquid
22.100	26.622	167.22	0.0059801	-0.038196	-0.033775	-1.5754	16.840	27.530	916.91	-0.0071919	undefined	undefined	liquid
22.100	26.627	167.22	0.0059801	-0.038197	-0.033774	-1.5754	16.840	27.530	916.91	-0.0071919	undefined	undefined	liquid
22.100	26.633	167.22	0.0059801	-0.038197	-0.033774	-1.5754	16.840	27.530	916.91	-0.0071919	undefined	undefined	liquid
22.100	26.638	167.22	0.0059801	-0.038197	-0.033773	-1.5754	16.840	27.530	916.91	-0.0071920	undefined	undefined	liquid
22.100	26.644	167.22	0.0059801	-0.038198	-0.033772	-1.5754	16.840	27.530	916.91	-0.0071920	undefined	undefined	liquid
22.100	26.649	167.22	0.0059801	-0.038198	-0.033772	-1.5754	16.840	27.530	916.91	-0.0071920	undefined	undefined	liquid
22.100	26.655	167.22	0.0059801	-0.038198	-0.033771	-1.5755	16.840	27.530	916.91	-0.0071920	undefined	undefined	liquid
22.100	26.660	167.22	0.0059801	-0.038199	-0.033771	-1.5755	16.840	27.530	916.91	-0.0071920	undefined	undefined	liquid
22.100	26.666	167.22	0.0059801	-0.038199	-0.033770	-1.5755	16.840	27.530	916.91	-0.0071920	undefined	undefined	liquid
22.100	26.671	167.22	0.0059801	-0.038199	-0.033769	-1.5755	16.840	27.530	916.91	-0.0071921	undefined	undefined	liquid
22.100	26.677	167.22	0.0059801	-0.038200	-0.033769	-1.5755	16.840	27.530	916.91	-0.0071921	undefined	undefined	liquid
22.100	26.682	167.22	0.0059801	-0.038200	-0.033768	-1.5755	16.840	27.530	916.91	-0.0071921	undefined	undefined	liquid
22.100	26.688	167.22	0.0059801	-0.038200	-0.033768	-1.5755	16.840	27.530	916.91	-0.0071921	undefined	undefined	liquid
22.100	26.693	167.22	0.0059801	-0.038200	-0.033767	-1.5756	16.840	27.530	916.91	-0.0071921	undefined	undefined	liquid
22.100	26.699	167.22	0.0059801	-0.038201	-0.033766	-1.5756	16.840	27.530	916.92	-0.0071922	undefined	undefined	liquid
22.100	26.704	167.22	0.0059801	-0.038201	-0.033766	-1.5756	16.840	27.530	916.92	-0.0071922	undefined	undefined	liquid
22.100	26.710	167.22	0.0059801	-0.038201	-0.033765	-1.5756	16.840	27.530	916.92	-0.0071922	undefined	undefined	liquid
22.100	26.715	167.22	0.0059800	-0.038202	-0.033765	-1.5756	16.840	27.530	916.92	-0.0071922	undefined	undefined	liquid
22.100	26.721	167.22	0.0059800	-0.038202	-0.033764	-1.5756	16.840	27.530	916.92	-0.0071922	undefined	undefined	liquid
22.100	26.726	167.22	0.0059800	-0.038202	-0.033763	-1.5756	16.840	27.530	916.92	-0.0071922	undefined	undefined	liquid
22.100	26.732	167.22	0.0059800	-0.038203	-0.033763	-1.5757	16.840	27.530	916.92	-0.0071923	undefined	undefined	liquid
22.100	26.737	167.22	0.0059800	-0.038203	-0.033762	-1.5757	16.840	27.530	916.92	-0.0071923	undefined	undefined	liquid
22.100	26.743	167.22	0.0059800	-0.038203	-0.033762	-1.5757	16.840	27.530	916.92	-0.0071923	undefined	undefined	liquid
22.100	26.748	167.22	0.0059800	-0.038204	-0.033761	-1.5757	16.840	27.530	916.92	-0.0071923	undefined	undefined	liquid
22.100	26.754	167.22	0.0059800	-0.038204	-0.033760	-1.5757	16.840	27.529	916.92	-0.0071923	undefined	undefined	liquid
22.100	26.759	167.22	0.0059800	-0.038204	-0.033760	-1.5757	16.840	27.529	916.92	-0.0071923	undefined	undefined	liquid
22.100	26.765	167.22	0.0059800	-0.038204	-0.033759	-1.5757	16.840	27.529	916.92	-0.0071924	undefined	undefined	liquid
22.100	26.770	167.22	0.0059800	-0.038205	-0.033759	-1.5758	16.840	27.529	916.92	-0.0071924	undefined	undefined	liquid
22.100	26.776	167.22	0.0059800	-0.038205	-0.033758	-1.5758	16.840	27.529	916.93	-0.0071924	undefined	undefined	liquid
22.100	26.781	167.22	0.0059800	-0.038205	-0.033757	-1.5758	16.840	27.529	916.93	-0.0071924	undefined	undefined	liquid
22.100	26.787	167.22	0.0059800	-0.038206	-0.033757	-1.5758	16.840	27.529	916.93	-0.0071924	undefined	undefined	liquid
22.100	26.792	167.22	0.0059800	-0.038206	-0.033756	-1.5758	16.840	27.529	916.93	-0.0071925	undefined	undefined	liquid
22.100	26.798	167.22	0.0059800	-0.038206	-0.033756	-1.5758	16.840	27.529	916.93	-0.0071925	undefined	undefined	liquid
22.100	26.803	167.22	0.0059800	-0.038207	-0.033755	-1.5758	16.840	27.529	916.93	-0.0071925	undefined	undefined	liquid
22.100	26.809	167.22	0.0059800	-0.038207	-0.033754	-1.5759	16.840	27.529	916.93	-0.0071925	undefined	undefined	liquid
22.100	26.814	167.22	0.0059800	-0.038207	-0.033754	-1.5759	16.840	27.529	916.93	-0.0071925	undefined	undefined	liquid
22.100	26.820	167.22	0.0059800	-0.038207	-0.033753	-1.5759	16.840	27.529	916.93	-0.0071925	undefined	undefined	liquid
22.100	26.825	167.22	0.0059800	-0.038208	-0.033752	-1.5759	16.840	27.529	916.93	-0.0071926	undefined	undefined	liquid
22.100	26.831	167.22	0.0059800	-0.038208	-0.033752	-1.5759	16.840	27.529	916.93	-0.0071926	undefined	undefined	liquid
22.100	26.836	167.22	0.0059800	-0.038208	-0.033751	-1.5759	16.840	27.529	916.93	-0.0071926	undefined	undefined	liquid
22.100	26.842	167.22	0.0059800	-0.038209	-0.033751	-1.5759	16.840	27.529	916.93	-0.0071926	undefined	undefined	liquid
22.100	26.847	167.22	0.0059800	-0.038209	-0.033750	-1.5759	16.840	27.529	916.93	-0.0071926	undefined	undefined	liquid
22.100	26.853	167.22	0.0059800	-0.038209	-0.033749	-1.5760	16.840	27.529	916.94	-0.0071926	undefined	undefined	liquid
22.100	26.858	167.22	0.0059800	-0.038210	-0.033749	-1.5760	16.840	27.529	916.94	-0.0071927	undefined	undefined	liquid
22.100	26.864	167.22	0.0059800	-0.038210	-0.033748	-1.5760	16.840	27.529	916.94	-0.0071927	undefined	undefined	liquid
22.100	26.869	167.22	0.0059800	-0.038210	-0.033748	-1.5760	16.840	27.529	916.94	-0.0071927	undefined	undefined	liquid
22.100	26.875	167.22	0.0059800	-0.038211	-0.033747	-1.5760	16.840	27.529	916.94	-0.0071927	undefined	undefined	liquid
22.100	26.880	167.22	0.0059800	-0.038211	-0.033746	-1.5760	16.840	27.529	916.94	-0.0071927	undefined	undefined	liquid
22.100	26.886	167.23	0.0059800	-0.038211	-0.033746	-1.5760	16.840	27.529	916.94	-0.0071928	undefined	undefined	liquid
22.100	26.891	167.23	0.0059800	-0.038211	-0.033745	-1.5761	16.840	27.529	916.94	-0.0071928	undefined	undefined	liquid
22.100	26.897	167.23	0.0059800	-0.038212	-0.033745	-1.5761	16.840	27.529	916.94	-0.0071928	undefined	undefined	liquid
22.100	26.902	167.23	0.0059800	-0.038212	-0.033744	-1.5761	16.840	27.529	916.94	-0.0071928	undefined	undefined	liquid
22.100	26.908	167.23	0.0059800	-0.038212	-0.033743	-1.5761	16.840	27.529	916.94	-0.0071928	undefined	undefined	liquid
22.100	26.913	167.23	0.0059800	-0.038213	-0.033743	-1.5761	16.840	27.529	916.94	-0.0071928	undefined	undefined	liquid
22.100	26.919	167.23	0.0059800	-0.038213	-0.033742	-1.5761	16.840	27.529	916.94	-0.0071929	undefined	undefined	liquid
22.100	26.924	167.23	0.0059799	-0.038213	-0.033742	-1.5761	16.840	27.529	916.94	-0.0071929	undefined	undefined	liquid
22.100	26.930	167.23	0.0059799	-0.038214	-0.033741	-1.5762	16.840	27.528	916.95	-0.0071929	undefined	undefined	liquid
22.100	26.935	167.23	0.0059799	-0.038214	-0.033740	-1.5762	16.840	27.528	916.95	-0.0071929	undefined	undefined	liquid
22.100	26.941	167.23	0.0059799	-0.038214	-0.033740	-1.5762	16.840	27.528	916.95	-0.0071929	undefined	undefined	liquid
22.100	26.946	167.23	0.0059799	-0.038215	-0.033739	-1.5762	16.840	27.528	916.95	-0.0071929	undefined	undefined	liquid
22.100	26.952	167.23	0.0059799	-0.038215	-0.033739	-1.5762	16.840	27.528	916.95	-0.0071930	undefined	undefined	liquid
22.100	26.957	167.23	0.0059799	-0.038215	-0.033738	-1.5762	16.840	27.528	916.95	-0.0071930	undefined	undefined	liquid
22.100	26.963	167.23	0.0059799	-0.038215	-0.033737	-1.5762	16.840	27.528	916.95	-0.0071930	undefined	undefined	liquid
22.100	26.968	167.23	0.0059799	-0.038216	-0.033737	-1.5763	16.840	27.528	916.95	-0.0071930	undefined	undefined	liquid
22.100	26.974	167.23	0.0059799	-0.038216	-0.033736	-1.5763	16.840	27.528	916.95	-0.0071930	undefined	undefined	liquid
22.100	26.979	167.23	0.0059799	-0.038216	-0.033736	-1.5763	16.840	27.528	916.95	-0.0071931	undefined	undefined	liquid
22.100	26.985	167.23	0.0059799	-0.038217	-0.033735	-1.5763	16.840	27.528	916.95	-0.0071931	undefined	undefined	liquid
22.100	26.990	167.23	0.0059799	-0.038217	-0.033734	-1.5763	16.840	27.528	916.95	-0.0071931	undefined	undefined	liquid
22.100	26.996	167.23	0.0059799	-0.038217	-0.033734	-1.5763	16.840	27.528	916.95	-0.0071931	undefined	undefined	liquid
22.100	27.001	167.23	0.0059799	-0.038218	-0.033733	-1.5763	16.840	27.528	916.96	-0.0071931	undefined	undefined	liquid
22.100	27.007	167.23	0.0059799	-0.038218	-0.033733	-1.5764	16.840	27.528	916.96	-0.0071931	undefined	undefined	liquid
22.100	27.012	167.23	0.0059799	-0.038218	-0.033732	-1.5764	16.840	27.528	916.96	-0.0071932	undefined	undefined	liquid
22.100	27.018	167.23	0.0059799	-0.038219	-0.033731	-1.5764	16.840	27.528	916.96	-0.0071932	undefined	undefined	liquid
22.100	27.023	167.23	0.0059799	-0.038219	-0.033731	-1.5764	16.840	27.528	916.96	-0.0071932	undefined	undefined	liquid
22.100	27.029	167.23	0.0059799	-0.038219	-0.033730	-1.5764	16.840	27.528	916.96	-0.0071932	undefined	undefined	liquid
22.100	27.034	167.23	0.0059799	-0.038219	-0.033729	-1.5764	16.840	27.528	916.96	-0.0071932	undefined	undefined	liquid
22.100	27.040	167.23	0.0059799	-0.038220	-0.033729	-1.5764	16.840	27.528	916.96	-0.0071932	undefined	undefined	liquid
22.100	27.045	167.23	0.0059799	-0.038220	-0.033728	-1.5765	16.840	27.528	916.96	-0.0071933	undefined	undefined	liquid
22.100	27.051	167.23	0.0059799	-0.038220	-0.033728	-1.5765	16.840	27.528	916.96	-0.0071933	undefined	undefined	liquid
22.100	27.056	167.23	0.0059799	-0.038221	-0.033727	-1.5765	16.840	27.528	916.96	-0.0071933	undefined	undefined	liquid
22.100	27.062	167.23	0.0059799	-0.038221	-0.033726	-1.5765	16.840	27.528	916.96	-0.0071933	undefined	undefined	liquid
22.100	27.067	167.23	0.0059799	-0.038221	-0.033726	-1.5765	16.840	27.528	916.96	-0.0071933	undefined	undefined	liquid
22.100	27.073	167.23	0.0059799	-0.038222	-0.033725	-1.5765	16.840	27.528	916.96	-0.0071934	undefined	undefined	liquid
22.100	27.078	167.23	0.0059799	-0.038222	-0.033725	-1.5765	16.840	27.528	916.97	-0.0071934	undefined	undefined	liquid
22.100	27.084	167.23	0.0059799	-0.038222	-0.033724	-1.5765	16.840	27.528	916.97	-0.0071934	undefined	undefined	liquid
22.100	27.089	167.23	0.0059799	-0.038223	-0.033723	-1.5766	16.840	27.528	916.97	-0.0071934	undefined	undefined	liquid
22.100	27.095	167.23	0.0059799	-0.038223	-0.033723	-1.5766	16.840	27.528	916.97	-0.0071934	undefined	undefined	liquid
22.100	27.100	167.23	0.0059799	-0.038223	-0.033722	-1.5766	16.840	27.528	916.97	-0.0071934	undefined	undefined	liquid
22.100	27.106	167.23	0.0059799	-0.038223	-0.033722	-1.5766	16.840	27.527	916.97	-0.0071935	undefined	undefined	liquid
22.100	27.111	167.23	0.0059799	-0.038224	-0.033721	-1.5766	16.840	27.527	916.97	-0.0071935	undefined	undefined	liquid
22.100	27.117	167.23	0.0059799	-0.038224	-0.033720	-1.5766	16.840	27.527	916.97	-0.0071935	undefined	undefined	liquid
22.100	27.122	167.23	0.0059799	-0.038224	-0.033720	-1.5766	16.841	27.527	916.97	-0.0071935	undefined	undefined	liquid
22.100	27.128	167.23	0.0059799	-0.038225	-0.033719	-1.5767	16.841	27.527	916.97	-0.0071935	undefined	undefined	liquid
22.100	27.133	167.23	0.0059798	-0.038225	-0.033719	-1.5767	16.841	27.527	916.97	-0.0071935	undefined	undefined	liquid
22.100	27.139	167.23	0.0059798	-0.038225	-0.033718	-1.5767	16.841	27.527	916.97	-0.0071936	undefined	undefined	liquid
22.100	27.144	167.23	0.0059798	-0.038226	-0.033717	-1.5767	16.841	27.527	916.97	-0.0071936	undefined	undefined	liquid
22.100	27.150	167.23	0.0059798	-0.038226	-0.033717	-1.5767	16.841	27.527	916.97	-0.0071936	undefined	undefined	liquid
22.100	27.155	167.23	0.0059798	-0.038226	-0.033716	-1.5767	16.841	27.527	916.98	-0.0071936	undefined	undefined	liquid
22.100	27.161	167.23	0.0059798	-0.038226	-0.033716	-1.5767	16.841	27.527	916.98	-0.0071936	undefined	undefined	liquid
22.100	27.166	167.23	0.0059798	-0.038227	-0.033715	-1.5768	16.841	27.527	916.98	-0.0071937	undefined	undefined	liquid
22.100	27.172	167.23	0.0059798	-0.038227	-0.033714	-1.5768	16.841	27.527	916.98	-0.0071937	undefined	undefined	liquid
22.100	27.177	167.23	0.0059798	-0.038227	-0.033714	-1.5768	16.841	27.527	916.98	-0.0071937	undefined	undefined	liquid
22.100	27.183	167.23	0.0059798	-0.038228	-0.033713	-1.5768	16.841	27.527	916.98	-0.0071937	undefined	undefined	liquid
22.100	27.188	167.23	0.0059798	-0.038228	-0.033713	-1.5768	16.841	27.527	916.98	-0.0071937	undefined	undefined	liquid
22.100	27.194	167.23	0.0059798	-0.038228	-0.033712	-1.5768	16.841	27.527	916.98	-0.0071937	undefined	undefined	liquid
22.100	27.199	167.23	0.0059798	-0.038229	-0.033711	-1.5768	16.841	27.527	916.98	-0.0071938	undefined	undefined	liquid
22.100	27.205	167.23	0.0059798	-0.038229	-0.033711	-1.5769	16.841	27.527	916.98	-0.0071938	undefined	undefined	liquid
22.100	27.210	167.23	0.0059798	-0.038229	-0.033710	-1.5769	16.841	27.527	916.98	-0.0071938	undefined	undefined	liquid
22.100	27.216	167.23	0.0059798	-0.038230	-0.033710	-1.5769	16.841	27.527	916.98	-0.0071938	undefined	undefined	liquid
22.100	27.221	167.23	0.0059798	-0.038230	-0.033709	-1.5769	16.841	27.527	916.98	-0.0071938	undefined	undefined	liquid
22.100	27.227	167.23	0.0059798	-0.038230	-0.033708	-1.5769	16.841	27.527	916.98	-0.0071938	undefined	undefined	liquid
22.100	27.232	167.23	0.0059798	-0.038230	-0.033708	-1.5769	16.841	27.527	916.99	-0.0071939	undefined	undefined	liquid
22.100	27.238	167.23	0.0059798	-0.038231	-0.033707	-1.5769	16.841	27.527	916.99	-0.0071939	undefined	undefined	liquid
22.100	27.243	167.23	0.0059798	-0.038231	-0.033706	-1.5770	16.841	27.527	916.99	-0.0071939	undefined	undefined	liquid
22.100	27.249	167.23	0.0059798	-0.038231	-0.033706	-1.5770	16.841	27.527	916.99	-0.0071939	undefined	undefined	liquid
22.100	27.254	167.23	0.0059798	-0.038232	-0.033705	-1.5770	16.841	27.527	916.99	-0.0071939	undefined	undefined	liquid
22.100	27.260	167.23	0.0059798	-0.038232	-0.033705	-1.5770	16.841	27.527	916.99	-0.0071940	undefined	undefined	liquid
22.100	27.265	167.23	0.0059798	-0.038232	-0.033704	-1.5770	16.841	27.527	916.99	-0.0071940	undefined	undefined	liquid
22.100	27.271	167.23	0.0059798	-0.038233	-0.033703	-1.5770	16.841	27.527	916.99	-0.0071940	undefined	undefined	liquid
22.100	27.276	167.23	0.0059798	-0.038233	-0.033703	-1.5770	16.841	27.527	916.99	-0.0071940	undefined	undefined	liquid
22.100	27.282	167.23	0.0059798	-0.038233	-0.033702	-1.5771	16.841	27.527	916.99	-0.0071940	undefined	undefined	liquid
22.100	27.287	167.23	0.0059798	-0.038234	-0.033702	-1.5771	16.841	27.526	916.99	-0.0071940	undefined	undefined	liquid
22.100	27.293	167.23	0.0059798	-0.038234	-0.033701	-1.5771	16.841	27.526	916.99	-0.0071941	undefined	undefined	liquid
22.100	27.298	167.23	0.0059798	-0.038234	-0.033700	-1.5771	16.841	27.526	916.99	-0.0071941	undefined	undefined	liquid
22.100	27.304	167.23	0.0059798	-0.038234	-0.033700	-1.5771	16.841	27.526	916.99	-0.0071941	undefined	undefined	liquid
22.100	27.309	167.23	0.0059798	-0.038235	-0.033699	-1.5771	16.841	27.526	917.00	-0.0071941	undefined	undefined	liquid
22.100	27.315	167.23	0.0059798	-0.038235	-0.033699	-1.5771	16.841	27.526	917.00	-0.0071941	undefined	undefined	liquid
22.100	27.320	167.23	0.0059798	-0.038235	-0.033698	-1.5771	16.841	27.526	917.00	-0.0071942	undefined	undefined	liquid
22.100	27.326	167.23	0.0059798	-0.038236	-0.033697	-1.5772	16.841	27.526	917.00	-0.0071942	undefined	undefined	liquid
22.100	27.331	167.23	0.0059798	-0.038236	-0.033697	-1.5772	16.841	27.526	917.00	-0.0071942	undefined	undefined	liquid
22.100	27.337	167.23	0.0059798	-0.038236	-0.033696	-1.5772	16.841	27.526	917.00	-0.0071942	undefined	undefined	liquid
22.100	27.342	167.23	0.0059797	-0.038237	-0.033696	-1.5772	16.841	27.526	917.00	-0.0071942	undefined	undefined	liquid
22.100	27.348	167.23	0.0059797	-0.038237	-0.033695	-1.5772	16.841	27.526	917.00	-0.0071942	undefined	undefined	liquid
22.100	27.353	167.23	0.0059797	-0.038237	-0.033694	-1.5772	16.841	27.526	917.00	-0.0071943	undefined	undefined	liquid
22.100	27.359	167.23	0.0059797	-0.038238	-0.033694	-1.5772	16.841	27.526	917.00	-0.0071943	undefined	undefined	liquid
22.100	27.364	167.23	0.0059797	-0.038238	-0.033693	-1.5773	16.841	27.526	917.00	-0.0071943	undefined	undefined	liquid
22.100	27.370	167.23	0.0059797	-0.038238	-0.033693	-1.5773	16.841	27.526	917.00	-0.0071943	undefined	undefined	liquid
22.100	27.375	167.23	0.0059797	-0.038238	-0.033692	-1.5773	16.841	27.526	917.00	-0.0071943	undefined	undefined	liquid
22.100	27.381	167.23	0.0059797	-0.038239	-0.033691	-1.5773	16.841	27.526	917.01	-0.0071943	undefined	undefined	liquid
22.100	27.386	167.23	0.0059797	-0.038239	-0.033691	-1.5773	16.841	27.526	917.01	-0.0071944	undefined	undefined	liquid
22.100	27.392	167.23	0.0059797	-0.038239	-0.033690	-1.5773	16.841	27.526	917.01	-0.0071944	undefined	undefined	liquid
22.100	27.397	167.23	0.0059797	-0.038240	-0.033690	-1.5773	16.841	27.526	917.01	-0.0071944	undefined	undefined	liquid
22.100	27.403	167.23	0.0059797	-0.038240	-0.033689	-1.5774	16.841	27.526	917.01	-0.0071944	undefined	undefined	liquid
22.100	27.408	167.23	0.0059797	-0.038240	-0.033688	-1.5774	16.841	27.526	917.01	-0.0071944	undefined	undefined	liquid
22.100	27.414	167.23	0.0059797	-0.038241	-0.033688	-1.5774	16.841	27.526	917.01	-0.0071945	undefined	undefined	liquid
22.100	27.419	167.23	0.0059797	-0.038241	-0.033687	-1.5774	16.841	27.526	917.01	-0.0071945	undefined	undefined	liquid
22.100	27.425	167.23	0.0059797	-0.038241	-0.033687	-1.5774	16.841	27.526	917.01	-0.0071945	undefined	undefined	liquid
22.100	27.430	167.23	0.0059797	-0.038241	-0.033686	-1.5774	16.841	27.526	917.01	-0.0071945	undefined	undefined	liquid
22.100	27.436	167.23	0.0059797	-0.038242	-0.033685	-1.5774	16.841	27.526	917.01	-0.0071945	undefined	undefined	liquid
22.100	27.441	167.23	0.0059797	-0.038242	-0.033685	-1.5775	16.841	27.526	917.01	-0.0071945	undefined	undefined	liquid
22.100	27.447	167.23	0.0059797	-0.038242	-0.033684	-1.5775	16.841	27.526	917.01	-0.0071946	undefined	undefined	liquid
22.100	27.452	167.23	0.0059797	-0.038243	-0.033684	-1.5775	16.841	27.526	917.01	-0.0071946	undefined	undefined	liquid
22.100	27.458	167.23	0.0059797	-0.038243	-0.033683	-1.5775	16.841	27.526	917.02	-0.0071946	undefined	undefined	liquid
22.100	27.463	167.23	0.0059797	-0.038243	-0.033682	-1.5775	16.841	27.525	917.02	-0.0071946	undefined	undefined	liquid
22.100	27.469	167.23	0.0059797	-0.038244	-0.033682	-1.5775	16.841	27.525	917.02	-0.0071946	undefined	undefined	liquid
22.100	27.474	167.23	0.0059797	-0.038244	-0.033681	-1.5775	16.841	27.525	917.02	-0.0071946	undefined	undefined	liquid
22.100	27.480	167.23	0.0059797	-0.038244	-0.033680	-1.5776	16.841	27.525	917.02	-0.0071947	undefined	undefined	liquid
22.100	27.485	167.23	0.0059797	-0.038245	-0.033680	-1.5776	16.841	27.525	917.02	-0.0071947	undefined	undefined	liquid
22.100	27.491	167.23	0.0059797	-0.038245	-0.033679	-1.5776	16.841	27.525	917.02	-0.0071947	undefined	undefined	liquid
22.100	27.496	167.23	0.0059797	-0.038245	-0.033679	-1.5776	16.841	27.525	917.02	-0.0071947	undefined	undefined	liquid
22.100	27.502	167.23	0.0059797	-0.038245	-0.033678	-1.5776	16.841	27.525	917.02	-0.0071947	undefined	undefined	liquid
22.100	27.507	167.23	0.0059797	-0.038246	-0.033677	-1.5776	16.841	27.525	917.02	-0.0071948	undefined	undefined	liquid
22.100	27.513	167.23	0.0059797	-0.038246	-0.033677	-1.5776	16.841	27.525	917.02	-0.0071948	undefined	undefined	liquid
22.100	27.518	167.23	0.0059797	-0.038246	-0.033676	-1.5777	16.841	27.525	917.02	-0.0071948	undefined	undefined	liquid
22.100	27.524	167.23	0.0059797	-0.038247	-0.033676	-1.5777	16.841	27.525	917.02	-0.0071948	undefined	undefined	liquid
22.100	27.529	167.23	0.0059797	-0.038247	-0.033675	-1.5777	16.841	27.525	917.02	-0.0071948	undefined	undefined	liquid
22.100	27.535	167.23	0.0059797	-0.038247	-0.033674	-1.5777	16.841	27.525	917.03	-0.0071948	undefined	undefined	liquid
22.100	27.540	167.23	0.0059797	-0.038248	-0.033674	-1.5777	16.841	27.525	917.03	-0.0071949	undefined	undefined	liquid
22.100	27.546	167.23	0.0059797	-0.038248	-0.033673	-1.5777	16.841	27.525	917.03	-0.0071949	undefined	undefined	liquid
22.100	27.551	167.23	0.0059796	-0.038248	-0.033673	-1.5777	16.841	27.525	917.03	-0.0071949	undefined	undefined	liquid
22.100	27.557	167.23	0.0059796	-0.038249	-0.033672	-1.5777	16.841	27.525	917.03	-0.0071949	undefined	undefined	liquid
22.100	27.562	167.23	0.0059796	-0.038249	-0.033671	-1.5778	16.841	27.525	917.03	-0.0071949	undefined	undefined	liquid
22.100	27.568	167.23	0.0059796	-0.038249	-0.033671	-1.5778	16.841	27.525	917.03	-0.0071949	undefined	undefined	liquid
22.100	27.573	167.23	0.0059796	-0.038249	-0.033670	-1.5778	16.841	27.525	917.03	-0.0071950	undefined	undefined	liquid
22.100	27.579	167.23	0.0059796	-0.038250	-0.033670	-1.5778	16.841	27.525	917.03	-0.0071950	undefined	undefined	liquid
22.100	27.584	167.23	0.0059796	-0.038250	-0.033669	-1.5778	16.841	27.525	917.03	-0.0071950	undefined	undefined	liquid
22.100	27.590	167.23	0.0059796	-0.038250	-0.033668	-1.5778	16.841	27.525	917.03	-0.0071950	undefined	undefined	liquid
22.100	27.595	167.23	0.0059796	-0.038251	-0.033668	-1.5778	16.841	27.525	917.03	-0.0071950	undefined	undefined	liquid
22.100	27.601	167.23	0.0059796	-0.038251	-0.033667	-1.5779	16.841	27.525	917.03	-0.0071951	undefined	undefined	liquid
22.100	27.606	167.23	0.0059796	-0.038251	-0.033667	-1.5779	16.841	27.525	917.03	-0.0071951	undefined	undefined	liquid
22.100	27.612	167.23	0.0059796	-0.038252	-0.033666	-1.5779	16.841	27.525	917.04	-0.0071951	undefined	undefined	liquid
22.100	27.617	167.23	0.0059796	-0.038252	-0.033665	-1.5779	16.841	27.525	917.04	-0.0071951	undefined	undefined	liquid
22.100	27.623	167.23	0.0059796	-0.038252	-0.033665	-1.5779	16.841	27.525	917.04	-0.0071951	undefined	undefined	liquid
22.100	27.628	167.23	0.0059796	-0.038253	-0.033664	-1.5779	16.841	27.525	917.04	-0.0071951	undefined	undefined	liquid
22.100	27.634	167.24	0.0059796	-0.038253	-0.033664	-1.5779	16.841	27.525	917.04	-0.0071952	undefined	undefined	liquid
22.100	27.639	167.24	0.0059796	-0.038253	-0.033663	-1.5780	16.841	27.525	917.04	-0.0071952	undefined	undefined	liquid
22.100	27.645	167.24	0.0059796	-0.038253	-0.033662	-1.5780	16.841	27.524	917.04	-0.0071952	undefined	undefined	liquid
22.100	27.650	167.24	0.0059796	-0.038254	-0.033662	-1.5780	16.841	27.524	917.04	-0.0071952	undefined	undefined	liquid
22.100	27.656	167.24	0.0059796	-0.038254	-0.033661	-1.5780	16.841	27.524	917.04	-0.0071952	undefined	undefined	liquid
22.100	27.661	167.24	0.0059796	-0.038254	-0.033661	-1.5780	16.841	27.524	917.04	-0.0071952	undefined	undefined	liquid
22.100	27.667	167.24	0.0059796	-0.038255	-0.033660	-1.5780	16.841	27.524	917.04	-0.0071953	undefined	undefined	liquid
22.100	27.672	167.24	0.0059796	-0.038255	-0.033659	-1.5780	16.841	27.524	917.04	-0.0071953	undefined	undefined	liquid
22.100	27.678	167.24	0.0059796	-0.038255	-0.033659	-1.5781	16.841	27.524	917.04	-0.0071953	undefined	undefined	liquid
22.100	27.683	167.24	0.0059796	-0.038256	-0.033658	-1.5781	16.841	27.524	917.04	-0.0071953	undefined	undefined	liquid
22.100	27.689	167.24	0.0059796	-0.038256	-0.033657	-1.5781	16.841	27.524	917.05	-0.0071953	undefined	undefined	liquid
22.100	27.694	167.24	0.0059796	-0.038256	-0.033657	-1.5781	16.841	27.524	917.05	-0.0071954	undefined	undefined	liquid
22.100	27.700	167.24	0.0059796	-0.038257	-0.033656	-1.5781	16.841	27.524	917.05	-0.0071954	undefined	undefined	liquid
