Temperature (K)	Pressure (psia)	Density (kg/m3)	Volume (m3/kg)	Internal Energy (kJ/mol)	Enthalpy (kJ/mol)	Entropy (J/mol*K)	Cv (J/mol*K)	Cp (J/mol*K)	Sound Spd. (m/s)	Joule-Thomson (F/psia)	Viscosity (uPa*s)	Therm. Cond. (W/m*K)	Phase
22.330	24.400	166.60	0.0060025	-0.031688	-0.027620	-1.2817	17.125	28.100	907.21	-0.0069598	undefined	undefined	liquid
22.330	24.405	166.60	0.0060024	-0.031688	-0.027620	-1.2817	17.125	28.100	907.21	-0.0069599	undefined	undefined	liquid
22.330	24.411	166.60	0.0060024	-0.031688	-0.027619	-1.2817	17.125	28.100	907.21	-0.0069599	undefined	undefined	liquid
22.330	24.416	166.60	0.0060024	-0.031689	-0.027618	-1.2817	17.125	28.100	907.21	-0.0069599	undefined	undefined	liquid
22.330	24.422	166.60	0.0060024	-0.031689	-0.027618	-1.2817	17.125	28.100	907.21	-0.0069599	undefined	undefined	liquid
22.330	24.427	166.60	0.0060024	-0.031689	-0.027617	-1.2818	17.125	28.100	907.21	-0.0069599	undefined	undefined	liquid
22.330	24.433	166.60	0.0060024	-0.031690	-0.027617	-1.2818	17.125	28.100	907.21	-0.0069599	undefined	undefined	liquid
22.330	24.438	166.60	0.0060024	-0.031690	-0.027616	-1.2818	17.125	28.100	907.21	-0.0069600	undefined	undefined	liquid
22.330	24.444	166.60	0.0060024	-0.031690	-0.027615	-1.2818	17.125	28.099	907.22	-0.0069600	undefined	undefined	liquid
22.330	24.449	166.60	0.0060024	-0.031691	-0.027615	-1.2818	17.125	28.099	907.22	-0.0069600	undefined	undefined	liquid
22.330	24.455	166.60	0.0060024	-0.031691	-0.027614	-1.2818	17.125	28.099	907.22	-0.0069600	undefined	undefined	liquid
22.330	24.460	166.60	0.0060024	-0.031691	-0.027614	-1.2818	17.125	28.099	907.22	-0.0069600	undefined	undefined	liquid
22.330	24.466	166.60	0.0060024	-0.031692	-0.027613	-1.2819	17.125	28.099	907.22	-0.0069600	undefined	undefined	liquid
22.330	24.471	166.60	0.0060024	-0.031692	-0.027612	-1.2819	17.125	28.099	907.22	-0.0069601	undefined	undefined	liquid
22.330	24.477	166.60	0.0060024	-0.031692	-0.027612	-1.2819	17.125	28.099	907.22	-0.0069601	undefined	undefined	liquid
22.330	24.482	166.60	0.0060024	-0.031693	-0.027611	-1.2819	17.125	28.099	907.22	-0.0069601	undefined	undefined	liquid
22.330	24.488	166.60	0.0060024	-0.031693	-0.027611	-1.2819	17.125	28.099	907.22	-0.0069601	undefined	undefined	liquid
22.330	24.493	166.60	0.0060024	-0.031693	-0.027610	-1.2819	17.125	28.099	907.22	-0.0069601	undefined	undefined	liquid
22.330	24.499	166.60	0.0060024	-0.031694	-0.027609	-1.2819	17.125	28.099	907.22	-0.0069601	undefined	undefined	liquid
22.330	24.504	166.60	0.0060024	-0.031694	-0.027609	-1.2820	17.125	28.099	907.22	-0.0069602	undefined	undefined	liquid
22.330	24.510	166.60	0.0060024	-0.031694	-0.027608	-1.2820	17.125	28.099	907.22	-0.0069602	undefined	undefined	liquid
22.330	24.515	166.60	0.0060024	-0.031694	-0.027608	-1.2820	17.125	28.099	907.22	-0.0069602	undefined	undefined	liquid
22.330	24.521	166.60	0.0060024	-0.031695	-0.027607	-1.2820	17.125	28.099	907.22	-0.0069602	undefined	undefined	liquid
22.330	24.526	166.60	0.0060024	-0.031695	-0.027606	-1.2820	17.125	28.099	907.23	-0.0069602	undefined	undefined	liquid
22.330	24.532	166.60	0.0060024	-0.031695	-0.027606	-1.2820	17.125	28.099	907.23	-0.0069602	undefined	undefined	liquid
22.330	24.537	166.60	0.0060024	-0.031696	-0.027605	-1.2820	17.125	28.099	907.23	-0.0069603	undefined	undefined	liquid
22.330	24.543	166.60	0.0060024	-0.031696	-0.027605	-1.2821	17.125	28.099	907.23	-0.0069603	undefined	undefined	liquid
22.330	24.548	166.60	0.0060024	-0.031696	-0.027604	-1.2821	17.125	28.099	907.23	-0.0069603	undefined	undefined	liquid
22.330	24.554	166.60	0.0060024	-0.031697	-0.027603	-1.2821	17.125	28.099	907.23	-0.0069603	undefined	undefined	liquid
22.330	24.559	166.60	0.0060024	-0.031697	-0.027603	-1.2821	17.125	28.099	907.23	-0.0069603	undefined	undefined	liquid
22.330	24.565	166.60	0.0060024	-0.031697	-0.027602	-1.2821	17.125	28.099	907.23	-0.0069603	undefined	undefined	liquid
22.330	24.570	166.60	0.0060024	-0.031698	-0.027602	-1.2821	17.125	28.099	907.23	-0.0069604	undefined	undefined	liquid
22.330	24.576	166.60	0.0060024	-0.031698	-0.027601	-1.2821	17.125	28.099	907.23	-0.0069604	undefined	undefined	liquid
22.330	24.581	166.60	0.0060024	-0.031698	-0.027600	-1.2822	17.125	28.099	907.23	-0.0069604	undefined	undefined	liquid
22.330	24.587	166.60	0.0060024	-0.031699	-0.027600	-1.2822	17.125	28.099	907.23	-0.0069604	undefined	undefined	liquid
22.330	24.592	166.60	0.0060024	-0.031699	-0.027599	-1.2822	17.125	28.099	907.23	-0.0069604	undefined	undefined	liquid
22.330	24.598	166.60	0.0060024	-0.031699	-0.027599	-1.2822	17.125	28.099	907.23	-0.0069604	undefined	undefined	liquid
22.330	24.603	166.60	0.0060024	-0.031700	-0.027598	-1.2822	17.125	28.099	907.23	-0.0069605	undefined	undefined	liquid
22.330	24.609	166.60	0.0060023	-0.031700	-0.027597	-1.2822	17.125	28.099	907.24	-0.0069605	undefined	undefined	liquid
22.330	24.614	166.60	0.0060023	-0.031700	-0.027597	-1.2822	17.125	28.099	907.24	-0.0069605	undefined	undefined	liquid
22.330	24.620	166.60	0.0060023	-0.031701	-0.027596	-1.2823	17.125	28.099	907.24	-0.0069605	undefined	undefined	liquid
22.330	24.625	166.60	0.0060023	-0.031701	-0.027596	-1.2823	17.125	28.098	907.24	-0.0069605	undefined	undefined	liquid
22.330	24.631	166.60	0.0060023	-0.031701	-0.027595	-1.2823	17.125	28.098	907.24	-0.0069606	undefined	undefined	liquid
22.330	24.636	166.60	0.0060023	-0.031701	-0.027594	-1.2823	17.125	28.098	907.24	-0.0069606	undefined	undefined	liquid
22.330	24.642	166.60	0.0060023	-0.031702	-0.027594	-1.2823	17.125	28.098	907.24	-0.0069606	undefined	undefined	liquid
22.330	24.647	166.60	0.0060023	-0.031702	-0.027593	-1.2823	17.125	28.098	907.24	-0.0069606	undefined	undefined	liquid
22.330	24.653	166.60	0.0060023	-0.031702	-0.027593	-1.2823	17.126	28.098	907.24	-0.0069606	undefined	undefined	liquid
22.330	24.658	166.60	0.0060023	-0.031703	-0.027592	-1.2824	17.126	28.098	907.24	-0.0069606	undefined	undefined	liquid
22.330	24.664	166.60	0.0060023	-0.031703	-0.027591	-1.2824	17.126	28.098	907.24	-0.0069607	undefined	undefined	liquid
22.330	24.669	166.60	0.0060023	-0.031703	-0.027591	-1.2824	17.126	28.098	907.24	-0.0069607	undefined	undefined	liquid
22.330	24.675	166.60	0.0060023	-0.031704	-0.027590	-1.2824	17.126	28.098	907.24	-0.0069607	undefined	undefined	liquid
22.330	24.680	166.60	0.0060023	-0.031704	-0.027590	-1.2824	17.126	28.098	907.24	-0.0069607	undefined	undefined	liquid
22.330	24.686	166.60	0.0060023	-0.031704	-0.027589	-1.2824	17.126	28.098	907.24	-0.0069607	undefined	undefined	liquid
22.330	24.691	166.60	0.0060023	-0.031705	-0.027588	-1.2824	17.126	28.098	907.25	-0.0069607	undefined	undefined	liquid
22.330	24.697	166.60	0.0060023	-0.031705	-0.027588	-1.2825	17.126	28.098	907.25	-0.0069608	undefined	undefined	liquid
22.330	24.702	166.60	0.0060023	-0.031705	-0.027587	-1.2825	17.126	28.098	907.25	-0.0069608	undefined	undefined	liquid
22.330	24.708	166.60	0.0060023	-0.031706	-0.027587	-1.2825	17.126	28.098	907.25	-0.0069608	undefined	undefined	liquid
22.330	24.713	166.60	0.0060023	-0.031706	-0.027586	-1.2825	17.126	28.098	907.25	-0.0069608	undefined	undefined	liquid
22.330	24.719	166.60	0.0060023	-0.031706	-0.027585	-1.2825	17.126	28.098	907.25	-0.0069608	undefined	undefined	liquid
22.330	24.724	166.60	0.0060023	-0.031707	-0.027585	-1.2825	17.126	28.098	907.25	-0.0069608	undefined	undefined	liquid
22.330	24.730	166.60	0.0060023	-0.031707	-0.027584	-1.2825	17.126	28.098	907.25	-0.0069609	undefined	undefined	liquid
22.330	24.735	166.60	0.0060023	-0.031707	-0.027584	-1.2826	17.126	28.098	907.25	-0.0069609	undefined	undefined	liquid
22.330	24.741	166.60	0.0060023	-0.031707	-0.027583	-1.2826	17.126	28.098	907.25	-0.0069609	undefined	undefined	liquid
22.330	24.746	166.60	0.0060023	-0.031708	-0.027582	-1.2826	17.126	28.098	907.25	-0.0069609	undefined	undefined	liquid
22.330	24.752	166.60	0.0060023	-0.031708	-0.027582	-1.2826	17.126	28.098	907.25	-0.0069609	undefined	undefined	liquid
22.330	24.757	166.60	0.0060023	-0.031708	-0.027581	-1.2826	17.126	28.098	907.25	-0.0069609	undefined	undefined	liquid
22.330	24.763	166.60	0.0060023	-0.031709	-0.027581	-1.2826	17.126	28.098	907.25	-0.0069610	undefined	undefined	liquid
22.330	24.768	166.60	0.0060023	-0.031709	-0.027580	-1.2826	17.126	28.098	907.25	-0.0069610	undefined	undefined	liquid
22.330	24.774	166.60	0.0060023	-0.031709	-0.027579	-1.2827	17.126	28.098	907.26	-0.0069610	undefined	undefined	liquid
22.330	24.779	166.60	0.0060023	-0.031710	-0.027579	-1.2827	17.126	28.098	907.26	-0.0069610	undefined	undefined	liquid
22.330	24.785	166.60	0.0060023	-0.031710	-0.027578	-1.2827	17.126	28.098	907.26	-0.0069610	undefined	undefined	liquid
22.330	24.790	166.60	0.0060023	-0.031710	-0.027578	-1.2827	17.126	28.098	907.26	-0.0069610	undefined	undefined	liquid
22.330	24.796	166.60	0.0060023	-0.031711	-0.027577	-1.2827	17.126	28.098	907.26	-0.0069611	undefined	undefined	liquid
22.330	24.801	166.60	0.0060023	-0.031711	-0.027576	-1.2827	17.126	28.097	907.26	-0.0069611	undefined	undefined	liquid
22.330	24.807	166.60	0.0060023	-0.031711	-0.027576	-1.2827	17.126	28.097	907.26	-0.0069611	undefined	undefined	liquid
22.330	24.812	166.60	0.0060022	-0.031712	-0.027575	-1.2828	17.126	28.097	907.26	-0.0069611	undefined	undefined	liquid
22.330	24.818	166.60	0.0060022	-0.031712	-0.027575	-1.2828	17.126	28.097	907.26	-0.0069611	undefined	undefined	liquid
22.330	24.823	166.60	0.0060022	-0.031712	-0.027574	-1.2828	17.126	28.097	907.26	-0.0069611	undefined	undefined	liquid
22.330	24.829	166.60	0.0060022	-0.031713	-0.027573	-1.2828	17.126	28.097	907.26	-0.0069612	undefined	undefined	liquid
22.330	24.834	166.60	0.0060022	-0.031713	-0.027573	-1.2828	17.126	28.097	907.26	-0.0069612	undefined	undefined	liquid
22.330	24.840	166.60	0.0060022	-0.031713	-0.027572	-1.2828	17.126	28.097	907.26	-0.0069612	undefined	undefined	liquid
22.330	24.845	166.60	0.0060022	-0.031714	-0.027572	-1.2828	17.126	28.097	907.26	-0.0069612	undefined	undefined	liquid
22.330	24.851	166.60	0.0060022	-0.031714	-0.027571	-1.2829	17.126	28.097	907.26	-0.0069612	undefined	undefined	liquid
22.330	24.856	166.60	0.0060022	-0.031714	-0.027571	-1.2829	17.126	28.097	907.27	-0.0069612	undefined	undefined	liquid
22.330	24.862	166.60	0.0060022	-0.031714	-0.027570	-1.2829	17.126	28.097	907.27	-0.0069613	undefined	undefined	liquid
22.330	24.867	166.61	0.0060022	-0.031715	-0.027569	-1.2829	17.126	28.097	907.27	-0.0069613	undefined	undefined	liquid
22.330	24.873	166.61	0.0060022	-0.031715	-0.027569	-1.2829	17.126	28.097	907.27	-0.0069613	undefined	undefined	liquid
22.330	24.878	166.61	0.0060022	-0.031715	-0.027568	-1.2829	17.126	28.097	907.27	-0.0069613	undefined	undefined	liquid
22.330	24.884	166.61	0.0060022	-0.031716	-0.027568	-1.2829	17.126	28.097	907.27	-0.0069613	undefined	undefined	liquid
22.330	24.889	166.61	0.0060022	-0.031716	-0.027567	-1.2830	17.126	28.097	907.27	-0.0069613	undefined	undefined	liquid
22.330	24.895	166.61	0.0060022	-0.031716	-0.027566	-1.2830	17.126	28.097	907.27	-0.0069614	undefined	undefined	liquid
22.330	24.900	166.61	0.0060022	-0.031717	-0.027566	-1.2830	17.126	28.097	907.27	-0.0069614	undefined	undefined	liquid
22.330	24.906	166.61	0.0060022	-0.031717	-0.027565	-1.2830	17.126	28.097	907.27	-0.0069614	undefined	undefined	liquid
22.330	24.911	166.61	0.0060022	-0.031717	-0.027565	-1.2830	17.126	28.097	907.27	-0.0069614	undefined	undefined	liquid
22.330	24.917	166.61	0.0060022	-0.031718	-0.027564	-1.2830	17.126	28.097	907.27	-0.0069614	undefined	undefined	liquid
22.330	24.922	166.61	0.0060022	-0.031718	-0.027563	-1.2830	17.126	28.097	907.27	-0.0069614	undefined	undefined	liquid
22.330	24.928	166.61	0.0060022	-0.031718	-0.027563	-1.2831	17.126	28.097	907.27	-0.0069615	undefined	undefined	liquid
22.330	24.933	166.61	0.0060022	-0.031719	-0.027562	-1.2831	17.126	28.097	907.27	-0.0069615	undefined	undefined	liquid
22.330	24.939	166.61	0.0060022	-0.031719	-0.027562	-1.2831	17.126	28.097	907.28	-0.0069615	undefined	undefined	liquid
22.330	24.944	166.61	0.0060022	-0.031719	-0.027561	-1.2831	17.126	28.097	907.28	-0.0069615	undefined	undefined	liquid
22.330	24.950	166.61	0.0060022	-0.031720	-0.027560	-1.2831	17.126	28.097	907.28	-0.0069615	undefined	undefined	liquid
22.330	24.955	166.61	0.0060022	-0.031720	-0.027560	-1.2831	17.126	28.097	907.28	-0.0069616	undefined	undefined	liquid
22.330	24.961	166.61	0.0060022	-0.031720	-0.027559	-1.2831	17.126	28.097	907.28	-0.0069616	undefined	undefined	liquid
22.330	24.966	166.61	0.0060022	-0.031720	-0.027559	-1.2832	17.126	28.097	907.28	-0.0069616	undefined	undefined	liquid
22.330	24.972	166.61	0.0060022	-0.031721	-0.027558	-1.2832	17.126	28.097	907.28	-0.0069616	undefined	undefined	liquid
22.330	24.977	166.61	0.0060022	-0.031721	-0.027557	-1.2832	17.126	28.097	907.28	-0.0069616	undefined	undefined	liquid
22.330	24.983	166.61	0.0060022	-0.031721	-0.027557	-1.2832	17.126	28.096	907.28	-0.0069616	undefined	undefined	liquid
22.330	24.988	166.61	0.0060022	-0.031722	-0.027556	-1.2832	17.126	28.096	907.28	-0.0069617	undefined	undefined	liquid
22.330	24.994	166.61	0.0060022	-0.031722	-0.027556	-1.2832	17.126	28.096	907.28	-0.0069617	undefined	undefined	liquid
22.330	24.999	166.61	0.0060022	-0.031722	-0.027555	-1.2832	17.126	28.096	907.28	-0.0069617	undefined	undefined	liquid
22.330	25.005	166.61	0.0060022	-0.031723	-0.027554	-1.2833	17.126	28.096	907.28	-0.0069617	undefined	undefined	liquid
22.330	25.010	166.61	0.0060021	-0.031723	-0.027554	-1.2833	17.126	28.096	907.28	-0.0069617	undefined	undefined	liquid
22.330	25.016	166.61	0.0060021	-0.031723	-0.027553	-1.2833	17.126	28.096	907.28	-0.0069617	undefined	undefined	liquid
22.330	25.021	166.61	0.0060021	-0.031724	-0.027553	-1.2833	17.126	28.096	907.29	-0.0069618	undefined	undefined	liquid
22.330	25.027	166.61	0.0060021	-0.031724	-0.027552	-1.2833	17.126	28.096	907.29	-0.0069618	undefined	undefined	liquid
22.330	25.032	166.61	0.0060021	-0.031724	-0.027551	-1.2833	17.126	28.096	907.29	-0.0069618	undefined	undefined	liquid
22.330	25.038	166.61	0.0060021	-0.031725	-0.027551	-1.2833	17.126	28.096	907.29	-0.0069618	undefined	undefined	liquid
22.330	25.043	166.61	0.0060021	-0.031725	-0.027550	-1.2834	17.126	28.096	907.29	-0.0069618	undefined	undefined	liquid
22.330	25.049	166.61	0.0060021	-0.031725	-0.027550	-1.2834	17.126	28.096	907.29	-0.0069618	undefined	undefined	liquid
22.330	25.054	166.61	0.0060021	-0.031726	-0.027549	-1.2834	17.126	28.096	907.29	-0.0069619	undefined	undefined	liquid
22.330	25.060	166.61	0.0060021	-0.031726	-0.027548	-1.2834	17.126	28.096	907.29	-0.0069619	undefined	undefined	liquid
22.330	25.065	166.61	0.0060021	-0.031726	-0.027548	-1.2834	17.126	28.096	907.29	-0.0069619	undefined	undefined	liquid
22.330	25.071	166.61	0.0060021	-0.031727	-0.027547	-1.2834	17.126	28.096	907.29	-0.0069619	undefined	undefined	liquid
22.330	25.076	166.61	0.0060021	-0.031727	-0.027547	-1.2834	17.126	28.096	907.29	-0.0069619	undefined	undefined	liquid
22.330	25.082	166.61	0.0060021	-0.031727	-0.027546	-1.2835	17.126	28.096	907.29	-0.0069619	undefined	undefined	liquid
22.330	25.087	166.61	0.0060021	-0.031727	-0.027545	-1.2835	17.126	28.096	907.29	-0.0069620	undefined	undefined	liquid
22.330	25.093	166.61	0.0060021	-0.031728	-0.027545	-1.2835	17.126	28.096	907.29	-0.0069620	undefined	undefined	liquid
22.330	25.098	166.61	0.0060021	-0.031728	-0.027544	-1.2835	17.126	28.096	907.29	-0.0069620	undefined	undefined	liquid
22.330	25.104	166.61	0.0060021	-0.031728	-0.027544	-1.2835	17.126	28.096	907.30	-0.0069620	undefined	undefined	liquid
22.330	25.109	166.61	0.0060021	-0.031729	-0.027543	-1.2835	17.126	28.096	907.30	-0.0069620	undefined	undefined	liquid
22.330	25.115	166.61	0.0060021	-0.031729	-0.027542	-1.2835	17.126	28.096	907.30	-0.0069620	undefined	undefined	liquid
22.330	25.120	166.61	0.0060021	-0.031729	-0.027542	-1.2836	17.126	28.096	907.30	-0.0069621	undefined	undefined	liquid
22.330	25.126	166.61	0.0060021	-0.031730	-0.027541	-1.2836	17.126	28.096	907.30	-0.0069621	undefined	undefined	liquid
22.330	25.131	166.61	0.0060021	-0.031730	-0.027541	-1.2836	17.126	28.096	907.30	-0.0069621	undefined	undefined	liquid
22.330	25.137	166.61	0.0060021	-0.031730	-0.027540	-1.2836	17.126	28.096	907.30	-0.0069621	undefined	undefined	liquid
22.330	25.142	166.61	0.0060021	-0.031731	-0.027539	-1.2836	17.126	28.096	907.30	-0.0069621	undefined	undefined	liquid
22.330	25.148	166.61	0.0060021	-0.031731	-0.027539	-1.2836	17.126	28.096	907.30	-0.0069621	undefined	undefined	liquid
22.330	25.153	166.61	0.0060021	-0.031731	-0.027538	-1.2836	17.126	28.096	907.30	-0.0069622	undefined	undefined	liquid
22.330	25.159	166.61	0.0060021	-0.031732	-0.027538	-1.2837	17.126	28.096	907.30	-0.0069622	undefined	undefined	liquid
22.330	25.164	166.61	0.0060021	-0.031732	-0.027537	-1.2837	17.126	28.095	907.30	-0.0069622	undefined	undefined	liquid
22.330	25.170	166.61	0.0060021	-0.031732	-0.027536	-1.2837	17.126	28.095	907.30	-0.0069622	undefined	undefined	liquid
22.330	25.175	166.61	0.0060021	-0.031733	-0.027536	-1.2837	17.126	28.095	907.30	-0.0069622	undefined	undefined	liquid
22.330	25.181	166.61	0.0060021	-0.031733	-0.027535	-1.2837	17.126	28.095	907.30	-0.0069622	undefined	undefined	liquid
22.330	25.186	166.61	0.0060021	-0.031733	-0.027535	-1.2837	17.126	28.095	907.31	-0.0069623	undefined	undefined	liquid
22.330	25.192	166.61	0.0060021	-0.031734	-0.027534	-1.2837	17.126	28.095	907.31	-0.0069623	undefined	undefined	liquid
22.330	25.197	166.61	0.0060021	-0.031734	-0.027533	-1.2838	17.126	28.095	907.31	-0.0069623	undefined	undefined	liquid
22.330	25.203	166.61	0.0060021	-0.031734	-0.027533	-1.2838	17.126	28.095	907.31	-0.0069623	undefined	undefined	liquid
22.330	25.208	166.61	0.0060021	-0.031734	-0.027532	-1.2838	17.126	28.095	907.31	-0.0069623	undefined	undefined	liquid
22.330	25.214	166.61	0.0060020	-0.031735	-0.027532	-1.2838	17.126	28.095	907.31	-0.0069623	undefined	undefined	liquid
22.330	25.219	166.61	0.0060020	-0.031735	-0.027531	-1.2838	17.126	28.095	907.31	-0.0069624	undefined	undefined	liquid
22.330	25.225	166.61	0.0060020	-0.031735	-0.027530	-1.2838	17.126	28.095	907.31	-0.0069624	undefined	undefined	liquid
22.330	25.230	166.61	0.0060020	-0.031736	-0.027530	-1.2838	17.126	28.095	907.31	-0.0069624	undefined	undefined	liquid
22.330	25.236	166.61	0.0060020	-0.031736	-0.027529	-1.2839	17.126	28.095	907.31	-0.0069624	undefined	undefined	liquid
22.330	25.241	166.61	0.0060020	-0.031736	-0.027529	-1.2839	17.126	28.095	907.31	-0.0069624	undefined	undefined	liquid
22.330	25.247	166.61	0.0060020	-0.031737	-0.027528	-1.2839	17.126	28.095	907.31	-0.0069624	undefined	undefined	liquid
22.330	25.252	166.61	0.0060020	-0.031737	-0.027527	-1.2839	17.127	28.095	907.31	-0.0069625	undefined	undefined	liquid
22.330	25.258	166.61	0.0060020	-0.031737	-0.027527	-1.2839	17.127	28.095	907.31	-0.0069625	undefined	undefined	liquid
22.330	25.263	166.61	0.0060020	-0.031738	-0.027526	-1.2839	17.127	28.095	907.31	-0.0069625	undefined	undefined	liquid
22.330	25.269	166.61	0.0060020	-0.031738	-0.027526	-1.2839	17.127	28.095	907.32	-0.0069625	undefined	undefined	liquid
22.330	25.274	166.61	0.0060020	-0.031738	-0.027525	-1.2840	17.127	28.095	907.32	-0.0069625	undefined	undefined	liquid
22.330	25.280	166.61	0.0060020	-0.031739	-0.027524	-1.2840	17.127	28.095	907.32	-0.0069626	undefined	undefined	liquid
22.330	25.285	166.61	0.0060020	-0.031739	-0.027524	-1.2840	17.127	28.095	907.32	-0.0069626	undefined	undefined	liquid
22.330	25.291	166.61	0.0060020	-0.031739	-0.027523	-1.2840	17.127	28.095	907.32	-0.0069626	undefined	undefined	liquid
22.330	25.296	166.61	0.0060020	-0.031740	-0.027523	-1.2840	17.127	28.095	907.32	-0.0069626	undefined	undefined	liquid
22.330	25.302	166.61	0.0060020	-0.031740	-0.027522	-1.2840	17.127	28.095	907.32	-0.0069626	undefined	undefined	liquid
22.330	25.307	166.61	0.0060020	-0.031740	-0.027522	-1.2840	17.127	28.095	907.32	-0.0069626	undefined	undefined	liquid
22.330	25.313	166.61	0.0060020	-0.031740	-0.027521	-1.2841	17.127	28.095	907.32	-0.0069627	undefined	undefined	liquid
22.330	25.318	166.61	0.0060020	-0.031741	-0.027520	-1.2841	17.127	28.095	907.32	-0.0069627	undefined	undefined	liquid
22.330	25.324	166.61	0.0060020	-0.031741	-0.027520	-1.2841	17.127	28.095	907.32	-0.0069627	undefined	undefined	liquid
22.330	25.329	166.61	0.0060020	-0.031741	-0.027519	-1.2841	17.127	28.095	907.32	-0.0069627	undefined	undefined	liquid
22.330	25.335	166.61	0.0060020	-0.031742	-0.027519	-1.2841	17.127	28.095	907.32	-0.0069627	undefined	undefined	liquid
22.330	25.340	166.61	0.0060020	-0.031742	-0.027518	-1.2841	17.127	28.094	907.32	-0.0069627	undefined	undefined	liquid
22.330	25.346	166.61	0.0060020	-0.031742	-0.027517	-1.2841	17.127	28.094	907.32	-0.0069628	undefined	undefined	liquid
22.330	25.351	166.61	0.0060020	-0.031743	-0.027517	-1.2842	17.127	28.094	907.33	-0.0069628	undefined	undefined	liquid
22.330	25.357	166.61	0.0060020	-0.031743	-0.027516	-1.2842	17.127	28.094	907.33	-0.0069628	undefined	undefined	liquid
22.330	25.362	166.61	0.0060020	-0.031743	-0.027516	-1.2842	17.127	28.094	907.33	-0.0069628	undefined	undefined	liquid
22.330	25.368	166.61	0.0060020	-0.031744	-0.027515	-1.2842	17.127	28.094	907.33	-0.0069628	undefined	undefined	liquid
22.330	25.373	166.61	0.0060020	-0.031744	-0.027514	-1.2842	17.127	28.094	907.33	-0.0069628	undefined	undefined	liquid
22.330	25.379	166.61	0.0060020	-0.031744	-0.027514	-1.2842	17.127	28.094	907.33	-0.0069629	undefined	undefined	liquid
22.330	25.384	166.61	0.0060020	-0.031745	-0.027513	-1.2842	17.127	28.094	907.33	-0.0069629	undefined	undefined	liquid
22.330	25.390	166.61	0.0060020	-0.031745	-0.027513	-1.2843	17.127	28.094	907.33	-0.0069629	undefined	undefined	liquid
22.330	25.395	166.61	0.0060020	-0.031745	-0.027512	-1.2843	17.127	28.094	907.33	-0.0069629	undefined	undefined	liquid
22.330	25.401	166.61	0.0060020	-0.031746	-0.027511	-1.2843	17.127	28.094	907.33	-0.0069629	undefined	undefined	liquid
22.330	25.406	166.61	0.0060020	-0.031746	-0.027511	-1.2843	17.127	28.094	907.33	-0.0069629	undefined	undefined	liquid
22.330	25.412	166.61	0.0060020	-0.031746	-0.027510	-1.2843	17.127	28.094	907.33	-0.0069630	undefined	undefined	liquid
22.330	25.417	166.61	0.0060019	-0.031747	-0.027510	-1.2843	17.127	28.094	907.33	-0.0069630	undefined	undefined	liquid
22.330	25.423	166.61	0.0060019	-0.031747	-0.027509	-1.2843	17.127	28.094	907.33	-0.0069630	undefined	undefined	liquid
22.330	25.428	166.61	0.0060019	-0.031747	-0.027508	-1.2844	17.127	28.094	907.33	-0.0069630	undefined	undefined	liquid
22.330	25.434	166.61	0.0060019	-0.031747	-0.027508	-1.2844	17.127	28.094	907.34	-0.0069630	undefined	undefined	liquid
22.330	25.439	166.61	0.0060019	-0.031748	-0.027507	-1.2844	17.127	28.094	907.34	-0.0069630	undefined	undefined	liquid
22.330	25.445	166.61	0.0060019	-0.031748	-0.027507	-1.2844	17.127	28.094	907.34	-0.0069631	undefined	undefined	liquid
22.330	25.450	166.61	0.0060019	-0.031748	-0.027506	-1.2844	17.127	28.094	907.34	-0.0069631	undefined	undefined	liquid
22.330	25.456	166.61	0.0060019	-0.031749	-0.027505	-1.2844	17.127	28.094	907.34	-0.0069631	undefined	undefined	liquid
22.330	25.461	166.61	0.0060019	-0.031749	-0.027505	-1.2844	17.127	28.094	907.34	-0.0069631	undefined	undefined	liquid
22.330	25.467	166.61	0.0060019	-0.031749	-0.027504	-1.2845	17.127	28.094	907.34	-0.0069631	undefined	undefined	liquid
22.330	25.472	166.61	0.0060019	-0.031750	-0.027504	-1.2845	17.127	28.094	907.34	-0.0069631	undefined	undefined	liquid
22.330	25.478	166.61	0.0060019	-0.031750	-0.027503	-1.2845	17.127	28.094	907.34	-0.0069632	undefined	undefined	liquid
22.330	25.483	166.61	0.0060019	-0.031750	-0.027502	-1.2845	17.127	28.094	907.34	-0.0069632	undefined	undefined	liquid
22.330	25.489	166.61	0.0060019	-0.031751	-0.027502	-1.2845	17.127	28.094	907.34	-0.0069632	undefined	undefined	liquid
22.330	25.494	166.61	0.0060019	-0.031751	-0.027501	-1.2845	17.127	28.094	907.34	-0.0069632	undefined	undefined	liquid
22.330	25.500	166.61	0.0060019	-0.031751	-0.027501	-1.2845	17.127	28.094	907.34	-0.0069632	undefined	undefined	liquid
22.330	25.505	166.61	0.0060019	-0.031752	-0.027500	-1.2846	17.127	28.094	907.34	-0.0069632	undefined	undefined	liquid
22.330	25.511	166.61	0.0060019	-0.031752	-0.027499	-1.2846	17.127	28.094	907.34	-0.0069633	undefined	undefined	liquid
22.330	25.516	166.61	0.0060019	-0.031752	-0.027499	-1.2846	17.127	28.094	907.35	-0.0069633	undefined	undefined	liquid
22.330	25.522	166.61	0.0060019	-0.031753	-0.027498	-1.2846	17.127	28.093	907.35	-0.0069633	undefined	undefined	liquid
22.330	25.527	166.61	0.0060019	-0.031753	-0.027498	-1.2846	17.127	28.093	907.35	-0.0069633	undefined	undefined	liquid
22.330	25.533	166.61	0.0060019	-0.031753	-0.027497	-1.2846	17.127	28.093	907.35	-0.0069633	undefined	undefined	liquid
22.330	25.538	166.61	0.0060019	-0.031753	-0.027496	-1.2846	17.127	28.093	907.35	-0.0069633	undefined	undefined	liquid
22.330	25.544	166.61	0.0060019	-0.031754	-0.027496	-1.2847	17.127	28.093	907.35	-0.0069634	undefined	undefined	liquid
22.330	25.549	166.61	0.0060019	-0.031754	-0.027495	-1.2847	17.127	28.093	907.35	-0.0069634	undefined	undefined	liquid
22.330	25.555	166.61	0.0060019	-0.031754	-0.027495	-1.2847	17.127	28.093	907.35	-0.0069634	undefined	undefined	liquid
22.330	25.560	166.61	0.0060019	-0.031755	-0.027494	-1.2847	17.127	28.093	907.35	-0.0069634	undefined	undefined	liquid
22.330	25.566	166.61	0.0060019	-0.031755	-0.027493	-1.2847	17.127	28.093	907.35	-0.0069634	undefined	undefined	liquid
22.330	25.571	166.61	0.0060019	-0.031755	-0.027493	-1.2847	17.127	28.093	907.35	-0.0069634	undefined	undefined	liquid
22.330	25.577	166.61	0.0060019	-0.031756	-0.027492	-1.2847	17.127	28.093	907.35	-0.0069635	undefined	undefined	liquid
22.330	25.582	166.61	0.0060019	-0.031756	-0.027492	-1.2848	17.127	28.093	907.35	-0.0069635	undefined	undefined	liquid
22.330	25.588	166.61	0.0060019	-0.031756	-0.027491	-1.2848	17.127	28.093	907.35	-0.0069635	undefined	undefined	liquid
22.330	25.593	166.61	0.0060019	-0.031757	-0.027490	-1.2848	17.127	28.093	907.35	-0.0069635	undefined	undefined	liquid
22.330	25.599	166.62	0.0060019	-0.031757	-0.027490	-1.2848	17.127	28.093	907.36	-0.0069635	undefined	undefined	liquid
22.330	25.604	166.62	0.0060019	-0.031757	-0.027489	-1.2848	17.127	28.093	907.36	-0.0069636	undefined	undefined	liquid
22.330	25.610	166.62	0.0060019	-0.031758	-0.027489	-1.2848	17.127	28.093	907.36	-0.0069636	undefined	undefined	liquid
22.330	25.615	166.62	0.0060019	-0.031758	-0.027488	-1.2848	17.127	28.093	907.36	-0.0069636	undefined	undefined	liquid
22.330	25.621	166.62	0.0060018	-0.031758	-0.027487	-1.2849	17.127	28.093	907.36	-0.0069636	undefined	undefined	liquid
22.330	25.626	166.62	0.0060018	-0.031759	-0.027487	-1.2849	17.127	28.093	907.36	-0.0069636	undefined	undefined	liquid
22.330	25.632	166.62	0.0060018	-0.031759	-0.027486	-1.2849	17.127	28.093	907.36	-0.0069636	undefined	undefined	liquid
22.330	25.637	166.62	0.0060018	-0.031759	-0.027486	-1.2849	17.127	28.093	907.36	-0.0069637	undefined	undefined	liquid
22.330	25.643	166.62	0.0060018	-0.031760	-0.027485	-1.2849	17.127	28.093	907.36	-0.0069637	undefined	undefined	liquid
22.330	25.648	166.62	0.0060018	-0.031760	-0.027484	-1.2849	17.127	28.093	907.36	-0.0069637	undefined	undefined	liquid
22.330	25.654	166.62	0.0060018	-0.031760	-0.027484	-1.2849	17.127	28.093	907.36	-0.0069637	undefined	undefined	liquid
22.330	25.659	166.62	0.0060018	-0.031760	-0.027483	-1.2850	17.127	28.093	907.36	-0.0069637	undefined	undefined	liquid
22.330	25.665	166.62	0.0060018	-0.031761	-0.027483	-1.2850	17.127	28.093	907.36	-0.0069637	undefined	undefined	liquid
22.330	25.670	166.62	0.0060018	-0.031761	-0.027482	-1.2850	17.127	28.093	907.36	-0.0069638	undefined	undefined	liquid
22.330	25.676	166.62	0.0060018	-0.031761	-0.027481	-1.2850	17.127	28.093	907.36	-0.0069638	undefined	undefined	liquid
22.330	25.681	166.62	0.0060018	-0.031762	-0.027481	-1.2850	17.127	28.093	907.37	-0.0069638	undefined	undefined	liquid
22.330	25.687	166.62	0.0060018	-0.031762	-0.027480	-1.2850	17.127	28.093	907.37	-0.0069638	undefined	undefined	liquid
22.330	25.692	166.62	0.0060018	-0.031762	-0.027480	-1.2850	17.127	28.093	907.37	-0.0069638	undefined	undefined	liquid
22.330	25.698	166.62	0.0060018	-0.031763	-0.027479	-1.2851	17.127	28.092	907.37	-0.0069638	undefined	undefined	liquid
22.330	25.703	166.62	0.0060018	-0.031763	-0.027478	-1.2851	17.127	28.092	907.37	-0.0069639	undefined	undefined	liquid
22.330	25.709	166.62	0.0060018	-0.031763	-0.027478	-1.2851	17.127	28.092	907.37	-0.0069639	undefined	undefined	liquid
22.330	25.714	166.62	0.0060018	-0.031764	-0.027477	-1.2851	17.127	28.092	907.37	-0.0069639	undefined	undefined	liquid
22.330	25.720	166.62	0.0060018	-0.031764	-0.027477	-1.2851	17.127	28.092	907.37	-0.0069639	undefined	undefined	liquid
22.330	25.725	166.62	0.0060018	-0.031764	-0.027476	-1.2851	17.127	28.092	907.37	-0.0069639	undefined	undefined	liquid
22.330	25.731	166.62	0.0060018	-0.031765	-0.027475	-1.2851	17.127	28.092	907.37	-0.0069639	undefined	undefined	liquid
22.330	25.736	166.62	0.0060018	-0.031765	-0.027475	-1.2852	17.127	28.092	907.37	-0.0069640	undefined	undefined	liquid
22.330	25.742	166.62	0.0060018	-0.031765	-0.027474	-1.2852	17.127	28.092	907.37	-0.0069640	undefined	undefined	liquid
22.330	25.747	166.62	0.0060018	-0.031766	-0.027474	-1.2852	17.127	28.092	907.37	-0.0069640	undefined	undefined	liquid
22.330	25.753	166.62	0.0060018	-0.031766	-0.027473	-1.2852	17.127	28.092	907.37	-0.0069640	undefined	undefined	liquid
22.330	25.758	166.62	0.0060018	-0.031766	-0.027472	-1.2852	17.127	28.092	907.37	-0.0069640	undefined	undefined	liquid
22.330	25.764	166.62	0.0060018	-0.031766	-0.027472	-1.2852	17.127	28.092	907.38	-0.0069640	undefined	undefined	liquid
22.330	25.769	166.62	0.0060018	-0.031767	-0.027471	-1.2852	17.127	28.092	907.38	-0.0069641	undefined	undefined	liquid
22.330	25.775	166.62	0.0060018	-0.031767	-0.027471	-1.2853	17.127	28.092	907.38	-0.0069641	undefined	undefined	liquid
22.330	25.780	166.62	0.0060018	-0.031767	-0.027470	-1.2853	17.127	28.092	907.38	-0.0069641	undefined	undefined	liquid
22.330	25.786	166.62	0.0060018	-0.031768	-0.027469	-1.2853	17.127	28.092	907.38	-0.0069641	undefined	undefined	liquid
22.330	25.791	166.62	0.0060018	-0.031768	-0.027469	-1.2853	17.127	28.092	907.38	-0.0069641	undefined	undefined	liquid
22.330	25.797	166.62	0.0060018	-0.031768	-0.027468	-1.2853	17.127	28.092	907.38	-0.0069641	undefined	undefined	liquid
22.330	25.802	166.62	0.0060018	-0.031769	-0.027468	-1.2853	17.127	28.092	907.38	-0.0069642	undefined	undefined	liquid
22.330	25.808	166.62	0.0060018	-0.031769	-0.027467	-1.2853	17.127	28.092	907.38	-0.0069642	undefined	undefined	liquid
22.330	25.813	166.62	0.0060018	-0.031769	-0.027467	-1.2854	17.127	28.092	907.38	-0.0069642	undefined	undefined	liquid
22.330	25.819	166.62	0.0060017	-0.031770	-0.027466	-1.2854	17.127	28.092	907.38	-0.0069642	undefined	undefined	liquid
22.330	25.824	166.62	0.0060017	-0.031770	-0.027465	-1.2854	17.127	28.092	907.38	-0.0069642	undefined	undefined	liquid
22.330	25.830	166.62	0.0060017	-0.031770	-0.027465	-1.2854	17.127	28.092	907.38	-0.0069642	undefined	undefined	liquid
22.330	25.835	166.62	0.0060017	-0.031771	-0.027464	-1.2854	17.127	28.092	907.38	-0.0069643	undefined	undefined	liquid
22.330	25.841	166.62	0.0060017	-0.031771	-0.027464	-1.2854	17.127	28.092	907.39	-0.0069643	undefined	undefined	liquid
22.330	25.846	166.62	0.0060017	-0.031771	-0.027463	-1.2854	17.127	28.092	907.39	-0.0069643	undefined	undefined	liquid
22.330	25.852	166.62	0.0060017	-0.031772	-0.027462	-1.2855	17.128	28.092	907.39	-0.0069643	undefined	undefined	liquid
22.330	25.857	166.62	0.0060017	-0.031772	-0.027462	-1.2855	17.128	28.092	907.39	-0.0069643	undefined	undefined	liquid
22.330	25.863	166.62	0.0060017	-0.031772	-0.027461	-1.2855	17.128	28.092	907.39	-0.0069643	undefined	undefined	liquid
22.330	25.868	166.62	0.0060017	-0.031773	-0.027461	-1.2855	17.128	28.092	907.39	-0.0069644	undefined	undefined	liquid
22.330	25.874	166.62	0.0060017	-0.031773	-0.027460	-1.2855	17.128	28.092	907.39	-0.0069644	undefined	undefined	liquid
22.330	25.879	166.62	0.0060017	-0.031773	-0.027459	-1.2855	17.128	28.091	907.39	-0.0069644	undefined	undefined	liquid
22.330	25.885	166.62	0.0060017	-0.031773	-0.027459	-1.2855	17.128	28.091	907.39	-0.0069644	undefined	undefined	liquid
22.330	25.890	166.62	0.0060017	-0.031774	-0.027458	-1.2856	17.128	28.091	907.39	-0.0069644	undefined	undefined	liquid
22.330	25.896	166.62	0.0060017	-0.031774	-0.027458	-1.2856	17.128	28.091	907.39	-0.0069644	undefined	undefined	liquid
22.330	25.901	166.62	0.0060017	-0.031774	-0.027457	-1.2856	17.128	28.091	907.39	-0.0069645	undefined	undefined	liquid
22.330	25.907	166.62	0.0060017	-0.031775	-0.027456	-1.2856	17.128	28.091	907.39	-0.0069645	undefined	undefined	liquid
22.330	25.912	166.62	0.0060017	-0.031775	-0.027456	-1.2856	17.128	28.091	907.39	-0.0069645	undefined	undefined	liquid
22.330	25.918	166.62	0.0060017	-0.031775	-0.027455	-1.2856	17.128	28.091	907.39	-0.0069645	undefined	undefined	liquid
22.330	25.923	166.62	0.0060017	-0.031776	-0.027455	-1.2856	17.128	28.091	907.40	-0.0069645	undefined	undefined	liquid
22.330	25.929	166.62	0.0060017	-0.031776	-0.027454	-1.2857	17.128	28.091	907.40	-0.0069646	undefined	undefined	liquid
22.330	25.934	166.62	0.0060017	-0.031776	-0.027453	-1.2857	17.128	28.091	907.40	-0.0069646	undefined	undefined	liquid
22.330	25.940	166.62	0.0060017	-0.031777	-0.027453	-1.2857	17.128	28.091	907.40	-0.0069646	undefined	undefined	liquid
22.330	25.945	166.62	0.0060017	-0.031777	-0.027452	-1.2857	17.128	28.091	907.40	-0.0069646	undefined	undefined	liquid
22.330	25.951	166.62	0.0060017	-0.031777	-0.027452	-1.2857	17.128	28.091	907.40	-0.0069646	undefined	undefined	liquid
22.330	25.956	166.62	0.0060017	-0.031778	-0.027451	-1.2857	17.128	28.091	907.40	-0.0069646	undefined	undefined	liquid
22.330	25.962	166.62	0.0060017	-0.031778	-0.027450	-1.2857	17.128	28.091	907.40	-0.0069647	undefined	undefined	liquid
22.330	25.967	166.62	0.0060017	-0.031778	-0.027450	-1.2858	17.128	28.091	907.40	-0.0069647	undefined	undefined	liquid
22.330	25.973	166.62	0.0060017	-0.031779	-0.027449	-1.2858	17.128	28.091	907.40	-0.0069647	undefined	undefined	liquid
22.330	25.978	166.62	0.0060017	-0.031779	-0.027449	-1.2858	17.128	28.091	907.40	-0.0069647	undefined	undefined	liquid
22.330	25.984	166.62	0.0060017	-0.031779	-0.027448	-1.2858	17.128	28.091	907.40	-0.0069647	undefined	undefined	liquid
22.330	25.989	166.62	0.0060017	-0.031779	-0.027447	-1.2858	17.128	28.091	907.40	-0.0069647	undefined	undefined	liquid
22.330	25.995	166.62	0.0060017	-0.031780	-0.027447	-1.2858	17.128	28.091	907.40	-0.0069648	undefined	undefined	liquid
22.330	26.000	166.62	0.0060017	-0.031780	-0.027446	-1.2858	17.128	28.091	907.40	-0.0069648	undefined	undefined	liquid
22.330	26.006	166.62	0.0060017	-0.031780	-0.027446	-1.2859	17.128	28.091	907.41	-0.0069648	undefined	undefined	liquid
22.330	26.011	166.62	0.0060017	-0.031781	-0.027445	-1.2859	17.128	28.091	907.41	-0.0069648	undefined	undefined	liquid
22.330	26.017	166.62	0.0060017	-0.031781	-0.027444	-1.2859	17.128	28.091	907.41	-0.0069648	undefined	undefined	liquid
22.330	26.022	166.62	0.0060016	-0.031781	-0.027444	-1.2859	17.128	28.091	907.41	-0.0069648	undefined	undefined	liquid
22.330	26.028	166.62	0.0060016	-0.031782	-0.027443	-1.2859	17.128	28.091	907.41	-0.0069649	undefined	undefined	liquid
22.330	26.033	166.62	0.0060016	-0.031782	-0.027443	-1.2859	17.128	28.091	907.41	-0.0069649	undefined	undefined	liquid
22.330	26.039	166.62	0.0060016	-0.031782	-0.027442	-1.2859	17.128	28.091	907.41	-0.0069649	undefined	undefined	liquid
22.330	26.044	166.62	0.0060016	-0.031783	-0.027441	-1.2860	17.128	28.091	907.41	-0.0069649	undefined	undefined	liquid
22.330	26.050	166.62	0.0060016	-0.031783	-0.027441	-1.2860	17.128	28.091	907.41	-0.0069649	undefined	undefined	liquid
22.330	26.055	166.62	0.0060016	-0.031783	-0.027440	-1.2860	17.128	28.091	907.41	-0.0069649	undefined	undefined	liquid
22.330	26.061	166.62	0.0060016	-0.031784	-0.027440	-1.2860	17.128	28.090	907.41	-0.0069650	undefined	undefined	liquid
22.330	26.066	166.62	0.0060016	-0.031784	-0.027439	-1.2860	17.128	28.090	907.41	-0.0069650	undefined	undefined	liquid
22.330	26.072	166.62	0.0060016	-0.031784	-0.027438	-1.2860	17.128	28.090	907.41	-0.0069650	undefined	undefined	liquid
22.330	26.077	166.62	0.0060016	-0.031785	-0.027438	-1.2860	17.128	28.090	907.41	-0.0069650	undefined	undefined	liquid
22.330	26.083	166.62	0.0060016	-0.031785	-0.027437	-1.2861	17.128	28.090	907.41	-0.0069650	undefined	undefined	liquid
22.330	26.088	166.62	0.0060016	-0.031785	-0.027437	-1.2861	17.128	28.090	907.42	-0.0069650	undefined	undefined	liquid
22.330	26.094	166.62	0.0060016	-0.031786	-0.027436	-1.2861	17.128	28.090	907.42	-0.0069651	undefined	undefined	liquid
22.330	26.099	166.62	0.0060016	-0.031786	-0.027435	-1.2861	17.128	28.090	907.42	-0.0069651	undefined	undefined	liquid
22.330	26.105	166.62	0.0060016	-0.031786	-0.027435	-1.2861	17.128	28.090	907.42	-0.0069651	undefined	undefined	liquid
22.330	26.110	166.62	0.0060016	-0.031786	-0.027434	-1.2861	17.128	28.090	907.42	-0.0069651	undefined	undefined	liquid
22.330	26.116	166.62	0.0060016	-0.031787	-0.027434	-1.2861	17.128	28.090	907.42	-0.0069651	undefined	undefined	liquid
22.330	26.121	166.62	0.0060016	-0.031787	-0.027433	-1.2862	17.128	28.090	907.42	-0.0069651	undefined	undefined	liquid
22.330	26.127	166.62	0.0060016	-0.031787	-0.027432	-1.2862	17.128	28.090	907.42	-0.0069652	undefined	undefined	liquid
22.330	26.132	166.62	0.0060016	-0.031788	-0.027432	-1.2862	17.128	28.090	907.42	-0.0069652	undefined	undefined	liquid
22.330	26.138	166.62	0.0060016	-0.031788	-0.027431	-1.2862	17.128	28.090	907.42	-0.0069652	undefined	undefined	liquid
22.330	26.143	166.62	0.0060016	-0.031788	-0.027431	-1.2862	17.128	28.090	907.42	-0.0069652	undefined	undefined	liquid
22.330	26.149	166.62	0.0060016	-0.031789	-0.027430	-1.2862	17.128	28.090	907.42	-0.0069652	undefined	undefined	liquid
22.330	26.154	166.62	0.0060016	-0.031789	-0.027429	-1.2862	17.128	28.090	907.42	-0.0069652	undefined	undefined	liquid
22.330	26.160	166.62	0.0060016	-0.031789	-0.027429	-1.2863	17.128	28.090	907.42	-0.0069653	undefined	undefined	liquid
22.330	26.165	166.62	0.0060016	-0.031790	-0.027428	-1.2863	17.128	28.090	907.42	-0.0069653	undefined	undefined	liquid
22.330	26.171	166.62	0.0060016	-0.031790	-0.027428	-1.2863	17.128	28.090	907.43	-0.0069653	undefined	undefined	liquid
22.330	26.176	166.62	0.0060016	-0.031790	-0.027427	-1.2863	17.128	28.090	907.43	-0.0069653	undefined	undefined	liquid
22.330	26.182	166.62	0.0060016	-0.031791	-0.027426	-1.2863	17.128	28.090	907.43	-0.0069653	undefined	undefined	liquid
22.330	26.187	166.62	0.0060016	-0.031791	-0.027426	-1.2863	17.128	28.090	907.43	-0.0069653	undefined	undefined	liquid
22.330	26.193	166.62	0.0060016	-0.031791	-0.027425	-1.2863	17.128	28.090	907.43	-0.0069654	undefined	undefined	liquid
22.330	26.198	166.62	0.0060016	-0.031792	-0.027425	-1.2864	17.128	28.090	907.43	-0.0069654	undefined	undefined	liquid
22.330	26.204	166.62	0.0060016	-0.031792	-0.027424	-1.2864	17.128	28.090	907.43	-0.0069654	undefined	undefined	liquid
22.330	26.209	166.62	0.0060016	-0.031792	-0.027423	-1.2864	17.128	28.090	907.43	-0.0069654	undefined	undefined	liquid
22.330	26.215	166.62	0.0060016	-0.031792	-0.027423	-1.2864	17.128	28.090	907.43	-0.0069654	undefined	undefined	liquid
22.330	26.220	166.62	0.0060016	-0.031793	-0.027422	-1.2864	17.128	28.090	907.43	-0.0069655	undefined	undefined	liquid
22.330	26.226	166.62	0.0060015	-0.031793	-0.027422	-1.2864	17.128	28.090	907.43	-0.0069655	undefined	undefined	liquid
22.330	26.231	166.62	0.0060015	-0.031793	-0.027421	-1.2864	17.128	28.090	907.43	-0.0069655	undefined	undefined	liquid
22.330	26.237	166.62	0.0060015	-0.031794	-0.027420	-1.2865	17.128	28.089	907.43	-0.0069655	undefined	undefined	liquid
22.330	26.242	166.62	0.0060015	-0.031794	-0.027420	-1.2865	17.128	28.089	907.43	-0.0069655	undefined	undefined	liquid
22.330	26.248	166.62	0.0060015	-0.031794	-0.027419	-1.2865	17.128	28.089	907.43	-0.0069655	undefined	undefined	liquid
22.330	26.253	166.62	0.0060015	-0.031795	-0.027419	-1.2865	17.128	28.089	907.44	-0.0069656	undefined	undefined	liquid
22.330	26.259	166.62	0.0060015	-0.031795	-0.027418	-1.2865	17.128	28.089	907.44	-0.0069656	undefined	undefined	liquid
22.330	26.264	166.62	0.0060015	-0.031795	-0.027417	-1.2865	17.128	28.089	907.44	-0.0069656	undefined	undefined	liquid
22.330	26.270	166.62	0.0060015	-0.031796	-0.027417	-1.2865	17.128	28.089	907.44	-0.0069656	undefined	undefined	liquid
22.330	26.275	166.62	0.0060015	-0.031796	-0.027416	-1.2866	17.128	28.089	907.44	-0.0069656	undefined	undefined	liquid
22.330	26.281	166.62	0.0060015	-0.031796	-0.027416	-1.2866	17.128	28.089	907.44	-0.0069656	undefined	undefined	liquid
22.330	26.286	166.62	0.0060015	-0.031797	-0.027415	-1.2866	17.128	28.089	907.44	-0.0069657	undefined	undefined	liquid
22.330	26.292	166.62	0.0060015	-0.031797	-0.027414	-1.2866	17.128	28.089	907.44	-0.0069657	undefined	undefined	liquid
22.330	26.297	166.62	0.0060015	-0.031797	-0.027414	-1.2866	17.128	28.089	907.44	-0.0069657	undefined	undefined	liquid
22.330	26.303	166.62	0.0060015	-0.031798	-0.027413	-1.2866	17.128	28.089	907.44	-0.0069657	undefined	undefined	liquid
22.330	26.308	166.62	0.0060015	-0.031798	-0.027413	-1.2866	17.128	28.089	907.44	-0.0069657	undefined	undefined	liquid
22.330	26.314	166.62	0.0060015	-0.031798	-0.027412	-1.2867	17.128	28.089	907.44	-0.0069657	undefined	undefined	liquid
22.330	26.319	166.62	0.0060015	-0.031799	-0.027412	-1.2867	17.128	28.089	907.44	-0.0069658	undefined	undefined	liquid
22.330	26.325	166.63	0.0060015	-0.031799	-0.027411	-1.2867	17.128	28.089	907.44	-0.0069658	undefined	undefined	liquid
22.330	26.330	166.63	0.0060015	-0.031799	-0.027410	-1.2867	17.128	28.089	907.45	-0.0069658	undefined	undefined	liquid
22.330	26.336	166.63	0.0060015	-0.031799	-0.027410	-1.2867	17.128	28.089	907.45	-0.0069658	undefined	undefined	liquid
22.330	26.341	166.63	0.0060015	-0.031800	-0.027409	-1.2867	17.128	28.089	907.45	-0.0069658	undefined	undefined	liquid
22.330	26.347	166.63	0.0060015	-0.031800	-0.027409	-1.2867	17.128	28.089	907.45	-0.0069658	undefined	undefined	liquid
22.330	26.352	166.63	0.0060015	-0.031800	-0.027408	-1.2868	17.128	28.089	907.45	-0.0069659	undefined	undefined	liquid
22.330	26.358	166.63	0.0060015	-0.031801	-0.027407	-1.2868	17.128	28.089	907.45	-0.0069659	undefined	undefined	liquid
22.330	26.363	166.63	0.0060015	-0.031801	-0.027407	-1.2868	17.128	28.089	907.45	-0.0069659	undefined	undefined	liquid
22.330	26.369	166.63	0.0060015	-0.031801	-0.027406	-1.2868	17.128	28.089	907.45	-0.0069659	undefined	undefined	liquid
22.330	26.374	166.63	0.0060015	-0.031802	-0.027406	-1.2868	17.128	28.089	907.45	-0.0069659	undefined	undefined	liquid
22.330	26.380	166.63	0.0060015	-0.031802	-0.027405	-1.2868	17.128	28.089	907.45	-0.0069659	undefined	undefined	liquid
22.330	26.385	166.63	0.0060015	-0.031802	-0.027404	-1.2868	17.128	28.089	907.45	-0.0069660	undefined	undefined	liquid
22.330	26.391	166.63	0.0060015	-0.031803	-0.027404	-1.2869	17.128	28.089	907.45	-0.0069660	undefined	undefined	liquid
22.330	26.396	166.63	0.0060015	-0.031803	-0.027403	-1.2869	17.128	28.089	907.45	-0.0069660	undefined	undefined	liquid
22.330	26.402	166.63	0.0060015	-0.031803	-0.027403	-1.2869	17.128	28.089	907.45	-0.0069660	undefined	undefined	liquid
22.330	26.407	166.63	0.0060015	-0.031804	-0.027402	-1.2869	17.128	28.089	907.45	-0.0069660	undefined	undefined	liquid
22.330	26.413	166.63	0.0060015	-0.031804	-0.027401	-1.2869	17.128	28.089	907.46	-0.0069660	undefined	undefined	liquid
22.330	26.418	166.63	0.0060015	-0.031804	-0.027401	-1.2869	17.128	28.088	907.46	-0.0069661	undefined	undefined	liquid
22.330	26.424	166.63	0.0060015	-0.031805	-0.027400	-1.2869	17.128	28.088	907.46	-0.0069661	undefined	undefined	liquid
22.330	26.429	166.63	0.0060014	-0.031805	-0.027400	-1.2870	17.128	28.088	907.46	-0.0069661	undefined	undefined	liquid
22.330	26.435	166.63	0.0060014	-0.031805	-0.027399	-1.2870	17.128	28.088	907.46	-0.0069661	undefined	undefined	liquid
22.330	26.440	166.63	0.0060014	-0.031805	-0.027398	-1.2870	17.128	28.088	907.46	-0.0069661	undefined	undefined	liquid
22.330	26.446	166.63	0.0060014	-0.031806	-0.027398	-1.2870	17.128	28.088	907.46	-0.0069661	undefined	undefined	liquid
22.330	26.451	166.63	0.0060014	-0.031806	-0.027397	-1.2870	17.128	28.088	907.46	-0.0069662	undefined	undefined	liquid
22.330	26.457	166.63	0.0060014	-0.031806	-0.027397	-1.2870	17.128	28.088	907.46	-0.0069662	undefined	undefined	liquid
22.330	26.462	166.63	0.0060014	-0.031807	-0.027396	-1.2870	17.129	28.088	907.46	-0.0069662	undefined	undefined	liquid
22.330	26.468	166.63	0.0060014	-0.031807	-0.027395	-1.2871	17.129	28.088	907.46	-0.0069662	undefined	undefined	liquid
22.330	26.473	166.63	0.0060014	-0.031807	-0.027395	-1.2871	17.129	28.088	907.46	-0.0069662	undefined	undefined	liquid
22.330	26.479	166.63	0.0060014	-0.031808	-0.027394	-1.2871	17.129	28.088	907.46	-0.0069662	undefined	undefined	liquid
22.330	26.484	166.63	0.0060014	-0.031808	-0.027394	-1.2871	17.129	28.088	907.46	-0.0069663	undefined	undefined	liquid
22.330	26.490	166.63	0.0060014	-0.031808	-0.027393	-1.2871	17.129	28.088	907.46	-0.0069663	undefined	undefined	liquid
22.330	26.495	166.63	0.0060014	-0.031809	-0.027392	-1.2871	17.129	28.088	907.47	-0.0069663	undefined	undefined	liquid
22.330	26.501	166.63	0.0060014	-0.031809	-0.027392	-1.2871	17.129	28.088	907.47	-0.0069663	undefined	undefined	liquid
22.330	26.506	166.63	0.0060014	-0.031809	-0.027391	-1.2872	17.129	28.088	907.47	-0.0069663	undefined	undefined	liquid
22.330	26.512	166.63	0.0060014	-0.031810	-0.027391	-1.2872	17.129	28.088	907.47	-0.0069663	undefined	undefined	liquid
22.330	26.517	166.63	0.0060014	-0.031810	-0.027390	-1.2872	17.129	28.088	907.47	-0.0069664	undefined	undefined	liquid
22.330	26.523	166.63	0.0060014	-0.031810	-0.027389	-1.2872	17.129	28.088	907.47	-0.0069664	undefined	undefined	liquid
22.330	26.528	166.63	0.0060014	-0.031811	-0.027389	-1.2872	17.129	28.088	907.47	-0.0069664	undefined	undefined	liquid
22.330	26.534	166.63	0.0060014	-0.031811	-0.027388	-1.2872	17.129	28.088	907.47	-0.0069664	undefined	undefined	liquid
22.330	26.539	166.63	0.0060014	-0.031811	-0.027388	-1.2872	17.129	28.088	907.47	-0.0069664	undefined	undefined	liquid
22.330	26.545	166.63	0.0060014	-0.031811	-0.027387	-1.2873	17.129	28.088	907.47	-0.0069665	undefined	undefined	liquid
22.330	26.550	166.63	0.0060014	-0.031812	-0.027386	-1.2873	17.129	28.088	907.47	-0.0069665	undefined	undefined	liquid
22.330	26.556	166.63	0.0060014	-0.031812	-0.027386	-1.2873	17.129	28.088	907.47	-0.0069665	undefined	undefined	liquid
22.330	26.561	166.63	0.0060014	-0.031812	-0.027385	-1.2873	17.129	28.088	907.47	-0.0069665	undefined	undefined	liquid
22.330	26.567	166.63	0.0060014	-0.031813	-0.027385	-1.2873	17.129	28.088	907.47	-0.0069665	undefined	undefined	liquid
22.330	26.572	166.63	0.0060014	-0.031813	-0.027384	-1.2873	17.129	28.088	907.47	-0.0069665	undefined	undefined	liquid
22.330	26.578	166.63	0.0060014	-0.031813	-0.027383	-1.2873	17.129	28.088	907.48	-0.0069666	undefined	undefined	liquid
22.330	26.583	166.63	0.0060014	-0.031814	-0.027383	-1.2874	17.129	28.088	907.48	-0.0069666	undefined	undefined	liquid
22.330	26.589	166.63	0.0060014	-0.031814	-0.027382	-1.2874	17.129	28.088	907.48	-0.0069666	undefined	undefined	liquid
22.330	26.594	166.63	0.0060014	-0.031814	-0.027382	-1.2874	17.129	28.087	907.48	-0.0069666	undefined	undefined	liquid
22.330	26.600	166.63	0.0060014	-0.031815	-0.027381	-1.2874	17.129	28.087	907.48	-0.0069666	undefined	undefined	liquid
22.330	26.605	166.63	0.0060014	-0.031815	-0.027380	-1.2874	17.129	28.087	907.48	-0.0069666	undefined	undefined	liquid
22.330	26.611	166.63	0.0060014	-0.031815	-0.027380	-1.2874	17.129	28.087	907.48	-0.0069667	undefined	undefined	liquid
22.330	26.616	166.63	0.0060014	-0.031816	-0.027379	-1.2874	17.129	28.087	907.48	-0.0069667	undefined	undefined	liquid
22.330	26.622	166.63	0.0060014	-0.031816	-0.027379	-1.2875	17.129	28.087	907.48	-0.0069667	undefined	undefined	liquid
22.330	26.627	166.63	0.0060013	-0.031816	-0.027378	-1.2875	17.129	28.087	907.48	-0.0069667	undefined	undefined	liquid
22.330	26.633	166.63	0.0060013	-0.031817	-0.027377	-1.2875	17.129	28.087	907.48	-0.0069667	undefined	undefined	liquid
22.330	26.638	166.63	0.0060013	-0.031817	-0.027377	-1.2875	17.129	28.087	907.48	-0.0069667	undefined	undefined	liquid
22.330	26.644	166.63	0.0060013	-0.031817	-0.027376	-1.2875	17.129	28.087	907.48	-0.0069668	undefined	undefined	liquid
22.330	26.649	166.63	0.0060013	-0.031818	-0.027376	-1.2875	17.129	28.087	907.48	-0.0069668	undefined	undefined	liquid
22.330	26.655	166.63	0.0060013	-0.031818	-0.027375	-1.2875	17.129	28.087	907.48	-0.0069668	undefined	undefined	liquid
22.330	26.660	166.63	0.0060013	-0.031818	-0.027374	-1.2876	17.129	28.087	907.49	-0.0069668	undefined	undefined	liquid
22.330	26.666	166.63	0.0060013	-0.031818	-0.027374	-1.2876	17.129	28.087	907.49	-0.0069668	undefined	undefined	liquid
22.330	26.671	166.63	0.0060013	-0.031819	-0.027373	-1.2876	17.129	28.087	907.49	-0.0069668	undefined	undefined	liquid
22.330	26.677	166.63	0.0060013	-0.031819	-0.027373	-1.2876	17.129	28.087	907.49	-0.0069669	undefined	undefined	liquid
22.330	26.682	166.63	0.0060013	-0.031819	-0.027372	-1.2876	17.129	28.087	907.49	-0.0069669	undefined	undefined	liquid
22.330	26.688	166.63	0.0060013	-0.031820	-0.027371	-1.2876	17.129	28.087	907.49	-0.0069669	undefined	undefined	liquid
22.330	26.693	166.63	0.0060013	-0.031820	-0.027371	-1.2876	17.129	28.087	907.49	-0.0069669	undefined	undefined	liquid
22.330	26.699	166.63	0.0060013	-0.031820	-0.027370	-1.2877	17.129	28.087	907.49	-0.0069669	undefined	undefined	liquid
22.330	26.704	166.63	0.0060013	-0.031821	-0.027370	-1.2877	17.129	28.087	907.49	-0.0069669	undefined	undefined	liquid
22.330	26.710	166.63	0.0060013	-0.031821	-0.027369	-1.2877	17.129	28.087	907.49	-0.0069670	undefined	undefined	liquid
22.330	26.715	166.63	0.0060013	-0.031821	-0.027368	-1.2877	17.129	28.087	907.49	-0.0069670	undefined	undefined	liquid
22.330	26.721	166.63	0.0060013	-0.031822	-0.027368	-1.2877	17.129	28.087	907.49	-0.0069670	undefined	undefined	liquid
22.330	26.726	166.63	0.0060013	-0.031822	-0.027367	-1.2877	17.129	28.087	907.49	-0.0069670	undefined	undefined	liquid
22.330	26.732	166.63	0.0060013	-0.031822	-0.027367	-1.2877	17.129	28.087	907.49	-0.0069670	undefined	undefined	liquid
22.330	26.737	166.63	0.0060013	-0.031823	-0.027366	-1.2878	17.129	28.087	907.50	-0.0069670	undefined	undefined	liquid
22.330	26.743	166.63	0.0060013	-0.031823	-0.027365	-1.2878	17.129	28.087	907.50	-0.0069671	undefined	undefined	liquid
22.330	26.748	166.63	0.0060013	-0.031823	-0.027365	-1.2878	17.129	28.087	907.50	-0.0069671	undefined	undefined	liquid
22.330	26.754	166.63	0.0060013	-0.031824	-0.027364	-1.2878	17.129	28.087	907.50	-0.0069671	undefined	undefined	liquid
22.330	26.759	166.63	0.0060013	-0.031824	-0.027364	-1.2878	17.129	28.087	907.50	-0.0069671	undefined	undefined	liquid
22.330	26.765	166.63	0.0060013	-0.031824	-0.027363	-1.2878	17.129	28.087	907.50	-0.0069671	undefined	undefined	liquid
22.330	26.770	166.63	0.0060013	-0.031824	-0.027362	-1.2878	17.129	28.087	907.50	-0.0069671	undefined	undefined	liquid
22.330	26.776	166.63	0.0060013	-0.031825	-0.027362	-1.2879	17.129	28.086	907.50	-0.0069672	undefined	undefined	liquid
22.330	26.781	166.63	0.0060013	-0.031825	-0.027361	-1.2879	17.129	28.086	907.50	-0.0069672	undefined	undefined	liquid
22.330	26.787	166.63	0.0060013	-0.031825	-0.027361	-1.2879	17.129	28.086	907.50	-0.0069672	undefined	undefined	liquid
22.330	26.792	166.63	0.0060013	-0.031826	-0.027360	-1.2879	17.129	28.086	907.50	-0.0069672	undefined	undefined	liquid
22.330	26.798	166.63	0.0060013	-0.031826	-0.027359	-1.2879	17.129	28.086	907.50	-0.0069672	undefined	undefined	liquid
22.330	26.803	166.63	0.0060013	-0.031826	-0.027359	-1.2879	17.129	28.086	907.50	-0.0069672	undefined	undefined	liquid
22.330	26.809	166.63	0.0060013	-0.031827	-0.027358	-1.2879	17.129	28.086	907.50	-0.0069673	undefined	undefined	liquid
22.330	26.814	166.63	0.0060013	-0.031827	-0.027358	-1.2880	17.129	28.086	907.50	-0.0069673	undefined	undefined	liquid
22.330	26.820	166.63	0.0060013	-0.031827	-0.027357	-1.2880	17.129	28.086	907.51	-0.0069673	undefined	undefined	liquid
22.330	26.825	166.63	0.0060013	-0.031828	-0.027357	-1.2880	17.129	28.086	907.51	-0.0069673	undefined	undefined	liquid
22.330	26.831	166.63	0.0060012	-0.031828	-0.027356	-1.2880	17.129	28.086	907.51	-0.0069673	undefined	undefined	liquid
22.330	26.836	166.63	0.0060012	-0.031828	-0.027355	-1.2880	17.129	28.086	907.51	-0.0069674	undefined	undefined	liquid
22.330	26.842	166.63	0.0060012	-0.031829	-0.027355	-1.2880	17.129	28.086	907.51	-0.0069674	undefined	undefined	liquid
22.330	26.847	166.63	0.0060012	-0.031829	-0.027354	-1.2880	17.129	28.086	907.51	-0.0069674	undefined	undefined	liquid
22.330	26.853	166.63	0.0060012	-0.031829	-0.027354	-1.2881	17.129	28.086	907.51	-0.0069674	undefined	undefined	liquid
22.330	26.858	166.63	0.0060012	-0.031830	-0.027353	-1.2881	17.129	28.086	907.51	-0.0069674	undefined	undefined	liquid
22.330	26.864	166.63	0.0060012	-0.031830	-0.027352	-1.2881	17.129	28.086	907.51	-0.0069674	undefined	undefined	liquid
22.330	26.869	166.63	0.0060012	-0.031830	-0.027352	-1.2881	17.129	28.086	907.51	-0.0069675	undefined	undefined	liquid
22.330	26.875	166.63	0.0060012	-0.031831	-0.027351	-1.2881	17.129	28.086	907.51	-0.0069675	undefined	undefined	liquid
22.330	26.880	166.63	0.0060012	-0.031831	-0.027351	-1.2881	17.129	28.086	907.51	-0.0069675	undefined	undefined	liquid
22.330	26.886	166.63	0.0060012	-0.031831	-0.027350	-1.2881	17.129	28.086	907.51	-0.0069675	undefined	undefined	liquid
22.330	26.891	166.63	0.0060012	-0.031831	-0.027349	-1.2882	17.129	28.086	907.51	-0.0069675	undefined	undefined	liquid
22.330	26.897	166.63	0.0060012	-0.031832	-0.027349	-1.2882	17.129	28.086	907.51	-0.0069675	undefined	undefined	liquid
22.330	26.902	166.63	0.0060012	-0.031832	-0.027348	-1.2882	17.129	28.086	907.52	-0.0069676	undefined	undefined	liquid
22.330	26.908	166.63	0.0060012	-0.031832	-0.027348	-1.2882	17.129	28.086	907.52	-0.0069676	undefined	undefined	liquid
22.330	26.913	166.63	0.0060012	-0.031833	-0.027347	-1.2882	17.129	28.086	907.52	-0.0069676	undefined	undefined	liquid
22.330	26.919	166.63	0.0060012	-0.031833	-0.027346	-1.2882	17.129	28.086	907.52	-0.0069676	undefined	undefined	liquid
22.330	26.924	166.63	0.0060012	-0.031833	-0.027346	-1.2882	17.129	28.086	907.52	-0.0069676	undefined	undefined	liquid
22.330	26.930	166.63	0.0060012	-0.031834	-0.027345	-1.2883	17.129	28.086	907.52	-0.0069676	undefined	undefined	liquid
22.330	26.935	166.63	0.0060012	-0.031834	-0.027345	-1.2883	17.129	28.086	907.52	-0.0069677	undefined	undefined	liquid
22.330	26.941	166.63	0.0060012	-0.031834	-0.027344	-1.2883	17.129	28.086	907.52	-0.0069677	undefined	undefined	liquid
22.330	26.946	166.63	0.0060012	-0.031835	-0.027343	-1.2883	17.129	28.086	907.52	-0.0069677	undefined	undefined	liquid
22.330	26.952	166.63	0.0060012	-0.031835	-0.027343	-1.2883	17.129	28.086	907.52	-0.0069677	undefined	undefined	liquid
22.330	26.957	166.63	0.0060012	-0.031835	-0.027342	-1.2883	17.129	28.085	907.52	-0.0069677	undefined	undefined	liquid
22.330	26.963	166.63	0.0060012	-0.031836	-0.027342	-1.2883	17.129	28.085	907.52	-0.0069677	undefined	undefined	liquid
22.330	26.968	166.63	0.0060012	-0.031836	-0.027341	-1.2884	17.129	28.085	907.52	-0.0069678	undefined	undefined	liquid
22.330	26.974	166.63	0.0060012	-0.031836	-0.027340	-1.2884	17.129	28.085	907.52	-0.0069678	undefined	undefined	liquid
22.330	26.979	166.63	0.0060012	-0.031837	-0.027340	-1.2884	17.129	28.085	907.53	-0.0069678	undefined	undefined	liquid
22.330	26.985	166.63	0.0060012	-0.031837	-0.027339	-1.2884	17.129	28.085	907.53	-0.0069678	undefined	undefined	liquid
22.330	26.990	166.63	0.0060012	-0.031837	-0.027339	-1.2884	17.129	28.085	907.53	-0.0069678	undefined	undefined	liquid
22.330	26.996	166.63	0.0060012	-0.031837	-0.027338	-1.2884	17.129	28.085	907.53	-0.0069678	undefined	undefined	liquid
22.330	27.001	166.63	0.0060012	-0.031838	-0.027337	-1.2884	17.129	28.085	907.53	-0.0069679	undefined	undefined	liquid
22.330	27.007	166.63	0.0060012	-0.031838	-0.027337	-1.2885	17.129	28.085	907.53	-0.0069679	undefined	undefined	liquid
22.330	27.012	166.63	0.0060012	-0.031838	-0.027336	-1.2885	17.129	28.085	907.53	-0.0069679	undefined	undefined	liquid
22.330	27.018	166.63	0.0060012	-0.031839	-0.027336	-1.2885	17.129	28.085	907.53	-0.0069679	undefined	undefined	liquid
22.330	27.023	166.63	0.0060012	-0.031839	-0.027335	-1.2885	17.129	28.085	907.53	-0.0069679	undefined	undefined	liquid
22.330	27.029	166.63	0.0060012	-0.031839	-0.027334	-1.2885	17.129	28.085	907.53	-0.0069679	undefined	undefined	liquid
22.330	27.034	166.63	0.0060011	-0.031840	-0.027334	-1.2885	17.129	28.085	907.53	-0.0069680	undefined	undefined	liquid
22.330	27.040	166.63	0.0060011	-0.031840	-0.027333	-1.2885	17.129	28.085	907.53	-0.0069680	undefined	undefined	liquid
22.330	27.045	166.63	0.0060011	-0.031840	-0.027333	-1.2886	17.129	28.085	907.53	-0.0069680	undefined	undefined	liquid
22.330	27.051	166.63	0.0060011	-0.031841	-0.027332	-1.2886	17.129	28.085	907.53	-0.0069680	undefined	undefined	liquid
22.330	27.056	166.64	0.0060011	-0.031841	-0.027331	-1.2886	17.129	28.085	907.53	-0.0069680	undefined	undefined	liquid
22.330	27.062	166.64	0.0060011	-0.031841	-0.027331	-1.2886	17.129	28.085	907.54	-0.0069680	undefined	undefined	liquid
22.330	27.067	166.64	0.0060011	-0.031842	-0.027330	-1.2886	17.130	28.085	907.54	-0.0069681	undefined	undefined	liquid
22.330	27.073	166.64	0.0060011	-0.031842	-0.027330	-1.2886	17.130	28.085	907.54	-0.0069681	undefined	undefined	liquid
22.330	27.078	166.64	0.0060011	-0.031842	-0.027329	-1.2886	17.130	28.085	907.54	-0.0069681	undefined	undefined	liquid
22.330	27.084	166.64	0.0060011	-0.031843	-0.027328	-1.2887	17.130	28.085	907.54	-0.0069681	undefined	undefined	liquid
22.330	27.089	166.64	0.0060011	-0.031843	-0.027328	-1.2887	17.130	28.085	907.54	-0.0069681	undefined	undefined	liquid
22.330	27.095	166.64	0.0060011	-0.031843	-0.027327	-1.2887	17.130	28.085	907.54	-0.0069681	undefined	undefined	liquid
22.330	27.100	166.64	0.0060011	-0.031843	-0.027327	-1.2887	17.130	28.085	907.54	-0.0069682	undefined	undefined	liquid
22.330	27.106	166.64	0.0060011	-0.031844	-0.027326	-1.2887	17.130	28.085	907.54	-0.0069682	undefined	undefined	liquid
22.330	27.111	166.64	0.0060011	-0.031844	-0.027325	-1.2887	17.130	28.085	907.54	-0.0069682	undefined	undefined	liquid
22.330	27.117	166.64	0.0060011	-0.031844	-0.027325	-1.2887	17.130	28.085	907.54	-0.0069682	undefined	undefined	liquid
22.330	27.122	166.64	0.0060011	-0.031845	-0.027324	-1.2888	17.130	28.085	907.54	-0.0069682	undefined	undefined	liquid
22.330	27.128	166.64	0.0060011	-0.031845	-0.027324	-1.2888	17.130	28.085	907.54	-0.0069683	undefined	undefined	liquid
22.330	27.133	166.64	0.0060011	-0.031845	-0.027323	-1.2888	17.130	28.084	907.54	-0.0069683	undefined	undefined	liquid
22.330	27.139	166.64	0.0060011	-0.031846	-0.027322	-1.2888	17.130	28.084	907.54	-0.0069683	undefined	undefined	liquid
22.330	27.144	166.64	0.0060011	-0.031846	-0.027322	-1.2888	17.130	28.084	907.55	-0.0069683	undefined	undefined	liquid
22.330	27.150	166.64	0.0060011	-0.031846	-0.027321	-1.2888	17.130	28.084	907.55	-0.0069683	undefined	undefined	liquid
22.330	27.155	166.64	0.0060011	-0.031847	-0.027321	-1.2888	17.130	28.084	907.55	-0.0069683	undefined	undefined	liquid
22.330	27.161	166.64	0.0060011	-0.031847	-0.027320	-1.2889	17.130	28.084	907.55	-0.0069684	undefined	undefined	liquid
22.330	27.166	166.64	0.0060011	-0.031847	-0.027319	-1.2889	17.130	28.084	907.55	-0.0069684	undefined	undefined	liquid
22.330	27.172	166.64	0.0060011	-0.031848	-0.027319	-1.2889	17.130	28.084	907.55	-0.0069684	undefined	undefined	liquid
22.330	27.177	166.64	0.0060011	-0.031848	-0.027318	-1.2889	17.130	28.084	907.55	-0.0069684	undefined	undefined	liquid
22.330	27.183	166.64	0.0060011	-0.031848	-0.027318	-1.2889	17.130	28.084	907.55	-0.0069684	undefined	undefined	liquid
22.330	27.188	166.64	0.0060011	-0.031849	-0.027317	-1.2889	17.130	28.084	907.55	-0.0069684	undefined	undefined	liquid
22.330	27.194	166.64	0.0060011	-0.031849	-0.027316	-1.2889	17.130	28.084	907.55	-0.0069685	undefined	undefined	liquid
22.330	27.199	166.64	0.0060011	-0.031849	-0.027316	-1.2890	17.130	28.084	907.55	-0.0069685	undefined	undefined	liquid
22.330	27.205	166.64	0.0060011	-0.031850	-0.027315	-1.2890	17.130	28.084	907.55	-0.0069685	undefined	undefined	liquid
22.330	27.210	166.64	0.0060011	-0.031850	-0.027315	-1.2890	17.130	28.084	907.55	-0.0069685	undefined	undefined	liquid
22.330	27.216	166.64	0.0060011	-0.031850	-0.027314	-1.2890	17.130	28.084	907.55	-0.0069685	undefined	undefined	liquid
22.330	27.221	166.64	0.0060011	-0.031850	-0.027313	-1.2890	17.130	28.084	907.55	-0.0069685	undefined	undefined	liquid
22.330	27.227	166.64	0.0060011	-0.031851	-0.027313	-1.2890	17.130	28.084	907.56	-0.0069686	undefined	undefined	liquid
22.330	27.232	166.64	0.0060011	-0.031851	-0.027312	-1.2890	17.130	28.084	907.56	-0.0069686	undefined	undefined	liquid
22.330	27.238	166.64	0.0060010	-0.031851	-0.027312	-1.2891	17.130	28.084	907.56	-0.0069686	undefined	undefined	liquid
22.330	27.243	166.64	0.0060010	-0.031852	-0.027311	-1.2891	17.130	28.084	907.56	-0.0069686	undefined	undefined	liquid
22.330	27.249	166.64	0.0060010	-0.031852	-0.027310	-1.2891	17.130	28.084	907.56	-0.0069686	undefined	undefined	liquid
22.330	27.254	166.64	0.0060010	-0.031852	-0.027310	-1.2891	17.130	28.084	907.56	-0.0069686	undefined	undefined	liquid
22.330	27.260	166.64	0.0060010	-0.031853	-0.027309	-1.2891	17.130	28.084	907.56	-0.0069687	undefined	undefined	liquid
22.330	27.265	166.64	0.0060010	-0.031853	-0.027309	-1.2891	17.130	28.084	907.56	-0.0069687	undefined	undefined	liquid
22.330	27.271	166.64	0.0060010	-0.031853	-0.027308	-1.2891	17.130	28.084	907.56	-0.0069687	undefined	undefined	liquid
22.330	27.276	166.64	0.0060010	-0.031854	-0.027307	-1.2892	17.130	28.084	907.56	-0.0069687	undefined	undefined	liquid
22.330	27.282	166.64	0.0060010	-0.031854	-0.027307	-1.2892	17.130	28.084	907.56	-0.0069687	undefined	undefined	liquid
22.330	27.287	166.64	0.0060010	-0.031854	-0.027306	-1.2892	17.130	28.084	907.56	-0.0069687	undefined	undefined	liquid
22.330	27.293	166.64	0.0060010	-0.031855	-0.027306	-1.2892	17.130	28.084	907.56	-0.0069688	undefined	undefined	liquid
22.330	27.298	166.64	0.0060010	-0.031855	-0.027305	-1.2892	17.130	28.084	907.56	-0.0069688	undefined	undefined	liquid
22.330	27.304	166.64	0.0060010	-0.031855	-0.027304	-1.2892	17.130	28.084	907.57	-0.0069688	undefined	undefined	liquid
22.330	27.309	166.64	0.0060010	-0.031856	-0.027304	-1.2892	17.130	28.084	907.57	-0.0069688	undefined	undefined	liquid
22.330	27.315	166.64	0.0060010	-0.031856	-0.027303	-1.2893	17.130	28.083	907.57	-0.0069688	undefined	undefined	liquid
22.330	27.320	166.64	0.0060010	-0.031856	-0.027303	-1.2893	17.130	28.083	907.57	-0.0069688	undefined	undefined	liquid
22.330	27.326	166.64	0.0060010	-0.031856	-0.027302	-1.2893	17.130	28.083	907.57	-0.0069689	undefined	undefined	liquid
22.330	27.331	166.64	0.0060010	-0.031857	-0.027301	-1.2893	17.130	28.083	907.57	-0.0069689	undefined	undefined	liquid
22.330	27.337	166.64	0.0060010	-0.031857	-0.027301	-1.2893	17.130	28.083	907.57	-0.0069689	undefined	undefined	liquid
22.330	27.342	166.64	0.0060010	-0.031857	-0.027300	-1.2893	17.130	28.083	907.57	-0.0069689	undefined	undefined	liquid
22.330	27.348	166.64	0.0060010	-0.031858	-0.027300	-1.2893	17.130	28.083	907.57	-0.0069689	undefined	undefined	liquid
22.330	27.353	166.64	0.0060010	-0.031858	-0.027299	-1.2894	17.130	28.083	907.57	-0.0069689	undefined	undefined	liquid
22.330	27.359	166.64	0.0060010	-0.031858	-0.027298	-1.2894	17.130	28.083	907.57	-0.0069690	undefined	undefined	liquid
22.330	27.364	166.64	0.0060010	-0.031859	-0.027298	-1.2894	17.130	28.083	907.57	-0.0069690	undefined	undefined	liquid
22.330	27.370	166.64	0.0060010	-0.031859	-0.027297	-1.2894	17.130	28.083	907.57	-0.0069690	undefined	undefined	liquid
22.330	27.375	166.64	0.0060010	-0.031859	-0.027297	-1.2894	17.130	28.083	907.57	-0.0069690	undefined	undefined	liquid
22.330	27.381	166.64	0.0060010	-0.031860	-0.027296	-1.2894	17.130	28.083	907.57	-0.0069690	undefined	undefined	liquid
22.330	27.386	166.64	0.0060010	-0.031860	-0.027296	-1.2894	17.130	28.083	907.58	-0.0069690	undefined	undefined	liquid
22.330	27.392	166.64	0.0060010	-0.031860	-0.027295	-1.2895	17.130	28.083	907.58	-0.0069691	undefined	undefined	liquid
22.330	27.397	166.64	0.0060010	-0.031861	-0.027294	-1.2895	17.130	28.083	907.58	-0.0069691	undefined	undefined	liquid
22.330	27.403	166.64	0.0060010	-0.031861	-0.027294	-1.2895	17.130	28.083	907.58	-0.0069691	undefined	undefined	liquid
22.330	27.408	166.64	0.0060010	-0.031861	-0.027293	-1.2895	17.130	28.083	907.58	-0.0069691	undefined	undefined	liquid
22.330	27.414	166.64	0.0060010	-0.031862	-0.027293	-1.2895	17.130	28.083	907.58	-0.0069691	undefined	undefined	liquid
22.330	27.419	166.64	0.0060010	-0.031862	-0.027292	-1.2895	17.130	28.083	907.58	-0.0069691	undefined	undefined	liquid
22.330	27.425	166.64	0.0060010	-0.031862	-0.027291	-1.2895	17.130	28.083	907.58	-0.0069692	undefined	undefined	liquid
22.330	27.430	166.64	0.0060010	-0.031862	-0.027291	-1.2896	17.130	28.083	907.58	-0.0069692	undefined	undefined	liquid
22.330	27.436	166.64	0.0060009	-0.031863	-0.027290	-1.2896	17.130	28.083	907.58	-0.0069692	undefined	undefined	liquid
22.330	27.441	166.64	0.0060009	-0.031863	-0.027290	-1.2896	17.130	28.083	907.58	-0.0069692	undefined	undefined	liquid
22.330	27.447	166.64	0.0060009	-0.031863	-0.027289	-1.2896	17.130	28.083	907.58	-0.0069692	undefined	undefined	liquid
22.330	27.452	166.64	0.0060009	-0.031864	-0.027288	-1.2896	17.130	28.083	907.58	-0.0069693	undefined	undefined	liquid
22.330	27.458	166.64	0.0060009	-0.031864	-0.027288	-1.2896	17.130	28.083	907.58	-0.0069693	undefined	undefined	liquid
22.330	27.463	166.64	0.0060009	-0.031864	-0.027287	-1.2896	17.130	28.083	907.58	-0.0069693	undefined	undefined	liquid
22.330	27.469	166.64	0.0060009	-0.031865	-0.027287	-1.2897	17.130	28.083	907.59	-0.0069693	undefined	undefined	liquid
22.330	27.474	166.64	0.0060009	-0.031865	-0.027286	-1.2897	17.130	28.083	907.59	-0.0069693	undefined	undefined	liquid
22.330	27.480	166.64	0.0060009	-0.031865	-0.027285	-1.2897	17.130	28.083	907.59	-0.0069693	undefined	undefined	liquid
22.330	27.485	166.64	0.0060009	-0.031866	-0.027285	-1.2897	17.130	28.083	907.59	-0.0069694	undefined	undefined	liquid
22.330	27.491	166.64	0.0060009	-0.031866	-0.027284	-1.2897	17.130	28.082	907.59	-0.0069694	undefined	undefined	liquid
22.330	27.496	166.64	0.0060009	-0.031866	-0.027284	-1.2897	17.130	28.082	907.59	-0.0069694	undefined	undefined	liquid
22.330	27.502	166.64	0.0060009	-0.031867	-0.027283	-1.2897	17.130	28.082	907.59	-0.0069694	undefined	undefined	liquid
22.330	27.507	166.64	0.0060009	-0.031867	-0.027282	-1.2898	17.130	28.082	907.59	-0.0069694	undefined	undefined	liquid
22.330	27.513	166.64	0.0060009	-0.031867	-0.027282	-1.2898	17.130	28.082	907.59	-0.0069694	undefined	undefined	liquid
22.330	27.518	166.64	0.0060009	-0.031868	-0.027281	-1.2898	17.130	28.082	907.59	-0.0069695	undefined	undefined	liquid
22.330	27.524	166.64	0.0060009	-0.031868	-0.027281	-1.2898	17.130	28.082	907.59	-0.0069695	undefined	undefined	liquid
22.330	27.529	166.64	0.0060009	-0.031868	-0.027280	-1.2898	17.130	28.082	907.59	-0.0069695	undefined	undefined	liquid
22.330	27.535	166.64	0.0060009	-0.031869	-0.027279	-1.2898	17.130	28.082	907.59	-0.0069695	undefined	undefined	liquid
22.330	27.540	166.64	0.0060009	-0.031869	-0.027279	-1.2898	17.130	28.082	907.59	-0.0069695	undefined	undefined	liquid
22.330	27.546	166.64	0.0060009	-0.031869	-0.027278	-1.2899	17.130	28.082	907.60	-0.0069695	undefined	undefined	liquid
22.330	27.551	166.64	0.0060009	-0.031869	-0.027278	-1.2899	17.130	28.082	907.60	-0.0069696	undefined	undefined	liquid
22.330	27.557	166.64	0.0060009	-0.031870	-0.027277	-1.2899	17.130	28.082	907.60	-0.0069696	undefined	undefined	liquid
22.330	27.562	166.64	0.0060009	-0.031870	-0.027276	-1.2899	17.130	28.082	907.60	-0.0069696	undefined	undefined	liquid
22.330	27.568	166.64	0.0060009	-0.031870	-0.027276	-1.2899	17.130	28.082	907.60	-0.0069696	undefined	undefined	liquid
22.330	27.573	166.64	0.0060009	-0.031871	-0.027275	-1.2899	17.130	28.082	907.60	-0.0069696	undefined	undefined	liquid
22.330	27.579	166.64	0.0060009	-0.031871	-0.027275	-1.2899	17.130	28.082	907.60	-0.0069696	undefined	undefined	liquid
22.330	27.584	166.64	0.0060009	-0.031871	-0.027274	-1.2900	17.130	28.082	907.60	-0.0069697	undefined	undefined	liquid
22.330	27.590	166.64	0.0060009	-0.031872	-0.027273	-1.2900	17.130	28.082	907.60	-0.0069697	undefined	undefined	liquid
22.330	27.595	166.64	0.0060009	-0.031872	-0.027273	-1.2900	17.130	28.082	907.60	-0.0069697	undefined	undefined	liquid
22.330	27.601	166.64	0.0060009	-0.031872	-0.027272	-1.2900	17.130	28.082	907.60	-0.0069697	undefined	undefined	liquid
22.330	27.606	166.64	0.0060009	-0.031873	-0.027272	-1.2900	17.130	28.082	907.60	-0.0069697	undefined	undefined	liquid
22.330	27.612	166.64	0.0060009	-0.031873	-0.027271	-1.2900	17.130	28.082	907.60	-0.0069697	undefined	undefined	liquid
22.330	27.617	166.64	0.0060009	-0.031873	-0.027270	-1.2900	17.130	28.082	907.60	-0.0069698	undefined	undefined	liquid
22.330	27.623	166.64	0.0060009	-0.031874	-0.027270	-1.2901	17.130	28.082	907.60	-0.0069698	undefined	undefined	liquid
22.330	27.628	166.64	0.0060009	-0.031874	-0.027269	-1.2901	17.130	28.082	907.61	-0.0069698	undefined	undefined	liquid
22.330	27.634	166.64	0.0060009	-0.031874	-0.027269	-1.2901	17.130	28.082	907.61	-0.0069698	undefined	undefined	liquid
22.330	27.639	166.64	0.0060008	-0.031875	-0.027268	-1.2901	17.130	28.082	907.61	-0.0069698	undefined	undefined	liquid
22.330	27.645	166.64	0.0060008	-0.031875	-0.027267	-1.2901	17.130	28.082	907.61	-0.0069698	undefined	undefined	liquid
22.330	27.650	166.64	0.0060008	-0.031875	-0.027267	-1.2901	17.130	28.082	907.61	-0.0069699	undefined	undefined	liquid
22.330	27.656	166.64	0.0060008	-0.031875	-0.027266	-1.2901	17.130	28.082	907.61	-0.0069699	undefined	undefined	liquid
22.330	27.661	166.64	0.0060008	-0.031876	-0.027266	-1.2902	17.130	28.082	907.61	-0.0069699	undefined	undefined	liquid
22.330	27.667	166.64	0.0060008	-0.031876	-0.027265	-1.2902	17.130	28.082	907.61	-0.0069699	undefined	undefined	liquid
22.330	27.672	166.64	0.0060008	-0.031876	-0.027264	-1.2902	17.130	28.081	907.61	-0.0069699	undefined	undefined	liquid
22.330	27.678	166.64	0.0060008	-0.031877	-0.027264	-1.2902	17.130	28.081	907.61	-0.0069699	undefined	undefined	liquid
22.330	27.683	166.64	0.0060008	-0.031877	-0.027263	-1.2902	17.131	28.081	907.61	-0.0069700	undefined	undefined	liquid
22.330	27.689	166.64	0.0060008	-0.031877	-0.027263	-1.2902	17.131	28.081	907.61	-0.0069700	undefined	undefined	liquid
22.330	27.694	166.64	0.0060008	-0.031878	-0.027262	-1.2902	17.131	28.081	907.61	-0.0069700	undefined	undefined	liquid
22.330	27.700	166.64	0.0060008	-0.031878	-0.027261	-1.2903	17.131	28.081	907.61	-0.0069700	undefined	undefined	liquid
