Temperature (K)	Pressure (psia)	Density (kg/m3)	Volume (m3/kg)	Internal Energy (kJ/mol)	Enthalpy (kJ/mol)	Entropy (J/mol*K)	Cv (J/mol*K)	Cp (J/mol*K)	Sound Spd. (m/s)	Joule-Thomson (F/psia)	Viscosity (uPa*s)	Therm. Cond. (W/m*K)	Phase
22.150	24.400	167.06	0.0059857	-0.036695	-0.032639	-1.5074	16.900	27.665	914.51	-0.0071348	undefined	undefined	liquid
22.150	24.404	167.06	0.0059857	-0.036696	-0.032639	-1.5074	16.900	27.665	914.51	-0.0071348	undefined	undefined	liquid
22.150	24.408	167.06	0.0059857	-0.036696	-0.032638	-1.5074	16.900	27.665	914.52	-0.0071348	undefined	undefined	liquid
22.150	24.413	167.06	0.0059857	-0.036696	-0.032638	-1.5074	16.900	27.665	914.52	-0.0071348	undefined	undefined	liquid
22.150	24.417	167.06	0.0059857	-0.036696	-0.032637	-1.5074	16.900	27.665	914.52	-0.0071349	undefined	undefined	liquid
22.150	24.421	167.06	0.0059857	-0.036697	-0.032637	-1.5074	16.900	27.665	914.52	-0.0071349	undefined	undefined	liquid
22.150	24.425	167.06	0.0059857	-0.036697	-0.032636	-1.5074	16.900	27.665	914.52	-0.0071349	undefined	undefined	liquid
22.150	24.429	167.06	0.0059857	-0.036697	-0.032636	-1.5074	16.900	27.665	914.52	-0.0071349	undefined	undefined	liquid
22.150	24.434	167.06	0.0059857	-0.036697	-0.032635	-1.5074	16.900	27.665	914.52	-0.0071349	undefined	undefined	liquid
22.150	24.438	167.06	0.0059857	-0.036698	-0.032635	-1.5074	16.900	27.665	914.52	-0.0071349	undefined	undefined	liquid
22.150	24.442	167.06	0.0059857	-0.036698	-0.032634	-1.5075	16.900	27.664	914.52	-0.0071349	undefined	undefined	liquid
22.150	24.446	167.06	0.0059857	-0.036698	-0.032634	-1.5075	16.900	27.664	914.52	-0.0071350	undefined	undefined	liquid
22.150	24.450	167.06	0.0059857	-0.036698	-0.032633	-1.5075	16.900	27.664	914.52	-0.0071350	undefined	undefined	liquid
22.150	24.455	167.06	0.0059857	-0.036698	-0.032633	-1.5075	16.900	27.664	914.52	-0.0071350	undefined	undefined	liquid
22.150	24.459	167.06	0.0059857	-0.036699	-0.032633	-1.5075	16.900	27.664	914.52	-0.0071350	undefined	undefined	liquid
22.150	24.463	167.06	0.0059857	-0.036699	-0.032632	-1.5075	16.900	27.664	914.52	-0.0071350	undefined	undefined	liquid
22.150	24.467	167.06	0.0059857	-0.036699	-0.032632	-1.5075	16.900	27.664	914.52	-0.0071350	undefined	undefined	liquid
22.150	24.471	167.06	0.0059857	-0.036699	-0.032631	-1.5075	16.900	27.664	914.52	-0.0071350	undefined	undefined	liquid
22.150	24.476	167.06	0.0059857	-0.036700	-0.032631	-1.5075	16.900	27.664	914.52	-0.0071350	undefined	undefined	liquid
22.150	24.480	167.06	0.0059857	-0.036700	-0.032630	-1.5076	16.900	27.664	914.52	-0.0071351	undefined	undefined	liquid
22.150	24.484	167.06	0.0059857	-0.036700	-0.032630	-1.5076	16.900	27.664	914.53	-0.0071351	undefined	undefined	liquid
22.150	24.488	167.06	0.0059857	-0.036700	-0.032629	-1.5076	16.900	27.664	914.53	-0.0071351	undefined	undefined	liquid
22.150	24.492	167.06	0.0059857	-0.036701	-0.032629	-1.5076	16.900	27.664	914.53	-0.0071351	undefined	undefined	liquid
22.150	24.497	167.06	0.0059857	-0.036701	-0.032628	-1.5076	16.900	27.664	914.53	-0.0071351	undefined	undefined	liquid
22.150	24.501	167.06	0.0059857	-0.036701	-0.032628	-1.5076	16.900	27.664	914.53	-0.0071351	undefined	undefined	liquid
22.150	24.505	167.06	0.0059857	-0.036701	-0.032628	-1.5076	16.900	27.664	914.53	-0.0071351	undefined	undefined	liquid
22.150	24.509	167.06	0.0059857	-0.036702	-0.032627	-1.5076	16.900	27.664	914.53	-0.0071352	undefined	undefined	liquid
22.150	24.513	167.07	0.0059857	-0.036702	-0.032627	-1.5076	16.900	27.664	914.53	-0.0071352	undefined	undefined	liquid
22.150	24.518	167.07	0.0059857	-0.036702	-0.032626	-1.5077	16.900	27.664	914.53	-0.0071352	undefined	undefined	liquid
22.150	24.522	167.07	0.0059857	-0.036702	-0.032626	-1.5077	16.900	27.664	914.53	-0.0071352	undefined	undefined	liquid
22.150	24.526	167.07	0.0059857	-0.036702	-0.032625	-1.5077	16.900	27.664	914.53	-0.0071352	undefined	undefined	liquid
22.150	24.530	167.07	0.0059857	-0.036703	-0.032625	-1.5077	16.900	27.664	914.53	-0.0071352	undefined	undefined	liquid
22.150	24.534	167.07	0.0059857	-0.036703	-0.032624	-1.5077	16.900	27.664	914.53	-0.0071352	undefined	undefined	liquid
22.150	24.539	167.07	0.0059857	-0.036703	-0.032624	-1.5077	16.900	27.664	914.53	-0.0071352	undefined	undefined	liquid
22.150	24.543	167.07	0.0059857	-0.036703	-0.032623	-1.5077	16.900	27.664	914.53	-0.0071353	undefined	undefined	liquid
22.150	24.547	167.07	0.0059857	-0.036704	-0.032623	-1.5077	16.900	27.664	914.53	-0.0071353	undefined	undefined	liquid
22.150	24.551	167.07	0.0059857	-0.036704	-0.032622	-1.5077	16.900	27.664	914.53	-0.0071353	undefined	undefined	liquid
22.150	24.555	167.07	0.0059857	-0.036704	-0.032622	-1.5077	16.900	27.664	914.53	-0.0071353	undefined	undefined	liquid
22.150	24.560	167.07	0.0059857	-0.036704	-0.032622	-1.5078	16.900	27.664	914.53	-0.0071353	undefined	undefined	liquid
22.150	24.564	167.07	0.0059857	-0.036705	-0.032621	-1.5078	16.900	27.664	914.54	-0.0071353	undefined	undefined	liquid
22.150	24.568	167.07	0.0059857	-0.036705	-0.032621	-1.5078	16.900	27.664	914.54	-0.0071353	undefined	undefined	liquid
22.150	24.572	167.07	0.0059857	-0.036705	-0.032620	-1.5078	16.900	27.664	914.54	-0.0071354	undefined	undefined	liquid
22.150	24.576	167.07	0.0059857	-0.036705	-0.032620	-1.5078	16.900	27.664	914.54	-0.0071354	undefined	undefined	liquid
22.150	24.581	167.07	0.0059857	-0.036706	-0.032619	-1.5078	16.900	27.664	914.54	-0.0071354	undefined	undefined	liquid
22.150	24.585	167.07	0.0059857	-0.036706	-0.032619	-1.5078	16.900	27.664	914.54	-0.0071354	undefined	undefined	liquid
22.150	24.589	167.07	0.0059857	-0.036706	-0.032618	-1.5078	16.900	27.664	914.54	-0.0071354	undefined	undefined	liquid
22.150	24.593	167.07	0.0059857	-0.036706	-0.032618	-1.5078	16.900	27.664	914.54	-0.0071354	undefined	undefined	liquid
22.150	24.597	167.07	0.0059857	-0.036707	-0.032617	-1.5079	16.900	27.664	914.54	-0.0071354	undefined	undefined	liquid
22.150	24.602	167.07	0.0059856	-0.036707	-0.032617	-1.5079	16.900	27.664	914.54	-0.0071354	undefined	undefined	liquid
22.150	24.606	167.07	0.0059856	-0.036707	-0.032616	-1.5079	16.900	27.664	914.54	-0.0071355	undefined	undefined	liquid
22.150	24.610	167.07	0.0059856	-0.036707	-0.032616	-1.5079	16.900	27.664	914.54	-0.0071355	undefined	undefined	liquid
22.150	24.614	167.07	0.0059856	-0.036707	-0.032616	-1.5079	16.900	27.664	914.54	-0.0071355	undefined	undefined	liquid
22.150	24.618	167.07	0.0059856	-0.036708	-0.032615	-1.5079	16.900	27.664	914.54	-0.0071355	undefined	undefined	liquid
22.150	24.623	167.07	0.0059856	-0.036708	-0.032615	-1.5079	16.900	27.663	914.54	-0.0071355	undefined	undefined	liquid
22.150	24.627	167.07	0.0059856	-0.036708	-0.032614	-1.5079	16.900	27.663	914.54	-0.0071355	undefined	undefined	liquid
22.150	24.631	167.07	0.0059856	-0.036708	-0.032614	-1.5079	16.900	27.663	914.54	-0.0071355	undefined	undefined	liquid
22.150	24.635	167.07	0.0059856	-0.036709	-0.032613	-1.5080	16.900	27.663	914.54	-0.0071356	undefined	undefined	liquid
22.150	24.639	167.07	0.0059856	-0.036709	-0.032613	-1.5080	16.900	27.663	914.54	-0.0071356	undefined	undefined	liquid
22.150	24.644	167.07	0.0059856	-0.036709	-0.032612	-1.5080	16.900	27.663	914.55	-0.0071356	undefined	undefined	liquid
22.150	24.648	167.07	0.0059856	-0.036709	-0.032612	-1.5080	16.900	27.663	914.55	-0.0071356	undefined	undefined	liquid
22.150	24.652	167.07	0.0059856	-0.036710	-0.032611	-1.5080	16.900	27.663	914.55	-0.0071356	undefined	undefined	liquid
22.150	24.656	167.07	0.0059856	-0.036710	-0.032611	-1.5080	16.900	27.663	914.55	-0.0071356	undefined	undefined	liquid
22.150	24.660	167.07	0.0059856	-0.036710	-0.032610	-1.5080	16.900	27.663	914.55	-0.0071356	undefined	undefined	liquid
22.150	24.665	167.07	0.0059856	-0.036710	-0.032610	-1.5080	16.900	27.663	914.55	-0.0071356	undefined	undefined	liquid
22.150	24.669	167.07	0.0059856	-0.036711	-0.032610	-1.5080	16.900	27.663	914.55	-0.0071357	undefined	undefined	liquid
22.150	24.673	167.07	0.0059856	-0.036711	-0.032609	-1.5080	16.900	27.663	914.55	-0.0071357	undefined	undefined	liquid
22.150	24.677	167.07	0.0059856	-0.036711	-0.032609	-1.5081	16.900	27.663	914.55	-0.0071357	undefined	undefined	liquid
22.150	24.681	167.07	0.0059856	-0.036711	-0.032608	-1.5081	16.900	27.663	914.55	-0.0071357	undefined	undefined	liquid
22.150	24.686	167.07	0.0059856	-0.036711	-0.032608	-1.5081	16.900	27.663	914.55	-0.0071357	undefined	undefined	liquid
22.150	24.690	167.07	0.0059856	-0.036712	-0.032607	-1.5081	16.900	27.663	914.55	-0.0071357	undefined	undefined	liquid
22.150	24.694	167.07	0.0059856	-0.036712	-0.032607	-1.5081	16.900	27.663	914.55	-0.0071357	undefined	undefined	liquid
22.150	24.698	167.07	0.0059856	-0.036712	-0.032606	-1.5081	16.900	27.663	914.55	-0.0071358	undefined	undefined	liquid
22.150	24.702	167.07	0.0059856	-0.036712	-0.032606	-1.5081	16.900	27.663	914.55	-0.0071358	undefined	undefined	liquid
22.150	24.707	167.07	0.0059856	-0.036713	-0.032605	-1.5081	16.900	27.663	914.55	-0.0071358	undefined	undefined	liquid
22.150	24.711	167.07	0.0059856	-0.036713	-0.032605	-1.5081	16.900	27.663	914.55	-0.0071358	undefined	undefined	liquid
22.150	24.715	167.07	0.0059856	-0.036713	-0.032604	-1.5082	16.900	27.663	914.55	-0.0071358	undefined	undefined	liquid
22.150	24.719	167.07	0.0059856	-0.036713	-0.032604	-1.5082	16.900	27.663	914.55	-0.0071358	undefined	undefined	liquid
22.150	24.723	167.07	0.0059856	-0.036714	-0.032604	-1.5082	16.900	27.663	914.56	-0.0071358	undefined	undefined	liquid
22.150	24.728	167.07	0.0059856	-0.036714	-0.032603	-1.5082	16.900	27.663	914.56	-0.0071359	undefined	undefined	liquid
22.150	24.732	167.07	0.0059856	-0.036714	-0.032603	-1.5082	16.900	27.663	914.56	-0.0071359	undefined	undefined	liquid
22.150	24.736	167.07	0.0059856	-0.036714	-0.032602	-1.5082	16.900	27.663	914.56	-0.0071359	undefined	undefined	liquid
22.150	24.740	167.07	0.0059856	-0.036715	-0.032602	-1.5082	16.900	27.663	914.56	-0.0071359	undefined	undefined	liquid
22.150	24.744	167.07	0.0059856	-0.036715	-0.032601	-1.5082	16.900	27.663	914.56	-0.0071359	undefined	undefined	liquid
22.150	24.749	167.07	0.0059856	-0.036715	-0.032601	-1.5082	16.900	27.663	914.56	-0.0071359	undefined	undefined	liquid
22.150	24.753	167.07	0.0059856	-0.036715	-0.032600	-1.5083	16.900	27.663	914.56	-0.0071359	undefined	undefined	liquid
22.150	24.757	167.07	0.0059856	-0.036715	-0.032600	-1.5083	16.900	27.663	914.56	-0.0071359	undefined	undefined	liquid
22.150	24.761	167.07	0.0059856	-0.036716	-0.032599	-1.5083	16.900	27.663	914.56	-0.0071360	undefined	undefined	liquid
22.150	24.765	167.07	0.0059856	-0.036716	-0.032599	-1.5083	16.900	27.663	914.56	-0.0071360	undefined	undefined	liquid
22.150	24.770	167.07	0.0059856	-0.036716	-0.032598	-1.5083	16.900	27.663	914.56	-0.0071360	undefined	undefined	liquid
22.150	24.774	167.07	0.0059856	-0.036716	-0.032598	-1.5083	16.900	27.663	914.56	-0.0071360	undefined	undefined	liquid
22.150	24.778	167.07	0.0059856	-0.036717	-0.032598	-1.5083	16.900	27.663	914.56	-0.0071360	undefined	undefined	liquid
22.150	24.782	167.07	0.0059856	-0.036717	-0.032597	-1.5083	16.900	27.663	914.56	-0.0071360	undefined	undefined	liquid
22.150	24.786	167.07	0.0059856	-0.036717	-0.032597	-1.5083	16.900	27.663	914.56	-0.0071360	undefined	undefined	liquid
22.150	24.791	167.07	0.0059856	-0.036717	-0.032596	-1.5083	16.900	27.663	914.56	-0.0071361	undefined	undefined	liquid
22.150	24.795	167.07	0.0059856	-0.036718	-0.032596	-1.5084	16.900	27.663	914.56	-0.0071361	undefined	undefined	liquid
22.150	24.799	167.07	0.0059856	-0.036718	-0.032595	-1.5084	16.900	27.662	914.57	-0.0071361	undefined	undefined	liquid
22.150	24.803	167.07	0.0059856	-0.036718	-0.032595	-1.5084	16.900	27.662	914.57	-0.0071361	undefined	undefined	liquid
22.150	24.807	167.07	0.0059856	-0.036718	-0.032594	-1.5084	16.900	27.662	914.57	-0.0071361	undefined	undefined	liquid
22.150	24.812	167.07	0.0059855	-0.036719	-0.032594	-1.5084	16.900	27.662	914.57	-0.0071361	undefined	undefined	liquid
22.150	24.816	167.07	0.0059855	-0.036719	-0.032593	-1.5084	16.900	27.662	914.57	-0.0071361	undefined	undefined	liquid
22.150	24.820	167.07	0.0059855	-0.036719	-0.032593	-1.5084	16.900	27.662	914.57	-0.0071361	undefined	undefined	liquid
22.150	24.824	167.07	0.0059855	-0.036719	-0.032593	-1.5084	16.900	27.662	914.57	-0.0071362	undefined	undefined	liquid
22.150	24.828	167.07	0.0059855	-0.036719	-0.032592	-1.5084	16.900	27.662	914.57	-0.0071362	undefined	undefined	liquid
22.150	24.833	167.07	0.0059855	-0.036720	-0.032592	-1.5085	16.900	27.662	914.57	-0.0071362	undefined	undefined	liquid
22.150	24.837	167.07	0.0059855	-0.036720	-0.032591	-1.5085	16.900	27.662	914.57	-0.0071362	undefined	undefined	liquid
22.150	24.841	167.07	0.0059855	-0.036720	-0.032591	-1.5085	16.900	27.662	914.57	-0.0071362	undefined	undefined	liquid
22.150	24.845	167.07	0.0059855	-0.036720	-0.032590	-1.5085	16.900	27.662	914.57	-0.0071362	undefined	undefined	liquid
22.150	24.849	167.07	0.0059855	-0.036721	-0.032590	-1.5085	16.900	27.662	914.57	-0.0071362	undefined	undefined	liquid
22.150	24.854	167.07	0.0059855	-0.036721	-0.032589	-1.5085	16.900	27.662	914.57	-0.0071363	undefined	undefined	liquid
22.150	24.858	167.07	0.0059855	-0.036721	-0.032589	-1.5085	16.900	27.662	914.57	-0.0071363	undefined	undefined	liquid
22.150	24.862	167.07	0.0059855	-0.036721	-0.032588	-1.5085	16.900	27.662	914.57	-0.0071363	undefined	undefined	liquid
22.150	24.866	167.07	0.0059855	-0.036722	-0.032588	-1.5085	16.900	27.662	914.57	-0.0071363	undefined	undefined	liquid
22.150	24.870	167.07	0.0059855	-0.036722	-0.032587	-1.5086	16.900	27.662	914.57	-0.0071363	undefined	undefined	liquid
22.150	24.875	167.07	0.0059855	-0.036722	-0.032587	-1.5086	16.900	27.662	914.57	-0.0071363	undefined	undefined	liquid
22.150	24.879	167.07	0.0059855	-0.036722	-0.032587	-1.5086	16.900	27.662	914.58	-0.0071363	undefined	undefined	liquid
22.150	24.883	167.07	0.0059855	-0.036723	-0.032586	-1.5086	16.900	27.662	914.58	-0.0071363	undefined	undefined	liquid
22.150	24.887	167.07	0.0059855	-0.036723	-0.032586	-1.5086	16.900	27.662	914.58	-0.0071364	undefined	undefined	liquid
22.150	24.891	167.07	0.0059855	-0.036723	-0.032585	-1.5086	16.900	27.662	914.58	-0.0071364	undefined	undefined	liquid
22.150	24.896	167.07	0.0059855	-0.036723	-0.032585	-1.5086	16.900	27.662	914.58	-0.0071364	undefined	undefined	liquid
22.150	24.900	167.07	0.0059855	-0.036724	-0.032584	-1.5086	16.900	27.662	914.58	-0.0071364	undefined	undefined	liquid
22.150	24.904	167.07	0.0059855	-0.036724	-0.032584	-1.5086	16.900	27.662	914.58	-0.0071364	undefined	undefined	liquid
22.150	24.908	167.07	0.0059855	-0.036724	-0.032583	-1.5086	16.900	27.662	914.58	-0.0071364	undefined	undefined	liquid
22.150	24.912	167.07	0.0059855	-0.036724	-0.032583	-1.5087	16.900	27.662	914.58	-0.0071364	undefined	undefined	liquid
22.150	24.917	167.07	0.0059855	-0.036724	-0.032582	-1.5087	16.900	27.662	914.58	-0.0071365	undefined	undefined	liquid
22.150	24.921	167.07	0.0059855	-0.036725	-0.032582	-1.5087	16.900	27.662	914.58	-0.0071365	undefined	undefined	liquid
22.150	24.925	167.07	0.0059855	-0.036725	-0.032581	-1.5087	16.900	27.662	914.58	-0.0071365	undefined	undefined	liquid
22.150	24.929	167.07	0.0059855	-0.036725	-0.032581	-1.5087	16.900	27.662	914.58	-0.0071365	undefined	undefined	liquid
22.150	24.933	167.07	0.0059855	-0.036725	-0.032581	-1.5087	16.900	27.662	914.58	-0.0071365	undefined	undefined	liquid
22.150	24.938	167.07	0.0059855	-0.036726	-0.032580	-1.5087	16.901	27.662	914.58	-0.0071365	undefined	undefined	liquid
22.150	24.942	167.07	0.0059855	-0.036726	-0.032580	-1.5087	16.901	27.662	914.58	-0.0071365	undefined	undefined	liquid
22.150	24.946	167.07	0.0059855	-0.036726	-0.032579	-1.5087	16.901	27.662	914.58	-0.0071365	undefined	undefined	liquid
22.150	24.950	167.07	0.0059855	-0.036726	-0.032579	-1.5088	16.901	27.662	914.58	-0.0071366	undefined	undefined	liquid
22.150	24.954	167.07	0.0059855	-0.036727	-0.032578	-1.5088	16.901	27.662	914.58	-0.0071366	undefined	undefined	liquid
22.150	24.959	167.07	0.0059855	-0.036727	-0.032578	-1.5088	16.901	27.662	914.59	-0.0071366	undefined	undefined	liquid
22.150	24.963	167.07	0.0059855	-0.036727	-0.032577	-1.5088	16.901	27.662	914.59	-0.0071366	undefined	undefined	liquid
22.150	24.967	167.07	0.0059855	-0.036727	-0.032577	-1.5088	16.901	27.662	914.59	-0.0071366	undefined	undefined	liquid
22.150	24.971	167.07	0.0059855	-0.036728	-0.032576	-1.5088	16.901	27.662	914.59	-0.0071366	undefined	undefined	liquid
22.150	24.975	167.07	0.0059855	-0.036728	-0.032576	-1.5088	16.901	27.662	914.59	-0.0071366	undefined	undefined	liquid
22.150	24.980	167.07	0.0059855	-0.036728	-0.032575	-1.5088	16.901	27.661	914.59	-0.0071367	undefined	undefined	liquid
22.150	24.984	167.07	0.0059855	-0.036728	-0.032575	-1.5088	16.901	27.661	914.59	-0.0071367	undefined	undefined	liquid
22.150	24.988	167.07	0.0059855	-0.036728	-0.032575	-1.5089	16.901	27.661	914.59	-0.0071367	undefined	undefined	liquid
22.150	24.992	167.07	0.0059855	-0.036729	-0.032574	-1.5089	16.901	27.661	914.59	-0.0071367	undefined	undefined	liquid
22.150	24.996	167.07	0.0059855	-0.036729	-0.032574	-1.5089	16.901	27.661	914.59	-0.0071367	undefined	undefined	liquid
22.150	25.001	167.07	0.0059855	-0.036729	-0.032573	-1.5089	16.901	27.661	914.59	-0.0071367	undefined	undefined	liquid
22.150	25.005	167.07	0.0059855	-0.036729	-0.032573	-1.5089	16.901	27.661	914.59	-0.0071367	undefined	undefined	liquid
22.150	25.009	167.07	0.0059855	-0.036730	-0.032572	-1.5089	16.901	27.661	914.59	-0.0071367	undefined	undefined	liquid
22.150	25.013	167.07	0.0059855	-0.036730	-0.032572	-1.5089	16.901	27.661	914.59	-0.0071368	undefined	undefined	liquid
22.150	25.017	167.07	0.0059854	-0.036730	-0.032571	-1.5089	16.901	27.661	914.59	-0.0071368	undefined	undefined	liquid
22.150	25.022	167.07	0.0059854	-0.036730	-0.032571	-1.5089	16.901	27.661	914.59	-0.0071368	undefined	undefined	liquid
22.150	25.026	167.07	0.0059854	-0.036731	-0.032570	-1.5090	16.901	27.661	914.59	-0.0071368	undefined	undefined	liquid
22.150	25.030	167.07	0.0059854	-0.036731	-0.032570	-1.5090	16.901	27.661	914.59	-0.0071368	undefined	undefined	liquid
22.150	25.034	167.07	0.0059854	-0.036731	-0.032569	-1.5090	16.901	27.661	914.60	-0.0071368	undefined	undefined	liquid
22.150	25.038	167.07	0.0059854	-0.036731	-0.032569	-1.5090	16.901	27.661	914.60	-0.0071368	undefined	undefined	liquid
22.150	25.043	167.07	0.0059854	-0.036732	-0.032569	-1.5090	16.901	27.661	914.60	-0.0071369	undefined	undefined	liquid
22.150	25.047	167.07	0.0059854	-0.036732	-0.032568	-1.5090	16.901	27.661	914.60	-0.0071369	undefined	undefined	liquid
22.150	25.051	167.07	0.0059854	-0.036732	-0.032568	-1.5090	16.901	27.661	914.60	-0.0071369	undefined	undefined	liquid
22.150	25.055	167.07	0.0059854	-0.036732	-0.032567	-1.5090	16.901	27.661	914.60	-0.0071369	undefined	undefined	liquid
22.150	25.059	167.07	0.0059854	-0.036732	-0.032567	-1.5090	16.901	27.661	914.60	-0.0071369	undefined	undefined	liquid
22.150	25.064	167.07	0.0059854	-0.036733	-0.032566	-1.5090	16.901	27.661	914.60	-0.0071369	undefined	undefined	liquid
22.150	25.068	167.07	0.0059854	-0.036733	-0.032566	-1.5091	16.901	27.661	914.60	-0.0071369	undefined	undefined	liquid
22.150	25.072	167.07	0.0059854	-0.036733	-0.032565	-1.5091	16.901	27.661	914.60	-0.0071369	undefined	undefined	liquid
22.150	25.076	167.07	0.0059854	-0.036733	-0.032565	-1.5091	16.901	27.661	914.60	-0.0071370	undefined	undefined	liquid
22.150	25.080	167.07	0.0059854	-0.036734	-0.032564	-1.5091	16.901	27.661	914.60	-0.0071370	undefined	undefined	liquid
22.150	25.085	167.07	0.0059854	-0.036734	-0.032564	-1.5091	16.901	27.661	914.60	-0.0071370	undefined	undefined	liquid
22.150	25.089	167.07	0.0059854	-0.036734	-0.032563	-1.5091	16.901	27.661	914.60	-0.0071370	undefined	undefined	liquid
22.150	25.093	167.07	0.0059854	-0.036734	-0.032563	-1.5091	16.901	27.661	914.60	-0.0071370	undefined	undefined	liquid
22.150	25.097	167.07	0.0059854	-0.036735	-0.032563	-1.5091	16.901	27.661	914.60	-0.0071370	undefined	undefined	liquid
22.150	25.101	167.07	0.0059854	-0.036735	-0.032562	-1.5091	16.901	27.661	914.60	-0.0071370	undefined	undefined	liquid
22.150	25.106	167.07	0.0059854	-0.036735	-0.032562	-1.5092	16.901	27.661	914.60	-0.0071371	undefined	undefined	liquid
22.150	25.110	167.07	0.0059854	-0.036735	-0.032561	-1.5092	16.901	27.661	914.60	-0.0071371	undefined	undefined	liquid
22.150	25.114	167.07	0.0059854	-0.036736	-0.032561	-1.5092	16.901	27.661	914.61	-0.0071371	undefined	undefined	liquid
22.150	25.118	167.07	0.0059854	-0.036736	-0.032560	-1.5092	16.901	27.661	914.61	-0.0071371	undefined	undefined	liquid
22.150	25.122	167.07	0.0059854	-0.036736	-0.032560	-1.5092	16.901	27.661	914.61	-0.0071371	undefined	undefined	liquid
22.150	25.127	167.07	0.0059854	-0.036736	-0.032559	-1.5092	16.901	27.661	914.61	-0.0071371	undefined	undefined	liquid
22.150	25.131	167.07	0.0059854	-0.036736	-0.032559	-1.5092	16.901	27.661	914.61	-0.0071371	undefined	undefined	liquid
22.150	25.135	167.07	0.0059854	-0.036737	-0.032558	-1.5092	16.901	27.661	914.61	-0.0071371	undefined	undefined	liquid
22.150	25.139	167.07	0.0059854	-0.036737	-0.032558	-1.5092	16.901	27.661	914.61	-0.0071372	undefined	undefined	liquid
22.150	25.143	167.07	0.0059854	-0.036737	-0.032557	-1.5093	16.901	27.661	914.61	-0.0071372	undefined	undefined	liquid
22.150	25.148	167.07	0.0059854	-0.036737	-0.032557	-1.5093	16.901	27.661	914.61	-0.0071372	undefined	undefined	liquid
22.150	25.152	167.07	0.0059854	-0.036738	-0.032557	-1.5093	16.901	27.661	914.61	-0.0071372	undefined	undefined	liquid
22.150	25.156	167.07	0.0059854	-0.036738	-0.032556	-1.5093	16.901	27.660	914.61	-0.0071372	undefined	undefined	liquid
22.150	25.160	167.07	0.0059854	-0.036738	-0.032556	-1.5093	16.901	27.660	914.61	-0.0071372	undefined	undefined	liquid
22.150	25.164	167.07	0.0059854	-0.036738	-0.032555	-1.5093	16.901	27.660	914.61	-0.0071372	undefined	undefined	liquid
22.150	25.169	167.07	0.0059854	-0.036739	-0.032555	-1.5093	16.901	27.660	914.61	-0.0071373	undefined	undefined	liquid
22.150	25.173	167.07	0.0059854	-0.036739	-0.032554	-1.5093	16.901	27.660	914.61	-0.0071373	undefined	undefined	liquid
22.150	25.177	167.07	0.0059854	-0.036739	-0.032554	-1.5093	16.901	27.660	914.61	-0.0071373	undefined	undefined	liquid
22.150	25.181	167.07	0.0059854	-0.036739	-0.032553	-1.5093	16.901	27.660	914.61	-0.0071373	undefined	undefined	liquid
22.150	25.185	167.07	0.0059854	-0.036740	-0.032553	-1.5094	16.901	27.660	914.61	-0.0071373	undefined	undefined	liquid
22.150	25.190	167.07	0.0059854	-0.036740	-0.032552	-1.5094	16.901	27.660	914.61	-0.0071373	undefined	undefined	liquid
22.150	25.194	167.07	0.0059854	-0.036740	-0.032552	-1.5094	16.901	27.660	914.62	-0.0071373	undefined	undefined	liquid
22.150	25.198	167.07	0.0059854	-0.036740	-0.032552	-1.5094	16.901	27.660	914.62	-0.0071373	undefined	undefined	liquid
22.150	25.202	167.07	0.0059854	-0.036741	-0.032551	-1.5094	16.901	27.660	914.62	-0.0071374	undefined	undefined	liquid
22.150	25.206	167.07	0.0059854	-0.036741	-0.032551	-1.5094	16.901	27.660	914.62	-0.0071374	undefined	undefined	liquid
22.150	25.211	167.07	0.0059854	-0.036741	-0.032550	-1.5094	16.901	27.660	914.62	-0.0071374	undefined	undefined	liquid
22.150	25.215	167.07	0.0059854	-0.036741	-0.032550	-1.5094	16.901	27.660	914.62	-0.0071374	undefined	undefined	liquid
22.150	25.219	167.07	0.0059854	-0.036741	-0.032549	-1.5094	16.901	27.660	914.62	-0.0071374	undefined	undefined	liquid
22.150	25.223	167.07	0.0059853	-0.036742	-0.032549	-1.5095	16.901	27.660	914.62	-0.0071374	undefined	undefined	liquid
22.150	25.227	167.07	0.0059853	-0.036742	-0.032548	-1.5095	16.901	27.660	914.62	-0.0071374	undefined	undefined	liquid
22.150	25.232	167.07	0.0059853	-0.036742	-0.032548	-1.5095	16.901	27.660	914.62	-0.0071375	undefined	undefined	liquid
22.150	25.236	167.07	0.0059853	-0.036742	-0.032547	-1.5095	16.901	27.660	914.62	-0.0071375	undefined	undefined	liquid
22.150	25.240	167.07	0.0059853	-0.036743	-0.032547	-1.5095	16.901	27.660	914.62	-0.0071375	undefined	undefined	liquid
22.150	25.244	167.07	0.0059853	-0.036743	-0.032546	-1.5095	16.901	27.660	914.62	-0.0071375	undefined	undefined	liquid
22.150	25.248	167.07	0.0059853	-0.036743	-0.032546	-1.5095	16.901	27.660	914.62	-0.0071375	undefined	undefined	liquid
22.150	25.253	167.08	0.0059853	-0.036743	-0.032546	-1.5095	16.901	27.660	914.62	-0.0071375	undefined	undefined	liquid
22.150	25.257	167.08	0.0059853	-0.036744	-0.032545	-1.5095	16.901	27.660	914.62	-0.0071375	undefined	undefined	liquid
22.150	25.261	167.08	0.0059853	-0.036744	-0.032545	-1.5096	16.901	27.660	914.62	-0.0071376	undefined	undefined	liquid
22.150	25.265	167.08	0.0059853	-0.036744	-0.032544	-1.5096	16.901	27.660	914.62	-0.0071376	undefined	undefined	liquid
22.150	25.269	167.08	0.0059853	-0.036744	-0.032544	-1.5096	16.901	27.660	914.63	-0.0071376	undefined	undefined	liquid
22.150	25.274	167.08	0.0059853	-0.036745	-0.032543	-1.5096	16.901	27.660	914.63	-0.0071376	undefined	undefined	liquid
22.150	25.278	167.08	0.0059853	-0.036745	-0.032543	-1.5096	16.901	27.660	914.63	-0.0071376	undefined	undefined	liquid
22.150	25.282	167.08	0.0059853	-0.036745	-0.032542	-1.5096	16.901	27.660	914.63	-0.0071376	undefined	undefined	liquid
22.150	25.286	167.08	0.0059853	-0.036745	-0.032542	-1.5096	16.901	27.660	914.63	-0.0071376	undefined	undefined	liquid
22.150	25.290	167.08	0.0059853	-0.036745	-0.032541	-1.5096	16.901	27.660	914.63	-0.0071376	undefined	undefined	liquid
22.150	25.295	167.08	0.0059853	-0.036746	-0.032541	-1.5096	16.901	27.660	914.63	-0.0071377	undefined	undefined	liquid
22.150	25.299	167.08	0.0059853	-0.036746	-0.032540	-1.5096	16.901	27.660	914.63	-0.0071377	undefined	undefined	liquid
22.150	25.303	167.08	0.0059853	-0.036746	-0.032540	-1.5097	16.901	27.660	914.63	-0.0071377	undefined	undefined	liquid
22.150	25.307	167.08	0.0059853	-0.036746	-0.032540	-1.5097	16.901	27.660	914.63	-0.0071377	undefined	undefined	liquid
22.150	25.311	167.08	0.0059853	-0.036747	-0.032539	-1.5097	16.901	27.660	914.63	-0.0071377	undefined	undefined	liquid
22.150	25.316	167.08	0.0059853	-0.036747	-0.032539	-1.5097	16.901	27.660	914.63	-0.0071377	undefined	undefined	liquid
22.150	25.320	167.08	0.0059853	-0.036747	-0.032538	-1.5097	16.901	27.660	914.63	-0.0071377	undefined	undefined	liquid
22.150	25.324	167.08	0.0059853	-0.036747	-0.032538	-1.5097	16.901	27.660	914.63	-0.0071378	undefined	undefined	liquid
22.150	25.328	167.08	0.0059853	-0.036748	-0.032537	-1.5097	16.901	27.660	914.63	-0.0071378	undefined	undefined	liquid
22.150	25.332	167.08	0.0059853	-0.036748	-0.032537	-1.5097	16.901	27.659	914.63	-0.0071378	undefined	undefined	liquid
22.150	25.337	167.08	0.0059853	-0.036748	-0.032536	-1.5097	16.901	27.659	914.63	-0.0071378	undefined	undefined	liquid
22.150	25.341	167.08	0.0059853	-0.036748	-0.032536	-1.5098	16.901	27.659	914.63	-0.0071378	undefined	undefined	liquid
22.150	25.345	167.08	0.0059853	-0.036749	-0.032535	-1.5098	16.901	27.659	914.63	-0.0071378	undefined	undefined	liquid
22.150	25.349	167.08	0.0059853	-0.036749	-0.032535	-1.5098	16.901	27.659	914.64	-0.0071378	undefined	undefined	liquid
22.150	25.353	167.08	0.0059853	-0.036749	-0.032534	-1.5098	16.901	27.659	914.64	-0.0071378	undefined	undefined	liquid
22.150	25.358	167.08	0.0059853	-0.036749	-0.032534	-1.5098	16.901	27.659	914.64	-0.0071379	undefined	undefined	liquid
22.150	25.362	167.08	0.0059853	-0.036749	-0.032534	-1.5098	16.901	27.659	914.64	-0.0071379	undefined	undefined	liquid
22.150	25.366	167.08	0.0059853	-0.036750	-0.032533	-1.5098	16.901	27.659	914.64	-0.0071379	undefined	undefined	liquid
22.150	25.370	167.08	0.0059853	-0.036750	-0.032533	-1.5098	16.901	27.659	914.64	-0.0071379	undefined	undefined	liquid
22.150	25.374	167.08	0.0059853	-0.036750	-0.032532	-1.5098	16.901	27.659	914.64	-0.0071379	undefined	undefined	liquid
22.150	25.379	167.08	0.0059853	-0.036750	-0.032532	-1.5099	16.901	27.659	914.64	-0.0071379	undefined	undefined	liquid
22.150	25.383	167.08	0.0059853	-0.036751	-0.032531	-1.5099	16.901	27.659	914.64	-0.0071379	undefined	undefined	liquid
22.150	25.387	167.08	0.0059853	-0.036751	-0.032531	-1.5099	16.901	27.659	914.64	-0.0071380	undefined	undefined	liquid
22.150	25.391	167.08	0.0059853	-0.036751	-0.032530	-1.5099	16.901	27.659	914.64	-0.0071380	undefined	undefined	liquid
22.150	25.395	167.08	0.0059853	-0.036751	-0.032530	-1.5099	16.901	27.659	914.64	-0.0071380	undefined	undefined	liquid
22.150	25.400	167.08	0.0059853	-0.036752	-0.032529	-1.5099	16.901	27.659	914.64	-0.0071380	undefined	undefined	liquid
22.150	25.404	167.08	0.0059853	-0.036752	-0.032529	-1.5099	16.901	27.659	914.64	-0.0071380	undefined	undefined	liquid
22.150	25.408	167.08	0.0059853	-0.036752	-0.032528	-1.5099	16.901	27.659	914.64	-0.0071380	undefined	undefined	liquid
22.150	25.412	167.08	0.0059853	-0.036752	-0.032528	-1.5099	16.901	27.659	914.64	-0.0071380	undefined	undefined	liquid
22.150	25.416	167.08	0.0059853	-0.036753	-0.032528	-1.5099	16.901	27.659	914.64	-0.0071380	undefined	undefined	liquid
22.150	25.421	167.08	0.0059853	-0.036753	-0.032527	-1.5100	16.901	27.659	914.64	-0.0071381	undefined	undefined	liquid
22.150	25.425	167.08	0.0059853	-0.036753	-0.032527	-1.5100	16.901	27.659	914.65	-0.0071381	undefined	undefined	liquid
22.150	25.429	167.08	0.0059853	-0.036753	-0.032526	-1.5100	16.901	27.659	914.65	-0.0071381	undefined	undefined	liquid
22.150	25.433	167.08	0.0059852	-0.036753	-0.032526	-1.5100	16.901	27.659	914.65	-0.0071381	undefined	undefined	liquid
22.150	25.437	167.08	0.0059852	-0.036754	-0.032525	-1.5100	16.901	27.659	914.65	-0.0071381	undefined	undefined	liquid
22.150	25.442	167.08	0.0059852	-0.036754	-0.032525	-1.5100	16.901	27.659	914.65	-0.0071381	undefined	undefined	liquid
22.150	25.446	167.08	0.0059852	-0.036754	-0.032524	-1.5100	16.901	27.659	914.65	-0.0071381	undefined	undefined	liquid
22.150	25.450	167.08	0.0059852	-0.036754	-0.032524	-1.5100	16.901	27.659	914.65	-0.0071382	undefined	undefined	liquid
22.150	25.454	167.08	0.0059852	-0.036755	-0.032523	-1.5100	16.901	27.659	914.65	-0.0071382	undefined	undefined	liquid
22.150	25.458	167.08	0.0059852	-0.036755	-0.032523	-1.5101	16.901	27.659	914.65	-0.0071382	undefined	undefined	liquid
22.150	25.463	167.08	0.0059852	-0.036755	-0.032522	-1.5101	16.901	27.659	914.65	-0.0071382	undefined	undefined	liquid
22.150	25.467	167.08	0.0059852	-0.036755	-0.032522	-1.5101	16.901	27.659	914.65	-0.0071382	undefined	undefined	liquid
22.150	25.471	167.08	0.0059852	-0.036756	-0.032522	-1.5101	16.901	27.659	914.65	-0.0071382	undefined	undefined	liquid
22.150	25.475	167.08	0.0059852	-0.036756	-0.032521	-1.5101	16.901	27.659	914.65	-0.0071382	undefined	undefined	liquid
22.150	25.479	167.08	0.0059852	-0.036756	-0.032521	-1.5101	16.901	27.659	914.65	-0.0071382	undefined	undefined	liquid
22.150	25.484	167.08	0.0059852	-0.036756	-0.032520	-1.5101	16.901	27.659	914.65	-0.0071383	undefined	undefined	liquid
22.150	25.488	167.08	0.0059852	-0.036757	-0.032520	-1.5101	16.901	27.659	914.65	-0.0071383	undefined	undefined	liquid
22.150	25.492	167.08	0.0059852	-0.036757	-0.032519	-1.5101	16.901	27.659	914.65	-0.0071383	undefined	undefined	liquid
22.150	25.496	167.08	0.0059852	-0.036757	-0.032519	-1.5102	16.901	27.659	914.65	-0.0071383	undefined	undefined	liquid
22.150	25.500	167.08	0.0059852	-0.036757	-0.032518	-1.5102	16.901	27.659	914.65	-0.0071383	undefined	undefined	liquid
22.150	25.505	167.08	0.0059852	-0.036758	-0.032518	-1.5102	16.901	27.659	914.66	-0.0071383	undefined	undefined	liquid
22.150	25.509	167.08	0.0059852	-0.036758	-0.032517	-1.5102	16.901	27.659	914.66	-0.0071383	undefined	undefined	liquid
22.150	25.513	167.08	0.0059852	-0.036758	-0.032517	-1.5102	16.901	27.658	914.66	-0.0071384	undefined	undefined	liquid
22.150	25.517	167.08	0.0059852	-0.036758	-0.032516	-1.5102	16.901	27.658	914.66	-0.0071384	undefined	undefined	liquid
22.150	25.521	167.08	0.0059852	-0.036758	-0.032516	-1.5102	16.901	27.658	914.66	-0.0071384	undefined	undefined	liquid
22.150	25.526	167.08	0.0059852	-0.036759	-0.032516	-1.5102	16.901	27.658	914.66	-0.0071384	undefined	undefined	liquid
22.150	25.530	167.08	0.0059852	-0.036759	-0.032515	-1.5102	16.901	27.658	914.66	-0.0071384	undefined	undefined	liquid
22.150	25.534	167.08	0.0059852	-0.036759	-0.032515	-1.5102	16.901	27.658	914.66	-0.0071384	undefined	undefined	liquid
22.150	25.538	167.08	0.0059852	-0.036759	-0.032514	-1.5103	16.902	27.658	914.66	-0.0071384	undefined	undefined	liquid
22.150	25.542	167.08	0.0059852	-0.036760	-0.032514	-1.5103	16.902	27.658	914.66	-0.0071384	undefined	undefined	liquid
22.150	25.547	167.08	0.0059852	-0.036760	-0.032513	-1.5103	16.902	27.658	914.66	-0.0071385	undefined	undefined	liquid
22.150	25.551	167.08	0.0059852	-0.036760	-0.032513	-1.5103	16.902	27.658	914.66	-0.0071385	undefined	undefined	liquid
22.150	25.555	167.08	0.0059852	-0.036760	-0.032512	-1.5103	16.902	27.658	914.66	-0.0071385	undefined	undefined	liquid
22.150	25.559	167.08	0.0059852	-0.036761	-0.032512	-1.5103	16.902	27.658	914.66	-0.0071385	undefined	undefined	liquid
22.150	25.563	167.08	0.0059852	-0.036761	-0.032511	-1.5103	16.902	27.658	914.66	-0.0071385	undefined	undefined	liquid
22.150	25.568	167.08	0.0059852	-0.036761	-0.032511	-1.5103	16.902	27.658	914.66	-0.0071385	undefined	undefined	liquid
22.150	25.572	167.08	0.0059852	-0.036761	-0.032511	-1.5103	16.902	27.658	914.66	-0.0071385	undefined	undefined	liquid
22.150	25.576	167.08	0.0059852	-0.036762	-0.032510	-1.5104	16.902	27.658	914.66	-0.0071386	undefined	undefined	liquid
22.150	25.580	167.08	0.0059852	-0.036762	-0.032510	-1.5104	16.902	27.658	914.66	-0.0071386	undefined	undefined	liquid
22.150	25.584	167.08	0.0059852	-0.036762	-0.032509	-1.5104	16.902	27.658	914.67	-0.0071386	undefined	undefined	liquid
22.150	25.589	167.08	0.0059852	-0.036762	-0.032509	-1.5104	16.902	27.658	914.67	-0.0071386	undefined	undefined	liquid
22.150	25.593	167.08	0.0059852	-0.036762	-0.032508	-1.5104	16.902	27.658	914.67	-0.0071386	undefined	undefined	liquid
22.150	25.597	167.08	0.0059852	-0.036763	-0.032508	-1.5104	16.902	27.658	914.67	-0.0071386	undefined	undefined	liquid
22.150	25.601	167.08	0.0059852	-0.036763	-0.032507	-1.5104	16.902	27.658	914.67	-0.0071386	undefined	undefined	liquid
22.150	25.605	167.08	0.0059852	-0.036763	-0.032507	-1.5104	16.902	27.658	914.67	-0.0071386	undefined	undefined	liquid
22.150	25.610	167.08	0.0059852	-0.036763	-0.032506	-1.5104	16.902	27.658	914.67	-0.0071387	undefined	undefined	liquid
22.150	25.614	167.08	0.0059852	-0.036764	-0.032506	-1.5105	16.902	27.658	914.67	-0.0071387	undefined	undefined	liquid
22.150	25.618	167.08	0.0059852	-0.036764	-0.032505	-1.5105	16.902	27.658	914.67	-0.0071387	undefined	undefined	liquid
22.150	25.622	167.08	0.0059852	-0.036764	-0.032505	-1.5105	16.902	27.658	914.67	-0.0071387	undefined	undefined	liquid
22.150	25.626	167.08	0.0059852	-0.036764	-0.032505	-1.5105	16.902	27.658	914.67	-0.0071387	undefined	undefined	liquid
22.150	25.631	167.08	0.0059852	-0.036765	-0.032504	-1.5105	16.902	27.658	914.67	-0.0071387	undefined	undefined	liquid
22.150	25.635	167.08	0.0059852	-0.036765	-0.032504	-1.5105	16.902	27.658	914.67	-0.0071387	undefined	undefined	liquid
22.150	25.639	167.08	0.0059851	-0.036765	-0.032503	-1.5105	16.902	27.658	914.67	-0.0071388	undefined	undefined	liquid
22.150	25.643	167.08	0.0059851	-0.036765	-0.032503	-1.5105	16.902	27.658	914.67	-0.0071388	undefined	undefined	liquid
22.150	25.647	167.08	0.0059851	-0.036766	-0.032502	-1.5105	16.902	27.658	914.67	-0.0071388	undefined	undefined	liquid
22.150	25.652	167.08	0.0059851	-0.036766	-0.032502	-1.5105	16.902	27.658	914.67	-0.0071388	undefined	undefined	liquid
22.150	25.656	167.08	0.0059851	-0.036766	-0.032501	-1.5106	16.902	27.658	914.67	-0.0071388	undefined	undefined	liquid
22.150	25.660	167.08	0.0059851	-0.036766	-0.032501	-1.5106	16.902	27.658	914.68	-0.0071388	undefined	undefined	liquid
22.150	25.664	167.08	0.0059851	-0.036766	-0.032500	-1.5106	16.902	27.658	914.68	-0.0071388	undefined	undefined	liquid
22.150	25.668	167.08	0.0059851	-0.036767	-0.032500	-1.5106	16.902	27.658	914.68	-0.0071388	undefined	undefined	liquid
22.150	25.673	167.08	0.0059851	-0.036767	-0.032499	-1.5106	16.902	27.658	914.68	-0.0071389	undefined	undefined	liquid
22.150	25.677	167.08	0.0059851	-0.036767	-0.032499	-1.5106	16.902	27.658	914.68	-0.0071389	undefined	undefined	liquid
22.150	25.681	167.08	0.0059851	-0.036767	-0.032499	-1.5106	16.902	27.658	914.68	-0.0071389	undefined	undefined	liquid
22.150	25.685	167.08	0.0059851	-0.036768	-0.032498	-1.5106	16.902	27.658	914.68	-0.0071389	undefined	undefined	liquid
22.150	25.689	167.08	0.0059851	-0.036768	-0.032498	-1.5106	16.902	27.657	914.68	-0.0071389	undefined	undefined	liquid
22.150	25.694	167.08	0.0059851	-0.036768	-0.032497	-1.5107	16.902	27.657	914.68	-0.0071389	undefined	undefined	liquid
22.150	25.698	167.08	0.0059851	-0.036768	-0.032497	-1.5107	16.902	27.657	914.68	-0.0071389	undefined	undefined	liquid
22.150	25.702	167.08	0.0059851	-0.036769	-0.032496	-1.5107	16.902	27.657	914.68	-0.0071390	undefined	undefined	liquid
22.150	25.706	167.08	0.0059851	-0.036769	-0.032496	-1.5107	16.902	27.657	914.68	-0.0071390	undefined	undefined	liquid
22.150	25.710	167.08	0.0059851	-0.036769	-0.032495	-1.5107	16.902	27.657	914.68	-0.0071390	undefined	undefined	liquid
22.150	25.715	167.08	0.0059851	-0.036769	-0.032495	-1.5107	16.902	27.657	914.68	-0.0071390	undefined	undefined	liquid
22.150	25.719	167.08	0.0059851	-0.036770	-0.032494	-1.5107	16.902	27.657	914.68	-0.0071390	undefined	undefined	liquid
22.150	25.723	167.08	0.0059851	-0.036770	-0.032494	-1.5107	16.902	27.657	914.68	-0.0071390	undefined	undefined	liquid
22.150	25.727	167.08	0.0059851	-0.036770	-0.032493	-1.5107	16.902	27.657	914.68	-0.0071390	undefined	undefined	liquid
22.150	25.731	167.08	0.0059851	-0.036770	-0.032493	-1.5108	16.902	27.657	914.68	-0.0071390	undefined	undefined	liquid
22.150	25.736	167.08	0.0059851	-0.036770	-0.032493	-1.5108	16.902	27.657	914.68	-0.0071391	undefined	undefined	liquid
22.150	25.740	167.08	0.0059851	-0.036771	-0.032492	-1.5108	16.902	27.657	914.69	-0.0071391	undefined	undefined	liquid
22.150	25.744	167.08	0.0059851	-0.036771	-0.032492	-1.5108	16.902	27.657	914.69	-0.0071391	undefined	undefined	liquid
22.150	25.748	167.08	0.0059851	-0.036771	-0.032491	-1.5108	16.902	27.657	914.69	-0.0071391	undefined	undefined	liquid
22.150	25.752	167.08	0.0059851	-0.036771	-0.032491	-1.5108	16.902	27.657	914.69	-0.0071391	undefined	undefined	liquid
22.150	25.757	167.08	0.0059851	-0.036772	-0.032490	-1.5108	16.902	27.657	914.69	-0.0071391	undefined	undefined	liquid
22.150	25.761	167.08	0.0059851	-0.036772	-0.032490	-1.5108	16.902	27.657	914.69	-0.0071391	undefined	undefined	liquid
22.150	25.765	167.08	0.0059851	-0.036772	-0.032489	-1.5108	16.902	27.657	914.69	-0.0071392	undefined	undefined	liquid
22.150	25.769	167.08	0.0059851	-0.036772	-0.032489	-1.5108	16.902	27.657	914.69	-0.0071392	undefined	undefined	liquid
22.150	25.773	167.08	0.0059851	-0.036773	-0.032488	-1.5109	16.902	27.657	914.69	-0.0071392	undefined	undefined	liquid
22.150	25.778	167.08	0.0059851	-0.036773	-0.032488	-1.5109	16.902	27.657	914.69	-0.0071392	undefined	undefined	liquid
22.150	25.782	167.08	0.0059851	-0.036773	-0.032487	-1.5109	16.902	27.657	914.69	-0.0071392	undefined	undefined	liquid
22.150	25.786	167.08	0.0059851	-0.036773	-0.032487	-1.5109	16.902	27.657	914.69	-0.0071392	undefined	undefined	liquid
22.150	25.790	167.08	0.0059851	-0.036774	-0.032487	-1.5109	16.902	27.657	914.69	-0.0071392	undefined	undefined	liquid
22.150	25.794	167.08	0.0059851	-0.036774	-0.032486	-1.5109	16.902	27.657	914.69	-0.0071393	undefined	undefined	liquid
22.150	25.799	167.08	0.0059851	-0.036774	-0.032486	-1.5109	16.902	27.657	914.69	-0.0071393	undefined	undefined	liquid
22.150	25.803	167.08	0.0059851	-0.036774	-0.032485	-1.5109	16.902	27.657	914.69	-0.0071393	undefined	undefined	liquid
22.150	25.807	167.08	0.0059851	-0.036775	-0.032485	-1.5109	16.902	27.657	914.69	-0.0071393	undefined	undefined	liquid
22.150	25.811	167.08	0.0059851	-0.036775	-0.032484	-1.5110	16.902	27.657	914.69	-0.0071393	undefined	undefined	liquid
22.150	25.815	167.08	0.0059851	-0.036775	-0.032484	-1.5110	16.902	27.657	914.70	-0.0071393	undefined	undefined	liquid
22.150	25.820	167.08	0.0059851	-0.036775	-0.032483	-1.5110	16.902	27.657	914.70	-0.0071393	undefined	undefined	liquid
22.150	25.824	167.08	0.0059851	-0.036775	-0.032483	-1.5110	16.902	27.657	914.70	-0.0071393	undefined	undefined	liquid
22.150	25.828	167.08	0.0059851	-0.036776	-0.032482	-1.5110	16.902	27.657	914.70	-0.0071394	undefined	undefined	liquid
22.150	25.832	167.08	0.0059851	-0.036776	-0.032482	-1.5110	16.902	27.657	914.70	-0.0071394	undefined	undefined	liquid
22.150	25.836	167.08	0.0059851	-0.036776	-0.032481	-1.5110	16.902	27.657	914.70	-0.0071394	undefined	undefined	liquid
22.150	25.841	167.08	0.0059851	-0.036776	-0.032481	-1.5110	16.902	27.657	914.70	-0.0071394	undefined	undefined	liquid
22.150	25.845	167.08	0.0059850	-0.036777	-0.032481	-1.5110	16.902	27.657	914.70	-0.0071394	undefined	undefined	liquid
22.150	25.849	167.08	0.0059850	-0.036777	-0.032480	-1.5111	16.902	27.657	914.70	-0.0071394	undefined	undefined	liquid
22.150	25.853	167.08	0.0059850	-0.036777	-0.032480	-1.5111	16.902	27.657	914.70	-0.0071394	undefined	undefined	liquid
22.150	25.857	167.08	0.0059850	-0.036777	-0.032479	-1.5111	16.902	27.657	914.70	-0.0071395	undefined	undefined	liquid
22.150	25.862	167.08	0.0059850	-0.036778	-0.032479	-1.5111	16.902	27.657	914.70	-0.0071395	undefined	undefined	liquid
22.150	25.866	167.08	0.0059850	-0.036778	-0.032478	-1.5111	16.902	27.657	914.70	-0.0071395	undefined	undefined	liquid
22.150	25.870	167.08	0.0059850	-0.036778	-0.032478	-1.5111	16.902	27.656	914.70	-0.0071395	undefined	undefined	liquid
22.150	25.874	167.08	0.0059850	-0.036778	-0.032477	-1.5111	16.902	27.656	914.70	-0.0071395	undefined	undefined	liquid
22.150	25.878	167.08	0.0059850	-0.036779	-0.032477	-1.5111	16.902	27.656	914.70	-0.0071395	undefined	undefined	liquid
22.150	25.883	167.08	0.0059850	-0.036779	-0.032476	-1.5111	16.902	27.656	914.70	-0.0071395	undefined	undefined	liquid
22.150	25.887	167.08	0.0059850	-0.036779	-0.032476	-1.5111	16.902	27.656	914.70	-0.0071395	undefined	undefined	liquid
22.150	25.891	167.08	0.0059850	-0.036779	-0.032475	-1.5112	16.902	27.656	914.70	-0.0071396	undefined	undefined	liquid
22.150	25.895	167.08	0.0059850	-0.036779	-0.032475	-1.5112	16.902	27.656	914.71	-0.0071396	undefined	undefined	liquid
22.150	25.899	167.08	0.0059850	-0.036780	-0.032475	-1.5112	16.902	27.656	914.71	-0.0071396	undefined	undefined	liquid
22.150	25.904	167.08	0.0059850	-0.036780	-0.032474	-1.5112	16.902	27.656	914.71	-0.0071396	undefined	undefined	liquid
22.150	25.908	167.08	0.0059850	-0.036780	-0.032474	-1.5112	16.902	27.656	914.71	-0.0071396	undefined	undefined	liquid
22.150	25.912	167.08	0.0059850	-0.036780	-0.032473	-1.5112	16.902	27.656	914.71	-0.0071396	undefined	undefined	liquid
22.150	25.916	167.08	0.0059850	-0.036781	-0.032473	-1.5112	16.902	27.656	914.71	-0.0071396	undefined	undefined	liquid
22.150	25.920	167.08	0.0059850	-0.036781	-0.032472	-1.5112	16.902	27.656	914.71	-0.0071397	undefined	undefined	liquid
22.150	25.925	167.08	0.0059850	-0.036781	-0.032472	-1.5112	16.902	27.656	914.71	-0.0071397	undefined	undefined	liquid
22.150	25.929	167.08	0.0059850	-0.036781	-0.032471	-1.5113	16.902	27.656	914.71	-0.0071397	undefined	undefined	liquid
22.150	25.933	167.08	0.0059850	-0.036782	-0.032471	-1.5113	16.902	27.656	914.71	-0.0071397	undefined	undefined	liquid
22.150	25.937	167.08	0.0059850	-0.036782	-0.032470	-1.5113	16.902	27.656	914.71	-0.0071397	undefined	undefined	liquid
22.150	25.941	167.08	0.0059850	-0.036782	-0.032470	-1.5113	16.902	27.656	914.71	-0.0071397	undefined	undefined	liquid
22.150	25.946	167.08	0.0059850	-0.036782	-0.032470	-1.5113	16.902	27.656	914.71	-0.0071397	undefined	undefined	liquid
22.150	25.950	167.08	0.0059850	-0.036783	-0.032469	-1.5113	16.902	27.656	914.71	-0.0071397	undefined	undefined	liquid
22.150	25.954	167.08	0.0059850	-0.036783	-0.032469	-1.5113	16.902	27.656	914.71	-0.0071398	undefined	undefined	liquid
22.150	25.958	167.08	0.0059850	-0.036783	-0.032468	-1.5113	16.902	27.656	914.71	-0.0071398	undefined	undefined	liquid
22.150	25.962	167.08	0.0059850	-0.036783	-0.032468	-1.5113	16.902	27.656	914.71	-0.0071398	undefined	undefined	liquid
22.150	25.967	167.08	0.0059850	-0.036783	-0.032467	-1.5114	16.902	27.656	914.71	-0.0071398	undefined	undefined	liquid
22.150	25.971	167.08	0.0059850	-0.036784	-0.032467	-1.5114	16.902	27.656	914.72	-0.0071398	undefined	undefined	liquid
22.150	25.975	167.08	0.0059850	-0.036784	-0.032466	-1.5114	16.902	27.656	914.72	-0.0071398	undefined	undefined	liquid
22.150	25.979	167.08	0.0059850	-0.036784	-0.032466	-1.5114	16.902	27.656	914.72	-0.0071398	undefined	undefined	liquid
22.150	25.983	167.08	0.0059850	-0.036784	-0.032465	-1.5114	16.902	27.656	914.72	-0.0071399	undefined	undefined	liquid
22.150	25.988	167.08	0.0059850	-0.036785	-0.032465	-1.5114	16.902	27.656	914.72	-0.0071399	undefined	undefined	liquid
22.150	25.992	167.08	0.0059850	-0.036785	-0.032464	-1.5114	16.902	27.656	914.72	-0.0071399	undefined	undefined	liquid
22.150	25.996	167.09	0.0059850	-0.036785	-0.032464	-1.5114	16.902	27.656	914.72	-0.0071399	undefined	undefined	liquid
22.150	26.000	167.09	0.0059850	-0.036785	-0.032464	-1.5114	16.902	27.656	914.72	-0.0071399	undefined	undefined	liquid
22.150	26.004	167.09	0.0059850	-0.036786	-0.032463	-1.5114	16.902	27.656	914.72	-0.0071399	undefined	undefined	liquid
22.150	26.009	167.09	0.0059850	-0.036786	-0.032463	-1.5115	16.902	27.656	914.72	-0.0071399	undefined	undefined	liquid
22.150	26.013	167.09	0.0059850	-0.036786	-0.032462	-1.5115	16.902	27.656	914.72	-0.0071399	undefined	undefined	liquid
22.150	26.017	167.09	0.0059850	-0.036786	-0.032462	-1.5115	16.902	27.656	914.72	-0.0071400	undefined	undefined	liquid
22.150	26.021	167.09	0.0059850	-0.036787	-0.032461	-1.5115	16.902	27.656	914.72	-0.0071400	undefined	undefined	liquid
22.150	26.025	167.09	0.0059850	-0.036787	-0.032461	-1.5115	16.902	27.656	914.72	-0.0071400	undefined	undefined	liquid
22.150	26.030	167.09	0.0059850	-0.036787	-0.032460	-1.5115	16.902	27.656	914.72	-0.0071400	undefined	undefined	liquid
22.150	26.034	167.09	0.0059850	-0.036787	-0.032460	-1.5115	16.902	27.656	914.72	-0.0071400	undefined	undefined	liquid
22.150	26.038	167.09	0.0059850	-0.036787	-0.032459	-1.5115	16.902	27.656	914.72	-0.0071400	undefined	undefined	liquid
22.150	26.042	167.09	0.0059850	-0.036788	-0.032459	-1.5115	16.902	27.656	914.72	-0.0071400	undefined	undefined	liquid
22.150	26.046	167.09	0.0059850	-0.036788	-0.032458	-1.5116	16.902	27.655	914.72	-0.0071401	undefined	undefined	liquid
22.150	26.051	167.09	0.0059849	-0.036788	-0.032458	-1.5116	16.902	27.655	914.73	-0.0071401	undefined	undefined	liquid
22.150	26.055	167.09	0.0059849	-0.036788	-0.032458	-1.5116	16.902	27.655	914.73	-0.0071401	undefined	undefined	liquid
22.150	26.059	167.09	0.0059849	-0.036789	-0.032457	-1.5116	16.902	27.655	914.73	-0.0071401	undefined	undefined	liquid
22.150	26.063	167.09	0.0059849	-0.036789	-0.032457	-1.5116	16.902	27.655	914.73	-0.0071401	undefined	undefined	liquid
22.150	26.067	167.09	0.0059849	-0.036789	-0.032456	-1.5116	16.902	27.655	914.73	-0.0071401	undefined	undefined	liquid
22.150	26.072	167.09	0.0059849	-0.036789	-0.032456	-1.5116	16.902	27.655	914.73	-0.0071401	undefined	undefined	liquid
22.150	26.076	167.09	0.0059849	-0.036790	-0.032455	-1.5116	16.902	27.655	914.73	-0.0071401	undefined	undefined	liquid
22.150	26.080	167.09	0.0059849	-0.036790	-0.032455	-1.5116	16.902	27.655	914.73	-0.0071402	undefined	undefined	liquid
22.150	26.084	167.09	0.0059849	-0.036790	-0.032454	-1.5117	16.902	27.655	914.73	-0.0071402	undefined	undefined	liquid
22.150	26.088	167.09	0.0059849	-0.036790	-0.032454	-1.5117	16.902	27.655	914.73	-0.0071402	undefined	undefined	liquid
22.150	26.093	167.09	0.0059849	-0.036791	-0.032453	-1.5117	16.902	27.655	914.73	-0.0071402	undefined	undefined	liquid
22.150	26.097	167.09	0.0059849	-0.036791	-0.032453	-1.5117	16.902	27.655	914.73	-0.0071402	undefined	undefined	liquid
22.150	26.101	167.09	0.0059849	-0.036791	-0.032452	-1.5117	16.902	27.655	914.73	-0.0071402	undefined	undefined	liquid
22.150	26.105	167.09	0.0059849	-0.036791	-0.032452	-1.5117	16.902	27.655	914.73	-0.0071402	undefined	undefined	liquid
22.150	26.109	167.09	0.0059849	-0.036791	-0.032452	-1.5117	16.902	27.655	914.73	-0.0071403	undefined	undefined	liquid
22.150	26.114	167.09	0.0059849	-0.036792	-0.032451	-1.5117	16.902	27.655	914.73	-0.0071403	undefined	undefined	liquid
22.150	26.118	167.09	0.0059849	-0.036792	-0.032451	-1.5117	16.902	27.655	914.73	-0.0071403	undefined	undefined	liquid
22.150	26.122	167.09	0.0059849	-0.036792	-0.032450	-1.5117	16.902	27.655	914.73	-0.0071403	undefined	undefined	liquid
22.150	26.126	167.09	0.0059849	-0.036792	-0.032450	-1.5118	16.902	27.655	914.74	-0.0071403	undefined	undefined	liquid
22.150	26.130	167.09	0.0059849	-0.036793	-0.032449	-1.5118	16.902	27.655	914.74	-0.0071403	undefined	undefined	liquid
22.150	26.135	167.09	0.0059849	-0.036793	-0.032449	-1.5118	16.902	27.655	914.74	-0.0071403	undefined	undefined	liquid
22.150	26.139	167.09	0.0059849	-0.036793	-0.032448	-1.5118	16.903	27.655	914.74	-0.0071403	undefined	undefined	liquid
22.150	26.143	167.09	0.0059849	-0.036793	-0.032448	-1.5118	16.903	27.655	914.74	-0.0071404	undefined	undefined	liquid
22.150	26.147	167.09	0.0059849	-0.036794	-0.032447	-1.5118	16.903	27.655	914.74	-0.0071404	undefined	undefined	liquid
22.150	26.151	167.09	0.0059849	-0.036794	-0.032447	-1.5118	16.903	27.655	914.74	-0.0071404	undefined	undefined	liquid
22.150	26.156	167.09	0.0059849	-0.036794	-0.032446	-1.5118	16.903	27.655	914.74	-0.0071404	undefined	undefined	liquid
22.150	26.160	167.09	0.0059849	-0.036794	-0.032446	-1.5118	16.903	27.655	914.74	-0.0071404	undefined	undefined	liquid
22.150	26.164	167.09	0.0059849	-0.036795	-0.032446	-1.5119	16.903	27.655	914.74	-0.0071404	undefined	undefined	liquid
22.150	26.168	167.09	0.0059849	-0.036795	-0.032445	-1.5119	16.903	27.655	914.74	-0.0071404	undefined	undefined	liquid
22.150	26.172	167.09	0.0059849	-0.036795	-0.032445	-1.5119	16.903	27.655	914.74	-0.0071405	undefined	undefined	liquid
22.150	26.177	167.09	0.0059849	-0.036795	-0.032444	-1.5119	16.903	27.655	914.74	-0.0071405	undefined	undefined	liquid
22.150	26.181	167.09	0.0059849	-0.036796	-0.032444	-1.5119	16.903	27.655	914.74	-0.0071405	undefined	undefined	liquid
22.150	26.185	167.09	0.0059849	-0.036796	-0.032443	-1.5119	16.903	27.655	914.74	-0.0071405	undefined	undefined	liquid
22.150	26.189	167.09	0.0059849	-0.036796	-0.032443	-1.5119	16.903	27.655	914.74	-0.0071405	undefined	undefined	liquid
22.150	26.193	167.09	0.0059849	-0.036796	-0.032442	-1.5119	16.903	27.655	914.74	-0.0071405	undefined	undefined	liquid
22.150	26.198	167.09	0.0059849	-0.036796	-0.032442	-1.5119	16.903	27.655	914.74	-0.0071405	undefined	undefined	liquid
22.150	26.202	167.09	0.0059849	-0.036797	-0.032441	-1.5120	16.903	27.655	914.74	-0.0071405	undefined	undefined	liquid
22.150	26.206	167.09	0.0059849	-0.036797	-0.032441	-1.5120	16.903	27.655	914.75	-0.0071406	undefined	undefined	liquid
22.150	26.210	167.09	0.0059849	-0.036797	-0.032440	-1.5120	16.903	27.655	914.75	-0.0071406	undefined	undefined	liquid
22.150	26.214	167.09	0.0059849	-0.036797	-0.032440	-1.5120	16.903	27.655	914.75	-0.0071406	undefined	undefined	liquid
22.150	26.219	167.09	0.0059849	-0.036798	-0.032440	-1.5120	16.903	27.655	914.75	-0.0071406	undefined	undefined	liquid
22.150	26.223	167.09	0.0059849	-0.036798	-0.032439	-1.5120	16.903	27.655	914.75	-0.0071406	undefined	undefined	liquid
22.150	26.227	167.09	0.0059849	-0.036798	-0.032439	-1.5120	16.903	27.654	914.75	-0.0071406	undefined	undefined	liquid
22.150	26.231	167.09	0.0059849	-0.036798	-0.032438	-1.5120	16.903	27.654	914.75	-0.0071406	undefined	undefined	liquid
22.150	26.235	167.09	0.0059849	-0.036799	-0.032438	-1.5120	16.903	27.654	914.75	-0.0071407	undefined	undefined	liquid
22.150	26.240	167.09	0.0059849	-0.036799	-0.032437	-1.5120	16.903	27.654	914.75	-0.0071407	undefined	undefined	liquid
22.150	26.244	167.09	0.0059849	-0.036799	-0.032437	-1.5121	16.903	27.654	914.75	-0.0071407	undefined	undefined	liquid
22.150	26.248	167.09	0.0059849	-0.036799	-0.032436	-1.5121	16.903	27.654	914.75	-0.0071407	undefined	undefined	liquid
22.150	26.252	167.09	0.0059849	-0.036800	-0.032436	-1.5121	16.903	27.654	914.75	-0.0071407	undefined	undefined	liquid
22.150	26.256	167.09	0.0059849	-0.036800	-0.032435	-1.5121	16.903	27.654	914.75	-0.0071407	undefined	undefined	liquid
22.150	26.261	167.09	0.0059848	-0.036800	-0.032435	-1.5121	16.903	27.654	914.75	-0.0071407	undefined	undefined	liquid
22.150	26.265	167.09	0.0059848	-0.036800	-0.032434	-1.5121	16.903	27.654	914.75	-0.0071408	undefined	undefined	liquid
22.150	26.269	167.09	0.0059848	-0.036800	-0.032434	-1.5121	16.903	27.654	914.75	-0.0071408	undefined	undefined	liquid
22.150	26.273	167.09	0.0059848	-0.036801	-0.032434	-1.5121	16.903	27.654	914.75	-0.0071408	undefined	undefined	liquid
22.150	26.277	167.09	0.0059848	-0.036801	-0.032433	-1.5121	16.903	27.654	914.75	-0.0071408	undefined	undefined	liquid
22.150	26.282	167.09	0.0059848	-0.036801	-0.032433	-1.5122	16.903	27.654	914.76	-0.0071408	undefined	undefined	liquid
22.150	26.286	167.09	0.0059848	-0.036801	-0.032432	-1.5122	16.903	27.654	914.76	-0.0071408	undefined	undefined	liquid
22.150	26.290	167.09	0.0059848	-0.036802	-0.032432	-1.5122	16.903	27.654	914.76	-0.0071408	undefined	undefined	liquid
22.150	26.294	167.09	0.0059848	-0.036802	-0.032431	-1.5122	16.903	27.654	914.76	-0.0071408	undefined	undefined	liquid
22.150	26.298	167.09	0.0059848	-0.036802	-0.032431	-1.5122	16.903	27.654	914.76	-0.0071409	undefined	undefined	liquid
22.150	26.303	167.09	0.0059848	-0.036802	-0.032430	-1.5122	16.903	27.654	914.76	-0.0071409	undefined	undefined	liquid
22.150	26.307	167.09	0.0059848	-0.036803	-0.032430	-1.5122	16.903	27.654	914.76	-0.0071409	undefined	undefined	liquid
22.150	26.311	167.09	0.0059848	-0.036803	-0.032429	-1.5122	16.903	27.654	914.76	-0.0071409	undefined	undefined	liquid
22.150	26.315	167.09	0.0059848	-0.036803	-0.032429	-1.5122	16.903	27.654	914.76	-0.0071409	undefined	undefined	liquid
22.150	26.319	167.09	0.0059848	-0.036803	-0.032428	-1.5123	16.903	27.654	914.76	-0.0071409	undefined	undefined	liquid
22.150	26.324	167.09	0.0059848	-0.036804	-0.032428	-1.5123	16.903	27.654	914.76	-0.0071409	undefined	undefined	liquid
22.150	26.328	167.09	0.0059848	-0.036804	-0.032428	-1.5123	16.903	27.654	914.76	-0.0071410	undefined	undefined	liquid
22.150	26.332	167.09	0.0059848	-0.036804	-0.032427	-1.5123	16.903	27.654	914.76	-0.0071410	undefined	undefined	liquid
22.150	26.336	167.09	0.0059848	-0.036804	-0.032427	-1.5123	16.903	27.654	914.76	-0.0071410	undefined	undefined	liquid
22.150	26.340	167.09	0.0059848	-0.036804	-0.032426	-1.5123	16.903	27.654	914.76	-0.0071410	undefined	undefined	liquid
22.150	26.345	167.09	0.0059848	-0.036805	-0.032426	-1.5123	16.903	27.654	914.76	-0.0071410	undefined	undefined	liquid
22.150	26.349	167.09	0.0059848	-0.036805	-0.032425	-1.5123	16.903	27.654	914.76	-0.0071410	undefined	undefined	liquid
22.150	26.353	167.09	0.0059848	-0.036805	-0.032425	-1.5123	16.903	27.654	914.76	-0.0071410	undefined	undefined	liquid
22.150	26.357	167.09	0.0059848	-0.036805	-0.032424	-1.5123	16.903	27.654	914.77	-0.0071410	undefined	undefined	liquid
22.150	26.361	167.09	0.0059848	-0.036806	-0.032424	-1.5124	16.903	27.654	914.77	-0.0071411	undefined	undefined	liquid
22.150	26.366	167.09	0.0059848	-0.036806	-0.032423	-1.5124	16.903	27.654	914.77	-0.0071411	undefined	undefined	liquid
22.150	26.370	167.09	0.0059848	-0.036806	-0.032423	-1.5124	16.903	27.654	914.77	-0.0071411	undefined	undefined	liquid
22.150	26.374	167.09	0.0059848	-0.036806	-0.032423	-1.5124	16.903	27.654	914.77	-0.0071411	undefined	undefined	liquid
22.150	26.378	167.09	0.0059848	-0.036807	-0.032422	-1.5124	16.903	27.654	914.77	-0.0071411	undefined	undefined	liquid
22.150	26.382	167.09	0.0059848	-0.036807	-0.032422	-1.5124	16.903	27.654	914.77	-0.0071411	undefined	undefined	liquid
22.150	26.387	167.09	0.0059848	-0.036807	-0.032421	-1.5124	16.903	27.654	914.77	-0.0071411	undefined	undefined	liquid
22.150	26.391	167.09	0.0059848	-0.036807	-0.032421	-1.5124	16.903	27.654	914.77	-0.0071412	undefined	undefined	liquid
22.150	26.395	167.09	0.0059848	-0.036808	-0.032420	-1.5124	16.903	27.654	914.77	-0.0071412	undefined	undefined	liquid
22.150	26.399	167.09	0.0059848	-0.036808	-0.032420	-1.5125	16.903	27.654	914.77	-0.0071412	undefined	undefined	liquid
22.150	26.403	167.09	0.0059848	-0.036808	-0.032419	-1.5125	16.903	27.653	914.77	-0.0071412	undefined	undefined	liquid
22.150	26.408	167.09	0.0059848	-0.036808	-0.032419	-1.5125	16.903	27.653	914.77	-0.0071412	undefined	undefined	liquid
22.150	26.412	167.09	0.0059848	-0.036808	-0.032418	-1.5125	16.903	27.653	914.77	-0.0071412	undefined	undefined	liquid
22.150	26.416	167.09	0.0059848	-0.036809	-0.032418	-1.5125	16.903	27.653	914.77	-0.0071412	undefined	undefined	liquid
22.150	26.420	167.09	0.0059848	-0.036809	-0.032417	-1.5125	16.903	27.653	914.77	-0.0071412	undefined	undefined	liquid
22.150	26.424	167.09	0.0059848	-0.036809	-0.032417	-1.5125	16.903	27.653	914.77	-0.0071413	undefined	undefined	liquid
22.150	26.429	167.09	0.0059848	-0.036809	-0.032417	-1.5125	16.903	27.653	914.77	-0.0071413	undefined	undefined	liquid
22.150	26.433	167.09	0.0059848	-0.036810	-0.032416	-1.5125	16.903	27.653	914.77	-0.0071413	undefined	undefined	liquid
22.150	26.437	167.09	0.0059848	-0.036810	-0.032416	-1.5126	16.903	27.653	914.78	-0.0071413	undefined	undefined	liquid
22.150	26.441	167.09	0.0059848	-0.036810	-0.032415	-1.5126	16.903	27.653	914.78	-0.0071413	undefined	undefined	liquid
22.150	26.445	167.09	0.0059848	-0.036810	-0.032415	-1.5126	16.903	27.653	914.78	-0.0071413	undefined	undefined	liquid
22.150	26.450	167.09	0.0059848	-0.036811	-0.032414	-1.5126	16.903	27.653	914.78	-0.0071413	undefined	undefined	liquid
22.150	26.454	167.09	0.0059848	-0.036811	-0.032414	-1.5126	16.903	27.653	914.78	-0.0071414	undefined	undefined	liquid
22.150	26.458	167.09	0.0059848	-0.036811	-0.032413	-1.5126	16.903	27.653	914.78	-0.0071414	undefined	undefined	liquid
22.150	26.462	167.09	0.0059848	-0.036811	-0.032413	-1.5126	16.903	27.653	914.78	-0.0071414	undefined	undefined	liquid
22.150	26.466	167.09	0.0059847	-0.036812	-0.032412	-1.5126	16.903	27.653	914.78	-0.0071414	undefined	undefined	liquid
22.150	26.471	167.09	0.0059847	-0.036812	-0.032412	-1.5126	16.903	27.653	914.78	-0.0071414	undefined	undefined	liquid
22.150	26.475	167.09	0.0059847	-0.036812	-0.032411	-1.5126	16.903	27.653	914.78	-0.0071414	undefined	undefined	liquid
22.150	26.479	167.09	0.0059847	-0.036812	-0.032411	-1.5127	16.903	27.653	914.78	-0.0071414	undefined	undefined	liquid
22.150	26.483	167.09	0.0059847	-0.036812	-0.032411	-1.5127	16.903	27.653	914.78	-0.0071414	undefined	undefined	liquid
22.150	26.487	167.09	0.0059847	-0.036813	-0.032410	-1.5127	16.903	27.653	914.78	-0.0071415	undefined	undefined	liquid
22.150	26.492	167.09	0.0059847	-0.036813	-0.032410	-1.5127	16.903	27.653	914.78	-0.0071415	undefined	undefined	liquid
22.150	26.496	167.09	0.0059847	-0.036813	-0.032409	-1.5127	16.903	27.653	914.78	-0.0071415	undefined	undefined	liquid
22.150	26.500	167.09	0.0059847	-0.036813	-0.032409	-1.5127	16.903	27.653	914.78	-0.0071415	undefined	undefined	liquid
22.150	26.504	167.09	0.0059847	-0.036814	-0.032408	-1.5127	16.903	27.653	914.78	-0.0071415	undefined	undefined	liquid
22.150	26.508	167.09	0.0059847	-0.036814	-0.032408	-1.5127	16.903	27.653	914.78	-0.0071415	undefined	undefined	liquid
22.150	26.513	167.09	0.0059847	-0.036814	-0.032407	-1.5127	16.903	27.653	914.79	-0.0071415	undefined	undefined	liquid
22.150	26.517	167.09	0.0059847	-0.036814	-0.032407	-1.5128	16.903	27.653	914.79	-0.0071416	undefined	undefined	liquid
22.150	26.521	167.09	0.0059847	-0.036815	-0.032406	-1.5128	16.903	27.653	914.79	-0.0071416	undefined	undefined	liquid
22.150	26.525	167.09	0.0059847	-0.036815	-0.032406	-1.5128	16.903	27.653	914.79	-0.0071416	undefined	undefined	liquid
22.150	26.529	167.09	0.0059847	-0.036815	-0.032405	-1.5128	16.903	27.653	914.79	-0.0071416	undefined	undefined	liquid
22.150	26.534	167.09	0.0059847	-0.036815	-0.032405	-1.5128	16.903	27.653	914.79	-0.0071416	undefined	undefined	liquid
22.150	26.538	167.09	0.0059847	-0.036816	-0.032405	-1.5128	16.903	27.653	914.79	-0.0071416	undefined	undefined	liquid
22.150	26.542	167.09	0.0059847	-0.036816	-0.032404	-1.5128	16.903	27.653	914.79	-0.0071416	undefined	undefined	liquid
22.150	26.546	167.09	0.0059847	-0.036816	-0.032404	-1.5128	16.903	27.653	914.79	-0.0071416	undefined	undefined	liquid
22.150	26.550	167.09	0.0059847	-0.036816	-0.032403	-1.5128	16.903	27.653	914.79	-0.0071417	undefined	undefined	liquid
22.150	26.555	167.09	0.0059847	-0.036816	-0.032403	-1.5129	16.903	27.653	914.79	-0.0071417	undefined	undefined	liquid
22.150	26.559	167.09	0.0059847	-0.036817	-0.032402	-1.5129	16.903	27.653	914.79	-0.0071417	undefined	undefined	liquid
22.150	26.563	167.09	0.0059847	-0.036817	-0.032402	-1.5129	16.903	27.653	914.79	-0.0071417	undefined	undefined	liquid
22.150	26.567	167.09	0.0059847	-0.036817	-0.032401	-1.5129	16.903	27.653	914.79	-0.0071417	undefined	undefined	liquid
22.150	26.571	167.09	0.0059847	-0.036817	-0.032401	-1.5129	16.903	27.653	914.79	-0.0071417	undefined	undefined	liquid
22.150	26.576	167.09	0.0059847	-0.036818	-0.032400	-1.5129	16.903	27.653	914.79	-0.0071417	undefined	undefined	liquid
22.150	26.580	167.09	0.0059847	-0.036818	-0.032400	-1.5129	16.903	27.652	914.79	-0.0071418	undefined	undefined	liquid
22.150	26.584	167.09	0.0059847	-0.036818	-0.032399	-1.5129	16.903	27.652	914.79	-0.0071418	undefined	undefined	liquid
22.150	26.588	167.09	0.0059847	-0.036818	-0.032399	-1.5129	16.903	27.652	914.79	-0.0071418	undefined	undefined	liquid
22.150	26.592	167.09	0.0059847	-0.036819	-0.032399	-1.5129	16.903	27.652	914.80	-0.0071418	undefined	undefined	liquid
22.150	26.597	167.09	0.0059847	-0.036819	-0.032398	-1.5130	16.903	27.652	914.80	-0.0071418	undefined	undefined	liquid
22.150	26.601	167.09	0.0059847	-0.036819	-0.032398	-1.5130	16.903	27.652	914.80	-0.0071418	undefined	undefined	liquid
22.150	26.605	167.09	0.0059847	-0.036819	-0.032397	-1.5130	16.903	27.652	914.80	-0.0071418	undefined	undefined	liquid
22.150	26.609	167.09	0.0059847	-0.036820	-0.032397	-1.5130	16.903	27.652	914.80	-0.0071418	undefined	undefined	liquid
22.150	26.613	167.09	0.0059847	-0.036820	-0.032396	-1.5130	16.903	27.652	914.80	-0.0071419	undefined	undefined	liquid
22.150	26.618	167.09	0.0059847	-0.036820	-0.032396	-1.5130	16.903	27.652	914.80	-0.0071419	undefined	undefined	liquid
22.150	26.622	167.09	0.0059847	-0.036820	-0.032395	-1.5130	16.903	27.652	914.80	-0.0071419	undefined	undefined	liquid
22.150	26.626	167.09	0.0059847	-0.036821	-0.032395	-1.5130	16.903	27.652	914.80	-0.0071419	undefined	undefined	liquid
22.150	26.630	167.09	0.0059847	-0.036821	-0.032394	-1.5130	16.903	27.652	914.80	-0.0071419	undefined	undefined	liquid
22.150	26.634	167.09	0.0059847	-0.036821	-0.032394	-1.5131	16.903	27.652	914.80	-0.0071419	undefined	undefined	liquid
22.150	26.639	167.09	0.0059847	-0.036821	-0.032393	-1.5131	16.903	27.652	914.80	-0.0071419	undefined	undefined	liquid
22.150	26.643	167.09	0.0059847	-0.036821	-0.032393	-1.5131	16.903	27.652	914.80	-0.0071420	undefined	undefined	liquid
22.150	26.647	167.09	0.0059847	-0.036822	-0.032393	-1.5131	16.903	27.652	914.80	-0.0071420	undefined	undefined	liquid
22.150	26.651	167.09	0.0059847	-0.036822	-0.032392	-1.5131	16.903	27.652	914.80	-0.0071420	undefined	undefined	liquid
22.150	26.655	167.09	0.0059847	-0.036822	-0.032392	-1.5131	16.903	27.652	914.80	-0.0071420	undefined	undefined	liquid
22.150	26.660	167.09	0.0059847	-0.036822	-0.032391	-1.5131	16.903	27.652	914.80	-0.0071420	undefined	undefined	liquid
22.150	26.664	167.09	0.0059847	-0.036823	-0.032391	-1.5131	16.903	27.652	914.80	-0.0071420	undefined	undefined	liquid
22.150	26.668	167.09	0.0059847	-0.036823	-0.032390	-1.5131	16.903	27.652	914.81	-0.0071420	undefined	undefined	liquid
22.150	26.672	167.09	0.0059846	-0.036823	-0.032390	-1.5132	16.903	27.652	914.81	-0.0071420	undefined	undefined	liquid
22.150	26.676	167.09	0.0059846	-0.036823	-0.032389	-1.5132	16.903	27.652	914.81	-0.0071421	undefined	undefined	liquid
22.150	26.681	167.09	0.0059846	-0.036824	-0.032389	-1.5132	16.903	27.652	914.81	-0.0071421	undefined	undefined	liquid
22.150	26.685	167.09	0.0059846	-0.036824	-0.032388	-1.5132	16.903	27.652	914.81	-0.0071421	undefined	undefined	liquid
22.150	26.689	167.09	0.0059846	-0.036824	-0.032388	-1.5132	16.903	27.652	914.81	-0.0071421	undefined	undefined	liquid
22.150	26.693	167.09	0.0059846	-0.036824	-0.032387	-1.5132	16.903	27.652	914.81	-0.0071421	undefined	undefined	liquid
22.150	26.697	167.09	0.0059846	-0.036825	-0.032387	-1.5132	16.903	27.652	914.81	-0.0071421	undefined	undefined	liquid
22.150	26.702	167.09	0.0059846	-0.036825	-0.032387	-1.5132	16.903	27.652	914.81	-0.0071421	undefined	undefined	liquid
22.150	26.706	167.09	0.0059846	-0.036825	-0.032386	-1.5132	16.903	27.652	914.81	-0.0071422	undefined	undefined	liquid
22.150	26.710	167.09	0.0059846	-0.036825	-0.032386	-1.5132	16.903	27.652	914.81	-0.0071422	undefined	undefined	liquid
22.150	26.714	167.09	0.0059846	-0.036825	-0.032385	-1.5133	16.903	27.652	914.81	-0.0071422	undefined	undefined	liquid
22.150	26.718	167.09	0.0059846	-0.036826	-0.032385	-1.5133	16.903	27.652	914.81	-0.0071422	undefined	undefined	liquid
22.150	26.723	167.09	0.0059846	-0.036826	-0.032384	-1.5133	16.903	27.652	914.81	-0.0071422	undefined	undefined	liquid
22.150	26.727	167.09	0.0059846	-0.036826	-0.032384	-1.5133	16.903	27.652	914.81	-0.0071422	undefined	undefined	liquid
22.150	26.731	167.09	0.0059846	-0.036826	-0.032383	-1.5133	16.903	27.652	914.81	-0.0071422	undefined	undefined	liquid
22.150	26.735	167.10	0.0059846	-0.036827	-0.032383	-1.5133	16.903	27.652	914.81	-0.0071423	undefined	undefined	liquid
22.150	26.739	167.10	0.0059846	-0.036827	-0.032382	-1.5133	16.903	27.652	914.81	-0.0071423	undefined	undefined	liquid
22.150	26.744	167.10	0.0059846	-0.036827	-0.032382	-1.5133	16.904	27.652	914.82	-0.0071423	undefined	undefined	liquid
22.150	26.748	167.10	0.0059846	-0.036827	-0.032381	-1.5133	16.904	27.652	914.82	-0.0071423	undefined	undefined	liquid
22.150	26.752	167.10	0.0059846	-0.036828	-0.032381	-1.5134	16.904	27.652	914.82	-0.0071423	undefined	undefined	liquid
22.150	26.756	167.10	0.0059846	-0.036828	-0.032381	-1.5134	16.904	27.652	914.82	-0.0071423	undefined	undefined	liquid
22.150	26.760	167.10	0.0059846	-0.036828	-0.032380	-1.5134	16.904	27.651	914.82	-0.0071423	undefined	undefined	liquid
22.150	26.765	167.10	0.0059846	-0.036828	-0.032380	-1.5134	16.904	27.651	914.82	-0.0071423	undefined	undefined	liquid
22.150	26.769	167.10	0.0059846	-0.036829	-0.032379	-1.5134	16.904	27.651	914.82	-0.0071424	undefined	undefined	liquid
22.150	26.773	167.10	0.0059846	-0.036829	-0.032379	-1.5134	16.904	27.651	914.82	-0.0071424	undefined	undefined	liquid
22.150	26.777	167.10	0.0059846	-0.036829	-0.032378	-1.5134	16.904	27.651	914.82	-0.0071424	undefined	undefined	liquid
22.150	26.781	167.10	0.0059846	-0.036829	-0.032378	-1.5134	16.904	27.651	914.82	-0.0071424	undefined	undefined	liquid
22.150	26.786	167.10	0.0059846	-0.036829	-0.032377	-1.5134	16.904	27.651	914.82	-0.0071424	undefined	undefined	liquid
22.150	26.790	167.10	0.0059846	-0.036830	-0.032377	-1.5135	16.904	27.651	914.82	-0.0071424	undefined	undefined	liquid
22.150	26.794	167.10	0.0059846	-0.036830	-0.032376	-1.5135	16.904	27.651	914.82	-0.0071424	undefined	undefined	liquid
22.150	26.798	167.10	0.0059846	-0.036830	-0.032376	-1.5135	16.904	27.651	914.82	-0.0071425	undefined	undefined	liquid
22.150	26.802	167.10	0.0059846	-0.036830	-0.032376	-1.5135	16.904	27.651	914.82	-0.0071425	undefined	undefined	liquid
22.150	26.807	167.10	0.0059846	-0.036831	-0.032375	-1.5135	16.904	27.651	914.82	-0.0071425	undefined	undefined	liquid
22.150	26.811	167.10	0.0059846	-0.036831	-0.032375	-1.5135	16.904	27.651	914.82	-0.0071425	undefined	undefined	liquid
22.150	26.815	167.10	0.0059846	-0.036831	-0.032374	-1.5135	16.904	27.651	914.82	-0.0071425	undefined	undefined	liquid
22.150	26.819	167.10	0.0059846	-0.036831	-0.032374	-1.5135	16.904	27.651	914.82	-0.0071425	undefined	undefined	liquid
22.150	26.823	167.10	0.0059846	-0.036832	-0.032373	-1.5135	16.904	27.651	914.83	-0.0071425	undefined	undefined	liquid
22.150	26.828	167.10	0.0059846	-0.036832	-0.032373	-1.5135	16.904	27.651	914.83	-0.0071425	undefined	undefined	liquid
22.150	26.832	167.10	0.0059846	-0.036832	-0.032372	-1.5136	16.904	27.651	914.83	-0.0071426	undefined	undefined	liquid
22.150	26.836	167.10	0.0059846	-0.036832	-0.032372	-1.5136	16.904	27.651	914.83	-0.0071426	undefined	undefined	liquid
22.150	26.840	167.10	0.0059846	-0.036833	-0.032371	-1.5136	16.904	27.651	914.83	-0.0071426	undefined	undefined	liquid
22.150	26.844	167.10	0.0059846	-0.036833	-0.032371	-1.5136	16.904	27.651	914.83	-0.0071426	undefined	undefined	liquid
22.150	26.849	167.10	0.0059846	-0.036833	-0.032370	-1.5136	16.904	27.651	914.83	-0.0071426	undefined	undefined	liquid
22.150	26.853	167.10	0.0059846	-0.036833	-0.032370	-1.5136	16.904	27.651	914.83	-0.0071426	undefined	undefined	liquid
22.150	26.857	167.10	0.0059846	-0.036833	-0.032370	-1.5136	16.904	27.651	914.83	-0.0071426	undefined	undefined	liquid
22.150	26.861	167.10	0.0059846	-0.036834	-0.032369	-1.5136	16.904	27.651	914.83	-0.0071427	undefined	undefined	liquid
22.150	26.865	167.10	0.0059846	-0.036834	-0.032369	-1.5136	16.904	27.651	914.83	-0.0071427	undefined	undefined	liquid
22.150	26.870	167.10	0.0059846	-0.036834	-0.032368	-1.5137	16.904	27.651	914.83	-0.0071427	undefined	undefined	liquid
22.150	26.874	167.10	0.0059846	-0.036834	-0.032368	-1.5137	16.904	27.651	914.83	-0.0071427	undefined	undefined	liquid
22.150	26.878	167.10	0.0059846	-0.036835	-0.032367	-1.5137	16.904	27.651	914.83	-0.0071427	undefined	undefined	liquid
22.150	26.882	167.10	0.0059845	-0.036835	-0.032367	-1.5137	16.904	27.651	914.83	-0.0071427	undefined	undefined	liquid
22.150	26.886	167.10	0.0059845	-0.036835	-0.032366	-1.5137	16.904	27.651	914.83	-0.0071427	undefined	undefined	liquid
22.150	26.891	167.10	0.0059845	-0.036835	-0.032366	-1.5137	16.904	27.651	914.83	-0.0071427	undefined	undefined	liquid
22.150	26.895	167.10	0.0059845	-0.036836	-0.032365	-1.5137	16.904	27.651	914.83	-0.0071428	undefined	undefined	liquid
22.150	26.899	167.10	0.0059845	-0.036836	-0.032365	-1.5137	16.904	27.651	914.84	-0.0071428	undefined	undefined	liquid
22.150	26.903	167.10	0.0059845	-0.036836	-0.032364	-1.5137	16.904	27.651	914.84	-0.0071428	undefined	undefined	liquid
22.150	26.907	167.10	0.0059845	-0.036836	-0.032364	-1.5138	16.904	27.651	914.84	-0.0071428	undefined	undefined	liquid
22.150	26.912	167.10	0.0059845	-0.036837	-0.032364	-1.5138	16.904	27.651	914.84	-0.0071428	undefined	undefined	liquid
22.150	26.916	167.10	0.0059845	-0.036837	-0.032363	-1.5138	16.904	27.651	914.84	-0.0071428	undefined	undefined	liquid
22.150	26.920	167.10	0.0059845	-0.036837	-0.032363	-1.5138	16.904	27.651	914.84	-0.0071428	undefined	undefined	liquid
