Temperature (K)	Pressure (psia)	Density (kg/m3)	Volume (m3/kg)	Internal Energy (kJ/mol)	Enthalpy (kJ/mol)	Entropy (J/mol*K)	Cv (J/mol*K)	Cp (J/mol*K)	Sound Spd. (m/s)	Joule-Thomson (F/psia)	Viscosity (uPa*s)	Therm. Cond. (W/m*K)	Phase
22.190	24.400	166.96	0.0059894	-0.035589	-0.031530	-1.4574	16.950	27.762	912.86	-0.0070953	undefined	undefined	liquid
22.190	24.404	166.96	0.0059894	-0.035590	-0.031530	-1.4574	16.950	27.762	912.86	-0.0070953	undefined	undefined	liquid
22.190	24.408	166.96	0.0059894	-0.035590	-0.031530	-1.4574	16.950	27.762	912.86	-0.0070953	undefined	undefined	liquid
22.190	24.413	166.96	0.0059894	-0.035590	-0.031529	-1.4574	16.950	27.762	912.86	-0.0070953	undefined	undefined	liquid
22.190	24.417	166.96	0.0059894	-0.035590	-0.031529	-1.4574	16.950	27.762	912.86	-0.0070953	undefined	undefined	liquid
22.190	24.421	166.96	0.0059894	-0.035591	-0.031528	-1.4574	16.950	27.762	912.86	-0.0070953	undefined	undefined	liquid
22.190	24.425	166.96	0.0059894	-0.035591	-0.031528	-1.4574	16.950	27.762	912.86	-0.0070953	undefined	undefined	liquid
22.190	24.429	166.96	0.0059894	-0.035591	-0.031527	-1.4574	16.950	27.762	912.86	-0.0070954	undefined	undefined	liquid
22.190	24.434	166.96	0.0059894	-0.035591	-0.031527	-1.4574	16.950	27.762	912.86	-0.0070954	undefined	undefined	liquid
22.190	24.438	166.96	0.0059894	-0.035591	-0.031526	-1.4574	16.950	27.762	912.86	-0.0070954	undefined	undefined	liquid
22.190	24.442	166.96	0.0059894	-0.035592	-0.031526	-1.4575	16.950	27.762	912.86	-0.0070954	undefined	undefined	liquid
22.190	24.446	166.96	0.0059894	-0.035592	-0.031525	-1.4575	16.950	27.762	912.86	-0.0070954	undefined	undefined	liquid
22.190	24.450	166.96	0.0059894	-0.035592	-0.031525	-1.4575	16.950	27.762	912.86	-0.0070954	undefined	undefined	liquid
22.190	24.455	166.96	0.0059894	-0.035592	-0.031525	-1.4575	16.950	27.762	912.86	-0.0070954	undefined	undefined	liquid
22.190	24.459	166.96	0.0059894	-0.035593	-0.031524	-1.4575	16.950	27.762	912.86	-0.0070954	undefined	undefined	liquid
22.190	24.463	166.96	0.0059894	-0.035593	-0.031524	-1.4575	16.950	27.762	912.86	-0.0070955	undefined	undefined	liquid
22.190	24.467	166.96	0.0059894	-0.035593	-0.031523	-1.4575	16.950	27.762	912.86	-0.0070955	undefined	undefined	liquid
22.190	24.471	166.96	0.0059894	-0.035593	-0.031523	-1.4575	16.950	27.762	912.86	-0.0070955	undefined	undefined	liquid
22.190	24.476	166.96	0.0059894	-0.035594	-0.031522	-1.4575	16.950	27.762	912.86	-0.0070955	undefined	undefined	liquid
22.190	24.480	166.96	0.0059894	-0.035594	-0.031522	-1.4576	16.950	27.762	912.87	-0.0070955	undefined	undefined	liquid
22.190	24.484	166.96	0.0059894	-0.035594	-0.031521	-1.4576	16.950	27.762	912.87	-0.0070955	undefined	undefined	liquid
22.190	24.488	166.96	0.0059894	-0.035594	-0.031521	-1.4576	16.950	27.762	912.87	-0.0070955	undefined	undefined	liquid
22.190	24.492	166.96	0.0059894	-0.035595	-0.031520	-1.4576	16.950	27.761	912.87	-0.0070956	undefined	undefined	liquid
22.190	24.497	166.96	0.0059894	-0.035595	-0.031520	-1.4576	16.950	27.761	912.87	-0.0070956	undefined	undefined	liquid
22.190	24.501	166.96	0.0059894	-0.035595	-0.031519	-1.4576	16.950	27.761	912.87	-0.0070956	undefined	undefined	liquid
22.190	24.505	166.96	0.0059894	-0.035595	-0.031519	-1.4576	16.950	27.761	912.87	-0.0070956	undefined	undefined	liquid
22.190	24.509	166.96	0.0059894	-0.035596	-0.031519	-1.4576	16.950	27.761	912.87	-0.0070956	undefined	undefined	liquid
22.190	24.513	166.96	0.0059894	-0.035596	-0.031518	-1.4576	16.950	27.761	912.87	-0.0070956	undefined	undefined	liquid
22.190	24.518	166.96	0.0059894	-0.035596	-0.031518	-1.4577	16.950	27.761	912.87	-0.0070956	undefined	undefined	liquid
22.190	24.522	166.96	0.0059894	-0.035596	-0.031517	-1.4577	16.950	27.761	912.87	-0.0070956	undefined	undefined	liquid
22.190	24.526	166.96	0.0059894	-0.035596	-0.031517	-1.4577	16.950	27.761	912.87	-0.0070957	undefined	undefined	liquid
22.190	24.530	166.96	0.0059894	-0.035597	-0.031516	-1.4577	16.950	27.761	912.87	-0.0070957	undefined	undefined	liquid
22.190	24.534	166.96	0.0059894	-0.035597	-0.031516	-1.4577	16.950	27.761	912.87	-0.0070957	undefined	undefined	liquid
22.190	24.539	166.96	0.0059894	-0.035597	-0.031515	-1.4577	16.950	27.761	912.87	-0.0070957	undefined	undefined	liquid
22.190	24.543	166.96	0.0059894	-0.035597	-0.031515	-1.4577	16.950	27.761	912.87	-0.0070957	undefined	undefined	liquid
22.190	24.547	166.96	0.0059894	-0.035598	-0.031514	-1.4577	16.950	27.761	912.87	-0.0070957	undefined	undefined	liquid
22.190	24.551	166.96	0.0059894	-0.035598	-0.031514	-1.4577	16.950	27.761	912.87	-0.0070957	undefined	undefined	liquid
22.190	24.555	166.96	0.0059894	-0.035598	-0.031513	-1.4577	16.950	27.761	912.87	-0.0070958	undefined	undefined	liquid
22.190	24.560	166.96	0.0059894	-0.035598	-0.031513	-1.4578	16.950	27.761	912.88	-0.0070958	undefined	undefined	liquid
22.190	24.564	166.96	0.0059894	-0.035599	-0.031513	-1.4578	16.950	27.761	912.88	-0.0070958	undefined	undefined	liquid
22.190	24.568	166.96	0.0059894	-0.035599	-0.031512	-1.4578	16.950	27.761	912.88	-0.0070958	undefined	undefined	liquid
22.190	24.572	166.96	0.0059894	-0.035599	-0.031512	-1.4578	16.950	27.761	912.88	-0.0070958	undefined	undefined	liquid
22.190	24.576	166.96	0.0059893	-0.035599	-0.031511	-1.4578	16.950	27.761	912.88	-0.0070958	undefined	undefined	liquid
22.190	24.581	166.96	0.0059893	-0.035600	-0.031511	-1.4578	16.951	27.761	912.88	-0.0070958	undefined	undefined	liquid
22.190	24.585	166.96	0.0059893	-0.035600	-0.031510	-1.4578	16.951	27.761	912.88	-0.0070958	undefined	undefined	liquid
22.190	24.589	166.96	0.0059893	-0.035600	-0.031510	-1.4578	16.951	27.761	912.88	-0.0070959	undefined	undefined	liquid
22.190	24.593	166.96	0.0059893	-0.035600	-0.031509	-1.4578	16.951	27.761	912.88	-0.0070959	undefined	undefined	liquid
22.190	24.597	166.96	0.0059893	-0.035601	-0.031509	-1.4579	16.951	27.761	912.88	-0.0070959	undefined	undefined	liquid
22.190	24.602	166.96	0.0059893	-0.035601	-0.031508	-1.4579	16.951	27.761	912.88	-0.0070959	undefined	undefined	liquid
22.190	24.606	166.96	0.0059893	-0.035601	-0.031508	-1.4579	16.951	27.761	912.88	-0.0070959	undefined	undefined	liquid
22.190	24.610	166.96	0.0059893	-0.035601	-0.031508	-1.4579	16.951	27.761	912.88	-0.0070959	undefined	undefined	liquid
22.190	24.614	166.96	0.0059893	-0.035601	-0.031507	-1.4579	16.951	27.761	912.88	-0.0070959	undefined	undefined	liquid
22.190	24.618	166.96	0.0059893	-0.035602	-0.031507	-1.4579	16.951	27.761	912.88	-0.0070960	undefined	undefined	liquid
22.190	24.623	166.96	0.0059893	-0.035602	-0.031506	-1.4579	16.951	27.761	912.88	-0.0070960	undefined	undefined	liquid
22.190	24.627	166.96	0.0059893	-0.035602	-0.031506	-1.4579	16.951	27.761	912.88	-0.0070960	undefined	undefined	liquid
22.190	24.631	166.96	0.0059893	-0.035602	-0.031505	-1.4579	16.951	27.761	912.88	-0.0070960	undefined	undefined	liquid
22.190	24.635	166.96	0.0059893	-0.035603	-0.031505	-1.4580	16.951	27.761	912.88	-0.0070960	undefined	undefined	liquid
22.190	24.639	166.96	0.0059893	-0.035603	-0.031504	-1.4580	16.951	27.761	912.89	-0.0070960	undefined	undefined	liquid
22.190	24.644	166.96	0.0059893	-0.035603	-0.031504	-1.4580	16.951	27.761	912.89	-0.0070960	undefined	undefined	liquid
22.190	24.648	166.96	0.0059893	-0.035603	-0.031503	-1.4580	16.951	27.761	912.89	-0.0070960	undefined	undefined	liquid
22.190	24.652	166.96	0.0059893	-0.035604	-0.031503	-1.4580	16.951	27.761	912.89	-0.0070961	undefined	undefined	liquid
22.190	24.656	166.96	0.0059893	-0.035604	-0.031502	-1.4580	16.951	27.761	912.89	-0.0070961	undefined	undefined	liquid
22.190	24.660	166.96	0.0059893	-0.035604	-0.031502	-1.4580	16.951	27.761	912.89	-0.0070961	undefined	undefined	liquid
22.190	24.665	166.96	0.0059893	-0.035604	-0.031502	-1.4580	16.951	27.761	912.89	-0.0070961	undefined	undefined	liquid
22.190	24.669	166.96	0.0059893	-0.035605	-0.031501	-1.4580	16.951	27.761	912.89	-0.0070961	undefined	undefined	liquid
22.190	24.673	166.96	0.0059893	-0.035605	-0.031501	-1.4581	16.951	27.760	912.89	-0.0070961	undefined	undefined	liquid
22.190	24.677	166.96	0.0059893	-0.035605	-0.031500	-1.4581	16.951	27.760	912.89	-0.0070961	undefined	undefined	liquid
22.190	24.681	166.96	0.0059893	-0.035605	-0.031500	-1.4581	16.951	27.760	912.89	-0.0070962	undefined	undefined	liquid
22.190	24.686	166.96	0.0059893	-0.035606	-0.031499	-1.4581	16.951	27.760	912.89	-0.0070962	undefined	undefined	liquid
22.190	24.690	166.96	0.0059893	-0.035606	-0.031499	-1.4581	16.951	27.760	912.89	-0.0070962	undefined	undefined	liquid
22.190	24.694	166.96	0.0059893	-0.035606	-0.031498	-1.4581	16.951	27.760	912.89	-0.0070962	undefined	undefined	liquid
22.190	24.698	166.96	0.0059893	-0.035606	-0.031498	-1.4581	16.951	27.760	912.89	-0.0070962	undefined	undefined	liquid
22.190	24.702	166.96	0.0059893	-0.035606	-0.031497	-1.4581	16.951	27.760	912.89	-0.0070962	undefined	undefined	liquid
22.190	24.707	166.96	0.0059893	-0.035607	-0.031497	-1.4581	16.951	27.760	912.89	-0.0070962	undefined	undefined	liquid
22.190	24.711	166.96	0.0059893	-0.035607	-0.031496	-1.4581	16.951	27.760	912.89	-0.0070962	undefined	undefined	liquid
22.190	24.715	166.96	0.0059893	-0.035607	-0.031496	-1.4582	16.951	27.760	912.89	-0.0070963	undefined	undefined	liquid
22.190	24.719	166.97	0.0059893	-0.035607	-0.031496	-1.4582	16.951	27.760	912.90	-0.0070963	undefined	undefined	liquid
22.190	24.723	166.97	0.0059893	-0.035608	-0.031495	-1.4582	16.951	27.760	912.90	-0.0070963	undefined	undefined	liquid
22.190	24.728	166.97	0.0059893	-0.035608	-0.031495	-1.4582	16.951	27.760	912.90	-0.0070963	undefined	undefined	liquid
22.190	24.732	166.97	0.0059893	-0.035608	-0.031494	-1.4582	16.951	27.760	912.90	-0.0070963	undefined	undefined	liquid
22.190	24.736	166.97	0.0059893	-0.035608	-0.031494	-1.4582	16.951	27.760	912.90	-0.0070963	undefined	undefined	liquid
22.190	24.740	166.97	0.0059893	-0.035609	-0.031493	-1.4582	16.951	27.760	912.90	-0.0070963	undefined	undefined	liquid
22.190	24.744	166.97	0.0059893	-0.035609	-0.031493	-1.4582	16.951	27.760	912.90	-0.0070964	undefined	undefined	liquid
22.190	24.749	166.97	0.0059893	-0.035609	-0.031492	-1.4582	16.951	27.760	912.90	-0.0070964	undefined	undefined	liquid
22.190	24.753	166.97	0.0059893	-0.035609	-0.031492	-1.4583	16.951	27.760	912.90	-0.0070964	undefined	undefined	liquid
22.190	24.757	166.97	0.0059893	-0.035610	-0.031491	-1.4583	16.951	27.760	912.90	-0.0070964	undefined	undefined	liquid
22.190	24.761	166.97	0.0059893	-0.035610	-0.031491	-1.4583	16.951	27.760	912.90	-0.0070964	undefined	undefined	liquid
22.190	24.765	166.97	0.0059893	-0.035610	-0.031490	-1.4583	16.951	27.760	912.90	-0.0070964	undefined	undefined	liquid
22.190	24.770	166.97	0.0059893	-0.035610	-0.031490	-1.4583	16.951	27.760	912.90	-0.0070964	undefined	undefined	liquid
22.190	24.774	166.97	0.0059893	-0.035611	-0.031490	-1.4583	16.951	27.760	912.90	-0.0070964	undefined	undefined	liquid
22.190	24.778	166.97	0.0059893	-0.035611	-0.031489	-1.4583	16.951	27.760	912.90	-0.0070965	undefined	undefined	liquid
22.190	24.782	166.97	0.0059892	-0.035611	-0.031489	-1.4583	16.951	27.760	912.90	-0.0070965	undefined	undefined	liquid
22.190	24.786	166.97	0.0059892	-0.035611	-0.031488	-1.4583	16.951	27.760	912.90	-0.0070965	undefined	undefined	liquid
22.190	24.791	166.97	0.0059892	-0.035611	-0.031488	-1.4584	16.951	27.760	912.90	-0.0070965	undefined	undefined	liquid
22.190	24.795	166.97	0.0059892	-0.035612	-0.031487	-1.4584	16.951	27.760	912.90	-0.0070965	undefined	undefined	liquid
22.190	24.799	166.97	0.0059892	-0.035612	-0.031487	-1.4584	16.951	27.760	912.91	-0.0070965	undefined	undefined	liquid
22.190	24.803	166.97	0.0059892	-0.035612	-0.031486	-1.4584	16.951	27.760	912.91	-0.0070965	undefined	undefined	liquid
22.190	24.807	166.97	0.0059892	-0.035612	-0.031486	-1.4584	16.951	27.760	912.91	-0.0070965	undefined	undefined	liquid
22.190	24.812	166.97	0.0059892	-0.035613	-0.031485	-1.4584	16.951	27.760	912.91	-0.0070966	undefined	undefined	liquid
22.190	24.816	166.97	0.0059892	-0.035613	-0.031485	-1.4584	16.951	27.760	912.91	-0.0070966	undefined	undefined	liquid
22.190	24.820	166.97	0.0059892	-0.035613	-0.031485	-1.4584	16.951	27.760	912.91	-0.0070966	undefined	undefined	liquid
22.190	24.824	166.97	0.0059892	-0.035613	-0.031484	-1.4584	16.951	27.760	912.91	-0.0070966	undefined	undefined	liquid
22.190	24.828	166.97	0.0059892	-0.035614	-0.031484	-1.4584	16.951	27.760	912.91	-0.0070966	undefined	undefined	liquid
22.190	24.833	166.97	0.0059892	-0.035614	-0.031483	-1.4585	16.951	27.760	912.91	-0.0070966	undefined	undefined	liquid
22.190	24.837	166.97	0.0059892	-0.035614	-0.031483	-1.4585	16.951	27.760	912.91	-0.0070966	undefined	undefined	liquid
22.190	24.841	166.97	0.0059892	-0.035614	-0.031482	-1.4585	16.951	27.760	912.91	-0.0070967	undefined	undefined	liquid
22.190	24.845	166.97	0.0059892	-0.035615	-0.031482	-1.4585	16.951	27.760	912.91	-0.0070967	undefined	undefined	liquid
22.190	24.849	166.97	0.0059892	-0.035615	-0.031481	-1.4585	16.951	27.759	912.91	-0.0070967	undefined	undefined	liquid
22.190	24.854	166.97	0.0059892	-0.035615	-0.031481	-1.4585	16.951	27.759	912.91	-0.0070967	undefined	undefined	liquid
22.190	24.858	166.97	0.0059892	-0.035615	-0.031480	-1.4585	16.951	27.759	912.91	-0.0070967	undefined	undefined	liquid
22.190	24.862	166.97	0.0059892	-0.035615	-0.031480	-1.4585	16.951	27.759	912.91	-0.0070967	undefined	undefined	liquid
22.190	24.866	166.97	0.0059892	-0.035616	-0.031479	-1.4585	16.951	27.759	912.91	-0.0070967	undefined	undefined	liquid
22.190	24.870	166.97	0.0059892	-0.035616	-0.031479	-1.4586	16.951	27.759	912.91	-0.0070967	undefined	undefined	liquid
22.190	24.875	166.97	0.0059892	-0.035616	-0.031479	-1.4586	16.951	27.759	912.92	-0.0070968	undefined	undefined	liquid
22.190	24.879	166.97	0.0059892	-0.035616	-0.031478	-1.4586	16.951	27.759	912.92	-0.0070968	undefined	undefined	liquid
22.190	24.883	166.97	0.0059892	-0.035617	-0.031478	-1.4586	16.951	27.759	912.92	-0.0070968	undefined	undefined	liquid
22.190	24.887	166.97	0.0059892	-0.035617	-0.031477	-1.4586	16.951	27.759	912.92	-0.0070968	undefined	undefined	liquid
22.190	24.891	166.97	0.0059892	-0.035617	-0.031477	-1.4586	16.951	27.759	912.92	-0.0070968	undefined	undefined	liquid
22.190	24.896	166.97	0.0059892	-0.035617	-0.031476	-1.4586	16.951	27.759	912.92	-0.0070968	undefined	undefined	liquid
22.190	24.900	166.97	0.0059892	-0.035618	-0.031476	-1.4586	16.951	27.759	912.92	-0.0070968	undefined	undefined	liquid
22.190	24.904	166.97	0.0059892	-0.035618	-0.031475	-1.4586	16.951	27.759	912.92	-0.0070969	undefined	undefined	liquid
22.190	24.908	166.97	0.0059892	-0.035618	-0.031475	-1.4587	16.951	27.759	912.92	-0.0070969	undefined	undefined	liquid
22.190	24.912	166.97	0.0059892	-0.035618	-0.031474	-1.4587	16.951	27.759	912.92	-0.0070969	undefined	undefined	liquid
22.190	24.917	166.97	0.0059892	-0.035619	-0.031474	-1.4587	16.951	27.759	912.92	-0.0070969	undefined	undefined	liquid
22.190	24.921	166.97	0.0059892	-0.035619	-0.031473	-1.4587	16.951	27.759	912.92	-0.0070969	undefined	undefined	liquid
22.190	24.925	166.97	0.0059892	-0.035619	-0.031473	-1.4587	16.951	27.759	912.92	-0.0070969	undefined	undefined	liquid
22.190	24.929	166.97	0.0059892	-0.035619	-0.031473	-1.4587	16.951	27.759	912.92	-0.0070969	undefined	undefined	liquid
22.190	24.933	166.97	0.0059892	-0.035620	-0.031472	-1.4587	16.951	27.759	912.92	-0.0070969	undefined	undefined	liquid
22.190	24.938	166.97	0.0059892	-0.035620	-0.031472	-1.4587	16.951	27.759	912.92	-0.0070970	undefined	undefined	liquid
22.190	24.942	166.97	0.0059892	-0.035620	-0.031471	-1.4587	16.951	27.759	912.92	-0.0070970	undefined	undefined	liquid
22.190	24.946	166.97	0.0059892	-0.035620	-0.031471	-1.4588	16.951	27.759	912.92	-0.0070970	undefined	undefined	liquid
22.190	24.950	166.97	0.0059892	-0.035620	-0.031470	-1.4588	16.951	27.759	912.92	-0.0070970	undefined	undefined	liquid
22.190	24.954	166.97	0.0059892	-0.035621	-0.031470	-1.4588	16.951	27.759	912.93	-0.0070970	undefined	undefined	liquid
22.190	24.959	166.97	0.0059892	-0.035621	-0.031469	-1.4588	16.951	27.759	912.93	-0.0070970	undefined	undefined	liquid
22.190	24.963	166.97	0.0059892	-0.035621	-0.031469	-1.4588	16.951	27.759	912.93	-0.0070970	undefined	undefined	liquid
22.190	24.967	166.97	0.0059892	-0.035621	-0.031468	-1.4588	16.951	27.759	912.93	-0.0070971	undefined	undefined	liquid
22.190	24.971	166.97	0.0059892	-0.035622	-0.031468	-1.4588	16.951	27.759	912.93	-0.0070971	undefined	undefined	liquid
22.190	24.975	166.97	0.0059892	-0.035622	-0.031468	-1.4588	16.951	27.759	912.93	-0.0070971	undefined	undefined	liquid
22.190	24.980	166.97	0.0059892	-0.035622	-0.031467	-1.4588	16.951	27.759	912.93	-0.0070971	undefined	undefined	liquid
22.190	24.984	166.97	0.0059892	-0.035622	-0.031467	-1.4588	16.951	27.759	912.93	-0.0070971	undefined	undefined	liquid
22.190	24.988	166.97	0.0059891	-0.035623	-0.031466	-1.4589	16.951	27.759	912.93	-0.0070971	undefined	undefined	liquid
22.190	24.992	166.97	0.0059891	-0.035623	-0.031466	-1.4589	16.951	27.759	912.93	-0.0070971	undefined	undefined	liquid
22.190	24.996	166.97	0.0059891	-0.035623	-0.031465	-1.4589	16.951	27.759	912.93	-0.0070971	undefined	undefined	liquid
22.190	25.001	166.97	0.0059891	-0.035623	-0.031465	-1.4589	16.951	27.759	912.93	-0.0070972	undefined	undefined	liquid
22.190	25.005	166.97	0.0059891	-0.035624	-0.031464	-1.4589	16.951	27.759	912.93	-0.0070972	undefined	undefined	liquid
22.190	25.009	166.97	0.0059891	-0.035624	-0.031464	-1.4589	16.951	27.759	912.93	-0.0070972	undefined	undefined	liquid
22.190	25.013	166.97	0.0059891	-0.035624	-0.031463	-1.4589	16.951	27.759	912.93	-0.0070972	undefined	undefined	liquid
22.190	25.017	166.97	0.0059891	-0.035624	-0.031463	-1.4589	16.951	27.759	912.93	-0.0070972	undefined	undefined	liquid
22.190	25.022	166.97	0.0059891	-0.035625	-0.031462	-1.4589	16.951	27.759	912.93	-0.0070972	undefined	undefined	liquid
22.190	25.026	166.97	0.0059891	-0.035625	-0.031462	-1.4590	16.951	27.759	912.93	-0.0070972	undefined	undefined	liquid
22.190	25.030	166.97	0.0059891	-0.035625	-0.031462	-1.4590	16.951	27.758	912.93	-0.0070973	undefined	undefined	liquid
22.190	25.034	166.97	0.0059891	-0.035625	-0.031461	-1.4590	16.951	27.758	912.94	-0.0070973	undefined	undefined	liquid
22.190	25.038	166.97	0.0059891	-0.035625	-0.031461	-1.4590	16.951	27.758	912.94	-0.0070973	undefined	undefined	liquid
22.190	25.043	166.97	0.0059891	-0.035626	-0.031460	-1.4590	16.951	27.758	912.94	-0.0070973	undefined	undefined	liquid
22.190	25.047	166.97	0.0059891	-0.035626	-0.031460	-1.4590	16.951	27.758	912.94	-0.0070973	undefined	undefined	liquid
22.190	25.051	166.97	0.0059891	-0.035626	-0.031459	-1.4590	16.951	27.758	912.94	-0.0070973	undefined	undefined	liquid
22.190	25.055	166.97	0.0059891	-0.035626	-0.031459	-1.4590	16.951	27.758	912.94	-0.0070973	undefined	undefined	liquid
22.190	25.059	166.97	0.0059891	-0.035627	-0.031458	-1.4590	16.951	27.758	912.94	-0.0070973	undefined	undefined	liquid
22.190	25.064	166.97	0.0059891	-0.035627	-0.031458	-1.4591	16.951	27.758	912.94	-0.0070974	undefined	undefined	liquid
22.190	25.068	166.97	0.0059891	-0.035627	-0.031457	-1.4591	16.951	27.758	912.94	-0.0070974	undefined	undefined	liquid
22.190	25.072	166.97	0.0059891	-0.035627	-0.031457	-1.4591	16.951	27.758	912.94	-0.0070974	undefined	undefined	liquid
22.190	25.076	166.97	0.0059891	-0.035628	-0.031456	-1.4591	16.951	27.758	912.94	-0.0070974	undefined	undefined	liquid
22.190	25.080	166.97	0.0059891	-0.035628	-0.031456	-1.4591	16.951	27.758	912.94	-0.0070974	undefined	undefined	liquid
22.190	25.085	166.97	0.0059891	-0.035628	-0.031456	-1.4591	16.951	27.758	912.94	-0.0070974	undefined	undefined	liquid
22.190	25.089	166.97	0.0059891	-0.035628	-0.031455	-1.4591	16.951	27.758	912.94	-0.0070974	undefined	undefined	liquid
22.190	25.093	166.97	0.0059891	-0.035629	-0.031455	-1.4591	16.951	27.758	912.94	-0.0070975	undefined	undefined	liquid
22.190	25.097	166.97	0.0059891	-0.035629	-0.031454	-1.4591	16.951	27.758	912.94	-0.0070975	undefined	undefined	liquid
22.190	25.101	166.97	0.0059891	-0.035629	-0.031454	-1.4591	16.951	27.758	912.94	-0.0070975	undefined	undefined	liquid
22.190	25.106	166.97	0.0059891	-0.035629	-0.031453	-1.4592	16.951	27.758	912.94	-0.0070975	undefined	undefined	liquid
22.190	25.110	166.97	0.0059891	-0.035630	-0.031453	-1.4592	16.951	27.758	912.94	-0.0070975	undefined	undefined	liquid
22.190	25.114	166.97	0.0059891	-0.035630	-0.031452	-1.4592	16.951	27.758	912.95	-0.0070975	undefined	undefined	liquid
22.190	25.118	166.97	0.0059891	-0.035630	-0.031452	-1.4592	16.951	27.758	912.95	-0.0070975	undefined	undefined	liquid
22.190	25.122	166.97	0.0059891	-0.035630	-0.031451	-1.4592	16.951	27.758	912.95	-0.0070975	undefined	undefined	liquid
22.190	25.127	166.97	0.0059891	-0.035630	-0.031451	-1.4592	16.951	27.758	912.95	-0.0070976	undefined	undefined	liquid
22.190	25.131	166.97	0.0059891	-0.035631	-0.031451	-1.4592	16.951	27.758	912.95	-0.0070976	undefined	undefined	liquid
22.190	25.135	166.97	0.0059891	-0.035631	-0.031450	-1.4592	16.951	27.758	912.95	-0.0070976	undefined	undefined	liquid
22.190	25.139	166.97	0.0059891	-0.035631	-0.031450	-1.4592	16.951	27.758	912.95	-0.0070976	undefined	undefined	liquid
22.190	25.143	166.97	0.0059891	-0.035631	-0.031449	-1.4593	16.951	27.758	912.95	-0.0070976	undefined	undefined	liquid
22.190	25.148	166.97	0.0059891	-0.035632	-0.031449	-1.4593	16.951	27.758	912.95	-0.0070976	undefined	undefined	liquid
22.190	25.152	166.97	0.0059891	-0.035632	-0.031448	-1.4593	16.951	27.758	912.95	-0.0070976	undefined	undefined	liquid
22.190	25.156	166.97	0.0059891	-0.035632	-0.031448	-1.4593	16.951	27.758	912.95	-0.0070977	undefined	undefined	liquid
22.190	25.160	166.97	0.0059891	-0.035632	-0.031447	-1.4593	16.951	27.758	912.95	-0.0070977	undefined	undefined	liquid
22.190	25.164	166.97	0.0059891	-0.035633	-0.031447	-1.4593	16.951	27.758	912.95	-0.0070977	undefined	undefined	liquid
22.190	25.169	166.97	0.0059891	-0.035633	-0.031446	-1.4593	16.951	27.758	912.95	-0.0070977	undefined	undefined	liquid
22.190	25.173	166.97	0.0059891	-0.035633	-0.031446	-1.4593	16.951	27.758	912.95	-0.0070977	undefined	undefined	liquid
22.190	25.177	166.97	0.0059891	-0.035633	-0.031445	-1.4593	16.952	27.758	912.95	-0.0070977	undefined	undefined	liquid
22.190	25.181	166.97	0.0059891	-0.035634	-0.031445	-1.4594	16.952	27.758	912.95	-0.0070977	undefined	undefined	liquid
22.190	25.185	166.97	0.0059891	-0.035634	-0.031445	-1.4594	16.952	27.758	912.95	-0.0070977	undefined	undefined	liquid
22.190	25.190	166.97	0.0059891	-0.035634	-0.031444	-1.4594	16.952	27.758	912.95	-0.0070978	undefined	undefined	liquid
22.190	25.194	166.97	0.0059890	-0.035634	-0.031444	-1.4594	16.952	27.758	912.96	-0.0070978	undefined	undefined	liquid
22.190	25.198	166.97	0.0059890	-0.035634	-0.031443	-1.4594	16.952	27.758	912.96	-0.0070978	undefined	undefined	liquid
22.190	25.202	166.97	0.0059890	-0.035635	-0.031443	-1.4594	16.952	27.758	912.96	-0.0070978	undefined	undefined	liquid
22.190	25.206	166.97	0.0059890	-0.035635	-0.031442	-1.4594	16.952	27.757	912.96	-0.0070978	undefined	undefined	liquid
22.190	25.211	166.97	0.0059890	-0.035635	-0.031442	-1.4594	16.952	27.757	912.96	-0.0070978	undefined	undefined	liquid
22.190	25.215	166.97	0.0059890	-0.035635	-0.031441	-1.4594	16.952	27.757	912.96	-0.0070978	undefined	undefined	liquid
22.190	25.219	166.97	0.0059890	-0.035636	-0.031441	-1.4595	16.952	27.757	912.96	-0.0070979	undefined	undefined	liquid
22.190	25.223	166.97	0.0059890	-0.035636	-0.031440	-1.4595	16.952	27.757	912.96	-0.0070979	undefined	undefined	liquid
22.190	25.227	166.97	0.0059890	-0.035636	-0.031440	-1.4595	16.952	27.757	912.96	-0.0070979	undefined	undefined	liquid
22.190	25.232	166.97	0.0059890	-0.035636	-0.031439	-1.4595	16.952	27.757	912.96	-0.0070979	undefined	undefined	liquid
22.190	25.236	166.97	0.0059890	-0.035637	-0.031439	-1.4595	16.952	27.757	912.96	-0.0070979	undefined	undefined	liquid
22.190	25.240	166.97	0.0059890	-0.035637	-0.031439	-1.4595	16.952	27.757	912.96	-0.0070979	undefined	undefined	liquid
22.190	25.244	166.97	0.0059890	-0.035637	-0.031438	-1.4595	16.952	27.757	912.96	-0.0070979	undefined	undefined	liquid
22.190	25.248	166.97	0.0059890	-0.035637	-0.031438	-1.4595	16.952	27.757	912.96	-0.0070979	undefined	undefined	liquid
22.190	25.253	166.97	0.0059890	-0.035638	-0.031437	-1.4595	16.952	27.757	912.96	-0.0070980	undefined	undefined	liquid
22.190	25.257	166.97	0.0059890	-0.035638	-0.031437	-1.4595	16.952	27.757	912.96	-0.0070980	undefined	undefined	liquid
22.190	25.261	166.97	0.0059890	-0.035638	-0.031436	-1.4596	16.952	27.757	912.96	-0.0070980	undefined	undefined	liquid
22.190	25.265	166.97	0.0059890	-0.035638	-0.031436	-1.4596	16.952	27.757	912.96	-0.0070980	undefined	undefined	liquid
22.190	25.269	166.97	0.0059890	-0.035639	-0.031435	-1.4596	16.952	27.757	912.96	-0.0070980	undefined	undefined	liquid
22.190	25.274	166.97	0.0059890	-0.035639	-0.031435	-1.4596	16.952	27.757	912.97	-0.0070980	undefined	undefined	liquid
22.190	25.278	166.97	0.0059890	-0.035639	-0.031434	-1.4596	16.952	27.757	912.97	-0.0070980	undefined	undefined	liquid
22.190	25.282	166.97	0.0059890	-0.035639	-0.031434	-1.4596	16.952	27.757	912.97	-0.0070981	undefined	undefined	liquid
22.190	25.286	166.97	0.0059890	-0.035639	-0.031433	-1.4596	16.952	27.757	912.97	-0.0070981	undefined	undefined	liquid
22.190	25.290	166.97	0.0059890	-0.035640	-0.031433	-1.4596	16.952	27.757	912.97	-0.0070981	undefined	undefined	liquid
22.190	25.295	166.97	0.0059890	-0.035640	-0.031433	-1.4596	16.952	27.757	912.97	-0.0070981	undefined	undefined	liquid
22.190	25.299	166.97	0.0059890	-0.035640	-0.031432	-1.4597	16.952	27.757	912.97	-0.0070981	undefined	undefined	liquid
22.190	25.303	166.97	0.0059890	-0.035640	-0.031432	-1.4597	16.952	27.757	912.97	-0.0070981	undefined	undefined	liquid
22.190	25.307	166.97	0.0059890	-0.035641	-0.031431	-1.4597	16.952	27.757	912.97	-0.0070981	undefined	undefined	liquid
22.190	25.311	166.97	0.0059890	-0.035641	-0.031431	-1.4597	16.952	27.757	912.97	-0.0070981	undefined	undefined	liquid
22.190	25.316	166.97	0.0059890	-0.035641	-0.031430	-1.4597	16.952	27.757	912.97	-0.0070982	undefined	undefined	liquid
22.190	25.320	166.97	0.0059890	-0.035641	-0.031430	-1.4597	16.952	27.757	912.97	-0.0070982	undefined	undefined	liquid
22.190	25.324	166.97	0.0059890	-0.035642	-0.031429	-1.4597	16.952	27.757	912.97	-0.0070982	undefined	undefined	liquid
22.190	25.328	166.97	0.0059890	-0.035642	-0.031429	-1.4597	16.952	27.757	912.97	-0.0070982	undefined	undefined	liquid
22.190	25.332	166.97	0.0059890	-0.035642	-0.031428	-1.4597	16.952	27.757	912.97	-0.0070982	undefined	undefined	liquid
22.190	25.337	166.97	0.0059890	-0.035642	-0.031428	-1.4598	16.952	27.757	912.97	-0.0070982	undefined	undefined	liquid
22.190	25.341	166.97	0.0059890	-0.035643	-0.031428	-1.4598	16.952	27.757	912.97	-0.0070982	undefined	undefined	liquid
22.190	25.345	166.97	0.0059890	-0.035643	-0.031427	-1.4598	16.952	27.757	912.97	-0.0070983	undefined	undefined	liquid
22.190	25.349	166.97	0.0059890	-0.035643	-0.031427	-1.4598	16.952	27.757	912.98	-0.0070983	undefined	undefined	liquid
22.190	25.353	166.97	0.0059890	-0.035643	-0.031426	-1.4598	16.952	27.757	912.98	-0.0070983	undefined	undefined	liquid
22.190	25.358	166.97	0.0059890	-0.035644	-0.031426	-1.4598	16.952	27.757	912.98	-0.0070983	undefined	undefined	liquid
22.190	25.362	166.97	0.0059890	-0.035644	-0.031425	-1.4598	16.952	27.757	912.98	-0.0070983	undefined	undefined	liquid
22.190	25.366	166.97	0.0059890	-0.035644	-0.031425	-1.4598	16.952	27.757	912.98	-0.0070983	undefined	undefined	liquid
22.190	25.370	166.97	0.0059890	-0.035644	-0.031424	-1.4598	16.952	27.757	912.98	-0.0070983	undefined	undefined	liquid
22.190	25.374	166.97	0.0059890	-0.035644	-0.031424	-1.4598	16.952	27.757	912.98	-0.0070983	undefined	undefined	liquid
22.190	25.379	166.97	0.0059890	-0.035645	-0.031423	-1.4599	16.952	27.757	912.98	-0.0070984	undefined	undefined	liquid
22.190	25.383	166.97	0.0059890	-0.035645	-0.031423	-1.4599	16.952	27.757	912.98	-0.0070984	undefined	undefined	liquid
22.190	25.387	166.97	0.0059890	-0.035645	-0.031422	-1.4599	16.952	27.756	912.98	-0.0070984	undefined	undefined	liquid
22.190	25.391	166.97	0.0059890	-0.035645	-0.031422	-1.4599	16.952	27.756	912.98	-0.0070984	undefined	undefined	liquid
22.190	25.395	166.97	0.0059890	-0.035646	-0.031422	-1.4599	16.952	27.756	912.98	-0.0070984	undefined	undefined	liquid
22.190	25.400	166.97	0.0059889	-0.035646	-0.031421	-1.4599	16.952	27.756	912.98	-0.0070984	undefined	undefined	liquid
22.190	25.404	166.97	0.0059889	-0.035646	-0.031421	-1.4599	16.952	27.756	912.98	-0.0070984	undefined	undefined	liquid
22.190	25.408	166.97	0.0059889	-0.035646	-0.031420	-1.4599	16.952	27.756	912.98	-0.0070985	undefined	undefined	liquid
22.190	25.412	166.97	0.0059889	-0.035647	-0.031420	-1.4599	16.952	27.756	912.98	-0.0070985	undefined	undefined	liquid
22.190	25.416	166.97	0.0059889	-0.035647	-0.031419	-1.4600	16.952	27.756	912.98	-0.0070985	undefined	undefined	liquid
22.190	25.421	166.97	0.0059889	-0.035647	-0.031419	-1.4600	16.952	27.756	912.98	-0.0070985	undefined	undefined	liquid
22.190	25.425	166.97	0.0059889	-0.035647	-0.031418	-1.4600	16.952	27.756	912.98	-0.0070985	undefined	undefined	liquid
22.190	25.429	166.97	0.0059889	-0.035648	-0.031418	-1.4600	16.952	27.756	912.99	-0.0070985	undefined	undefined	liquid
22.190	25.433	166.97	0.0059889	-0.035648	-0.031417	-1.4600	16.952	27.756	912.99	-0.0070985	undefined	undefined	liquid
22.190	25.437	166.97	0.0059889	-0.035648	-0.031417	-1.4600	16.952	27.756	912.99	-0.0070985	undefined	undefined	liquid
22.190	25.442	166.97	0.0059889	-0.035648	-0.031416	-1.4600	16.952	27.756	912.99	-0.0070986	undefined	undefined	liquid
22.190	25.446	166.97	0.0059889	-0.035649	-0.031416	-1.4600	16.952	27.756	912.99	-0.0070986	undefined	undefined	liquid
22.190	25.450	166.97	0.0059889	-0.035649	-0.031416	-1.4600	16.952	27.756	912.99	-0.0070986	undefined	undefined	liquid
22.190	25.454	166.97	0.0059889	-0.035649	-0.031415	-1.4601	16.952	27.756	912.99	-0.0070986	undefined	undefined	liquid
22.190	25.458	166.98	0.0059889	-0.035649	-0.031415	-1.4601	16.952	27.756	912.99	-0.0070986	undefined	undefined	liquid
22.190	25.463	166.98	0.0059889	-0.035649	-0.031414	-1.4601	16.952	27.756	912.99	-0.0070986	undefined	undefined	liquid
22.190	25.467	166.98	0.0059889	-0.035650	-0.031414	-1.4601	16.952	27.756	912.99	-0.0070986	undefined	undefined	liquid
22.190	25.471	166.98	0.0059889	-0.035650	-0.031413	-1.4601	16.952	27.756	912.99	-0.0070987	undefined	undefined	liquid
22.190	25.475	166.98	0.0059889	-0.035650	-0.031413	-1.4601	16.952	27.756	912.99	-0.0070987	undefined	undefined	liquid
22.190	25.479	166.98	0.0059889	-0.035650	-0.031412	-1.4601	16.952	27.756	912.99	-0.0070987	undefined	undefined	liquid
22.190	25.484	166.98	0.0059889	-0.035651	-0.031412	-1.4601	16.952	27.756	912.99	-0.0070987	undefined	undefined	liquid
22.190	25.488	166.98	0.0059889	-0.035651	-0.031411	-1.4601	16.952	27.756	912.99	-0.0070987	undefined	undefined	liquid
22.190	25.492	166.98	0.0059889	-0.035651	-0.031411	-1.4602	16.952	27.756	912.99	-0.0070987	undefined	undefined	liquid
22.190	25.496	166.98	0.0059889	-0.035651	-0.031411	-1.4602	16.952	27.756	912.99	-0.0070987	undefined	undefined	liquid
22.190	25.500	166.98	0.0059889	-0.035652	-0.031410	-1.4602	16.952	27.756	912.99	-0.0070987	undefined	undefined	liquid
22.190	25.505	166.98	0.0059889	-0.035652	-0.031410	-1.4602	16.952	27.756	912.99	-0.0070988	undefined	undefined	liquid
22.190	25.509	166.98	0.0059889	-0.035652	-0.031409	-1.4602	16.952	27.756	913.00	-0.0070988	undefined	undefined	liquid
22.190	25.513	166.98	0.0059889	-0.035652	-0.031409	-1.4602	16.952	27.756	913.00	-0.0070988	undefined	undefined	liquid
22.190	25.517	166.98	0.0059889	-0.035653	-0.031408	-1.4602	16.952	27.756	913.00	-0.0070988	undefined	undefined	liquid
22.190	25.521	166.98	0.0059889	-0.035653	-0.031408	-1.4602	16.952	27.756	913.00	-0.0070988	undefined	undefined	liquid
22.190	25.526	166.98	0.0059889	-0.035653	-0.031407	-1.4602	16.952	27.756	913.00	-0.0070988	undefined	undefined	liquid
22.190	25.530	166.98	0.0059889	-0.035653	-0.031407	-1.4602	16.952	27.756	913.00	-0.0070988	undefined	undefined	liquid
22.190	25.534	166.98	0.0059889	-0.035653	-0.031406	-1.4603	16.952	27.756	913.00	-0.0070988	undefined	undefined	liquid
22.190	25.538	166.98	0.0059889	-0.035654	-0.031406	-1.4603	16.952	27.756	913.00	-0.0070989	undefined	undefined	liquid
22.190	25.542	166.98	0.0059889	-0.035654	-0.031405	-1.4603	16.952	27.756	913.00	-0.0070989	undefined	undefined	liquid
22.190	25.547	166.98	0.0059889	-0.035654	-0.031405	-1.4603	16.952	27.756	913.00	-0.0070989	undefined	undefined	liquid
22.190	25.551	166.98	0.0059889	-0.035654	-0.031405	-1.4603	16.952	27.756	913.00	-0.0070989	undefined	undefined	liquid
22.190	25.555	166.98	0.0059889	-0.035655	-0.031404	-1.4603	16.952	27.756	913.00	-0.0070989	undefined	undefined	liquid
22.190	25.559	166.98	0.0059889	-0.035655	-0.031404	-1.4603	16.952	27.756	913.00	-0.0070989	undefined	undefined	liquid
22.190	25.563	166.98	0.0059889	-0.035655	-0.031403	-1.4603	16.952	27.755	913.00	-0.0070989	undefined	undefined	liquid
22.190	25.568	166.98	0.0059889	-0.035655	-0.031403	-1.4603	16.952	27.755	913.00	-0.0070990	undefined	undefined	liquid
22.190	25.572	166.98	0.0059889	-0.035656	-0.031402	-1.4604	16.952	27.755	913.00	-0.0070990	undefined	undefined	liquid
22.190	25.576	166.98	0.0059889	-0.035656	-0.031402	-1.4604	16.952	27.755	913.00	-0.0070990	undefined	undefined	liquid
22.190	25.580	166.98	0.0059889	-0.035656	-0.031401	-1.4604	16.952	27.755	913.00	-0.0070990	undefined	undefined	liquid
22.190	25.584	166.98	0.0059889	-0.035656	-0.031401	-1.4604	16.952	27.755	913.00	-0.0070990	undefined	undefined	liquid
22.190	25.589	166.98	0.0059889	-0.035657	-0.031400	-1.4604	16.952	27.755	913.01	-0.0070990	undefined	undefined	liquid
22.190	25.593	166.98	0.0059889	-0.035657	-0.031400	-1.4604	16.952	27.755	913.01	-0.0070990	undefined	undefined	liquid
22.190	25.597	166.98	0.0059889	-0.035657	-0.031399	-1.4604	16.952	27.755	913.01	-0.0070990	undefined	undefined	liquid
22.190	25.601	166.98	0.0059889	-0.035657	-0.031399	-1.4604	16.952	27.755	913.01	-0.0070991	undefined	undefined	liquid
22.190	25.605	166.98	0.0059888	-0.035658	-0.031399	-1.4604	16.952	27.755	913.01	-0.0070991	undefined	undefined	liquid
22.190	25.610	166.98	0.0059888	-0.035658	-0.031398	-1.4605	16.952	27.755	913.01	-0.0070991	undefined	undefined	liquid
22.190	25.614	166.98	0.0059888	-0.035658	-0.031398	-1.4605	16.952	27.755	913.01	-0.0070991	undefined	undefined	liquid
22.190	25.618	166.98	0.0059888	-0.035658	-0.031397	-1.4605	16.952	27.755	913.01	-0.0070991	undefined	undefined	liquid
22.190	25.622	166.98	0.0059888	-0.035658	-0.031397	-1.4605	16.952	27.755	913.01	-0.0070991	undefined	undefined	liquid
22.190	25.626	166.98	0.0059888	-0.035659	-0.031396	-1.4605	16.952	27.755	913.01	-0.0070991	undefined	undefined	liquid
22.190	25.631	166.98	0.0059888	-0.035659	-0.031396	-1.4605	16.952	27.755	913.01	-0.0070992	undefined	undefined	liquid
22.190	25.635	166.98	0.0059888	-0.035659	-0.031395	-1.4605	16.952	27.755	913.01	-0.0070992	undefined	undefined	liquid
22.190	25.639	166.98	0.0059888	-0.035659	-0.031395	-1.4605	16.952	27.755	913.01	-0.0070992	undefined	undefined	liquid
22.190	25.643	166.98	0.0059888	-0.035660	-0.031394	-1.4605	16.952	27.755	913.01	-0.0070992	undefined	undefined	liquid
22.190	25.647	166.98	0.0059888	-0.035660	-0.031394	-1.4605	16.952	27.755	913.01	-0.0070992	undefined	undefined	liquid
22.190	25.652	166.98	0.0059888	-0.035660	-0.031393	-1.4606	16.952	27.755	913.01	-0.0070992	undefined	undefined	liquid
22.190	25.656	166.98	0.0059888	-0.035660	-0.031393	-1.4606	16.952	27.755	913.01	-0.0070992	undefined	undefined	liquid
22.190	25.660	166.98	0.0059888	-0.035661	-0.031393	-1.4606	16.952	27.755	913.01	-0.0070992	undefined	undefined	liquid
22.190	25.664	166.98	0.0059888	-0.035661	-0.031392	-1.4606	16.952	27.755	913.01	-0.0070993	undefined	undefined	liquid
22.190	25.668	166.98	0.0059888	-0.035661	-0.031392	-1.4606	16.952	27.755	913.02	-0.0070993	undefined	undefined	liquid
22.190	25.673	166.98	0.0059888	-0.035661	-0.031391	-1.4606	16.952	27.755	913.02	-0.0070993	undefined	undefined	liquid
22.190	25.677	166.98	0.0059888	-0.035662	-0.031391	-1.4606	16.952	27.755	913.02	-0.0070993	undefined	undefined	liquid
22.190	25.681	166.98	0.0059888	-0.035662	-0.031390	-1.4606	16.952	27.755	913.02	-0.0070993	undefined	undefined	liquid
22.190	25.685	166.98	0.0059888	-0.035662	-0.031390	-1.4606	16.952	27.755	913.02	-0.0070993	undefined	undefined	liquid
22.190	25.689	166.98	0.0059888	-0.035662	-0.031389	-1.4607	16.952	27.755	913.02	-0.0070993	undefined	undefined	liquid
22.190	25.694	166.98	0.0059888	-0.035663	-0.031389	-1.4607	16.952	27.755	913.02	-0.0070994	undefined	undefined	liquid
22.190	25.698	166.98	0.0059888	-0.035663	-0.031388	-1.4607	16.952	27.755	913.02	-0.0070994	undefined	undefined	liquid
22.190	25.702	166.98	0.0059888	-0.035663	-0.031388	-1.4607	16.952	27.755	913.02	-0.0070994	undefined	undefined	liquid
22.190	25.706	166.98	0.0059888	-0.035663	-0.031388	-1.4607	16.952	27.755	913.02	-0.0070994	undefined	undefined	liquid
22.190	25.710	166.98	0.0059888	-0.035663	-0.031387	-1.4607	16.952	27.755	913.02	-0.0070994	undefined	undefined	liquid
22.190	25.715	166.98	0.0059888	-0.035664	-0.031387	-1.4607	16.952	27.755	913.02	-0.0070994	undefined	undefined	liquid
22.190	25.719	166.98	0.0059888	-0.035664	-0.031386	-1.4607	16.952	27.755	913.02	-0.0070994	undefined	undefined	liquid
22.190	25.723	166.98	0.0059888	-0.035664	-0.031386	-1.4607	16.952	27.755	913.02	-0.0070994	undefined	undefined	liquid
22.190	25.727	166.98	0.0059888	-0.035664	-0.031385	-1.4608	16.952	27.755	913.02	-0.0070995	undefined	undefined	liquid
22.190	25.731	166.98	0.0059888	-0.035665	-0.031385	-1.4608	16.952	27.755	913.02	-0.0070995	undefined	undefined	liquid
22.190	25.736	166.98	0.0059888	-0.035665	-0.031384	-1.4608	16.952	27.755	913.02	-0.0070995	undefined	undefined	liquid
22.190	25.740	166.98	0.0059888	-0.035665	-0.031384	-1.4608	16.952	27.755	913.02	-0.0070995	undefined	undefined	liquid
22.190	25.744	166.98	0.0059888	-0.035665	-0.031383	-1.4608	16.952	27.754	913.03	-0.0070995	undefined	undefined	liquid
22.190	25.748	166.98	0.0059888	-0.035666	-0.031383	-1.4608	16.952	27.754	913.03	-0.0070995	undefined	undefined	liquid
22.190	25.752	166.98	0.0059888	-0.035666	-0.031382	-1.4608	16.952	27.754	913.03	-0.0070995	undefined	undefined	liquid
22.190	25.757	166.98	0.0059888	-0.035666	-0.031382	-1.4608	16.952	27.754	913.03	-0.0070996	undefined	undefined	liquid
22.190	25.761	166.98	0.0059888	-0.035666	-0.031382	-1.4608	16.952	27.754	913.03	-0.0070996	undefined	undefined	liquid
22.190	25.765	166.98	0.0059888	-0.035667	-0.031381	-1.4608	16.952	27.754	913.03	-0.0070996	undefined	undefined	liquid
22.190	25.769	166.98	0.0059888	-0.035667	-0.031381	-1.4609	16.952	27.754	913.03	-0.0070996	undefined	undefined	liquid
22.190	25.773	166.98	0.0059888	-0.035667	-0.031380	-1.4609	16.952	27.754	913.03	-0.0070996	undefined	undefined	liquid
22.190	25.778	166.98	0.0059888	-0.035667	-0.031380	-1.4609	16.953	27.754	913.03	-0.0070996	undefined	undefined	liquid
22.190	25.782	166.98	0.0059888	-0.035667	-0.031379	-1.4609	16.953	27.754	913.03	-0.0070996	undefined	undefined	liquid
22.190	25.786	166.98	0.0059888	-0.035668	-0.031379	-1.4609	16.953	27.754	913.03	-0.0070996	undefined	undefined	liquid
22.190	25.790	166.98	0.0059888	-0.035668	-0.031378	-1.4609	16.953	27.754	913.03	-0.0070997	undefined	undefined	liquid
22.190	25.794	166.98	0.0059888	-0.035668	-0.031378	-1.4609	16.953	27.754	913.03	-0.0070997	undefined	undefined	liquid
22.190	25.799	166.98	0.0059888	-0.035668	-0.031377	-1.4609	16.953	27.754	913.03	-0.0070997	undefined	undefined	liquid
22.190	25.803	166.98	0.0059888	-0.035669	-0.031377	-1.4609	16.953	27.754	913.03	-0.0070997	undefined	undefined	liquid
22.190	25.807	166.98	0.0059888	-0.035669	-0.031376	-1.4610	16.953	27.754	913.03	-0.0070997	undefined	undefined	liquid
22.190	25.811	166.98	0.0059887	-0.035669	-0.031376	-1.4610	16.953	27.754	913.03	-0.0070997	undefined	undefined	liquid
22.190	25.815	166.98	0.0059887	-0.035669	-0.031376	-1.4610	16.953	27.754	913.03	-0.0070997	undefined	undefined	liquid
22.190	25.820	166.98	0.0059887	-0.035670	-0.031375	-1.4610	16.953	27.754	913.03	-0.0070998	undefined	undefined	liquid
22.190	25.824	166.98	0.0059887	-0.035670	-0.031375	-1.4610	16.953	27.754	913.04	-0.0070998	undefined	undefined	liquid
22.190	25.828	166.98	0.0059887	-0.035670	-0.031374	-1.4610	16.953	27.754	913.04	-0.0070998	undefined	undefined	liquid
22.190	25.832	166.98	0.0059887	-0.035670	-0.031374	-1.4610	16.953	27.754	913.04	-0.0070998	undefined	undefined	liquid
22.190	25.836	166.98	0.0059887	-0.035671	-0.031373	-1.4610	16.953	27.754	913.04	-0.0070998	undefined	undefined	liquid
22.190	25.841	166.98	0.0059887	-0.035671	-0.031373	-1.4610	16.953	27.754	913.04	-0.0070998	undefined	undefined	liquid
22.190	25.845	166.98	0.0059887	-0.035671	-0.031372	-1.4611	16.953	27.754	913.04	-0.0070998	undefined	undefined	liquid
22.190	25.849	166.98	0.0059887	-0.035671	-0.031372	-1.4611	16.953	27.754	913.04	-0.0070998	undefined	undefined	liquid
22.190	25.853	166.98	0.0059887	-0.035672	-0.031371	-1.4611	16.953	27.754	913.04	-0.0070999	undefined	undefined	liquid
22.190	25.857	166.98	0.0059887	-0.035672	-0.031371	-1.4611	16.953	27.754	913.04	-0.0070999	undefined	undefined	liquid
22.190	25.862	166.98	0.0059887	-0.035672	-0.031371	-1.4611	16.953	27.754	913.04	-0.0070999	undefined	undefined	liquid
22.190	25.866	166.98	0.0059887	-0.035672	-0.031370	-1.4611	16.953	27.754	913.04	-0.0070999	undefined	undefined	liquid
22.190	25.870	166.98	0.0059887	-0.035672	-0.031370	-1.4611	16.953	27.754	913.04	-0.0070999	undefined	undefined	liquid
22.190	25.874	166.98	0.0059887	-0.035673	-0.031369	-1.4611	16.953	27.754	913.04	-0.0070999	undefined	undefined	liquid
22.190	25.878	166.98	0.0059887	-0.035673	-0.031369	-1.4611	16.953	27.754	913.04	-0.0070999	undefined	undefined	liquid
22.190	25.883	166.98	0.0059887	-0.035673	-0.031368	-1.4612	16.953	27.754	913.04	-0.0071000	undefined	undefined	liquid
22.190	25.887	166.98	0.0059887	-0.035673	-0.031368	-1.4612	16.953	27.754	913.04	-0.0071000	undefined	undefined	liquid
22.190	25.891	166.98	0.0059887	-0.035674	-0.031367	-1.4612	16.953	27.754	913.04	-0.0071000	undefined	undefined	liquid
22.190	25.895	166.98	0.0059887	-0.035674	-0.031367	-1.4612	16.953	27.754	913.04	-0.0071000	undefined	undefined	liquid
22.190	25.899	166.98	0.0059887	-0.035674	-0.031366	-1.4612	16.953	27.754	913.04	-0.0071000	undefined	undefined	liquid
22.190	25.904	166.98	0.0059887	-0.035674	-0.031366	-1.4612	16.953	27.754	913.05	-0.0071000	undefined	undefined	liquid
22.190	25.908	166.98	0.0059887	-0.035675	-0.031365	-1.4612	16.953	27.754	913.05	-0.0071000	undefined	undefined	liquid
22.190	25.912	166.98	0.0059887	-0.035675	-0.031365	-1.4612	16.953	27.754	913.05	-0.0071000	undefined	undefined	liquid
22.190	25.916	166.98	0.0059887	-0.035675	-0.031365	-1.4612	16.953	27.754	913.05	-0.0071001	undefined	undefined	liquid
22.190	25.920	166.98	0.0059887	-0.035675	-0.031364	-1.4612	16.953	27.753	913.05	-0.0071001	undefined	undefined	liquid
22.190	25.925	166.98	0.0059887	-0.035676	-0.031364	-1.4613	16.953	27.753	913.05	-0.0071001	undefined	undefined	liquid
22.190	25.929	166.98	0.0059887	-0.035676	-0.031363	-1.4613	16.953	27.753	913.05	-0.0071001	undefined	undefined	liquid
22.190	25.933	166.98	0.0059887	-0.035676	-0.031363	-1.4613	16.953	27.753	913.05	-0.0071001	undefined	undefined	liquid
22.190	25.937	166.98	0.0059887	-0.035676	-0.031362	-1.4613	16.953	27.753	913.05	-0.0071001	undefined	undefined	liquid
22.190	25.941	166.98	0.0059887	-0.035677	-0.031362	-1.4613	16.953	27.753	913.05	-0.0071001	undefined	undefined	liquid
22.190	25.946	166.98	0.0059887	-0.035677	-0.031361	-1.4613	16.953	27.753	913.05	-0.0071002	undefined	undefined	liquid
22.190	25.950	166.98	0.0059887	-0.035677	-0.031361	-1.4613	16.953	27.753	913.05	-0.0071002	undefined	undefined	liquid
22.190	25.954	166.98	0.0059887	-0.035677	-0.031360	-1.4613	16.953	27.753	913.05	-0.0071002	undefined	undefined	liquid
22.190	25.958	166.98	0.0059887	-0.035677	-0.031360	-1.4613	16.953	27.753	913.05	-0.0071002	undefined	undefined	liquid
22.190	25.962	166.98	0.0059887	-0.035678	-0.031359	-1.4614	16.953	27.753	913.05	-0.0071002	undefined	undefined	liquid
22.190	25.967	166.98	0.0059887	-0.035678	-0.031359	-1.4614	16.953	27.753	913.05	-0.0071002	undefined	undefined	liquid
22.190	25.971	166.98	0.0059887	-0.035678	-0.031359	-1.4614	16.953	27.753	913.05	-0.0071002	undefined	undefined	liquid
22.190	25.975	166.98	0.0059887	-0.035678	-0.031358	-1.4614	16.953	27.753	913.05	-0.0071002	undefined	undefined	liquid
22.190	25.979	166.98	0.0059887	-0.035679	-0.031358	-1.4614	16.953	27.753	913.06	-0.0071003	undefined	undefined	liquid
22.190	25.983	166.98	0.0059887	-0.035679	-0.031357	-1.4614	16.953	27.753	913.06	-0.0071003	undefined	undefined	liquid
22.190	25.988	166.98	0.0059887	-0.035679	-0.031357	-1.4614	16.953	27.753	913.06	-0.0071003	undefined	undefined	liquid
22.190	25.992	166.98	0.0059887	-0.035679	-0.031356	-1.4614	16.953	27.753	913.06	-0.0071003	undefined	undefined	liquid
22.190	25.996	166.98	0.0059887	-0.035680	-0.031356	-1.4614	16.953	27.753	913.06	-0.0071003	undefined	undefined	liquid
22.190	26.000	166.98	0.0059887	-0.035680	-0.031355	-1.4615	16.953	27.753	913.06	-0.0071003	undefined	undefined	liquid
22.190	26.004	166.98	0.0059887	-0.035680	-0.031355	-1.4615	16.953	27.753	913.06	-0.0071003	undefined	undefined	liquid
22.190	26.009	166.98	0.0059887	-0.035680	-0.031354	-1.4615	16.953	27.753	913.06	-0.0071004	undefined	undefined	liquid
22.190	26.013	166.98	0.0059887	-0.035681	-0.031354	-1.4615	16.953	27.753	913.06	-0.0071004	undefined	undefined	liquid
22.190	26.017	166.98	0.0059886	-0.035681	-0.031353	-1.4615	16.953	27.753	913.06	-0.0071004	undefined	undefined	liquid
22.190	26.021	166.98	0.0059886	-0.035681	-0.031353	-1.4615	16.953	27.753	913.06	-0.0071004	undefined	undefined	liquid
22.190	26.025	166.98	0.0059886	-0.035681	-0.031353	-1.4615	16.953	27.753	913.06	-0.0071004	undefined	undefined	liquid
22.190	26.030	166.98	0.0059886	-0.035682	-0.031352	-1.4615	16.953	27.753	913.06	-0.0071004	undefined	undefined	liquid
22.190	26.034	166.98	0.0059886	-0.035682	-0.031352	-1.4615	16.953	27.753	913.06	-0.0071004	undefined	undefined	liquid
22.190	26.038	166.98	0.0059886	-0.035682	-0.031351	-1.4615	16.953	27.753	913.06	-0.0071004	undefined	undefined	liquid
22.190	26.042	166.98	0.0059886	-0.035682	-0.031351	-1.4616	16.953	27.753	913.06	-0.0071005	undefined	undefined	liquid
22.190	26.046	166.98	0.0059886	-0.035682	-0.031350	-1.4616	16.953	27.753	913.06	-0.0071005	undefined	undefined	liquid
22.190	26.051	166.98	0.0059886	-0.035683	-0.031350	-1.4616	16.953	27.753	913.06	-0.0071005	undefined	undefined	liquid
22.190	26.055	166.98	0.0059886	-0.035683	-0.031349	-1.4616	16.953	27.753	913.06	-0.0071005	undefined	undefined	liquid
22.190	26.059	166.98	0.0059886	-0.035683	-0.031349	-1.4616	16.953	27.753	913.07	-0.0071005	undefined	undefined	liquid
22.190	26.063	166.98	0.0059886	-0.035683	-0.031348	-1.4616	16.953	27.753	913.07	-0.0071005	undefined	undefined	liquid
22.190	26.067	166.98	0.0059886	-0.035684	-0.031348	-1.4616	16.953	27.753	913.07	-0.0071005	undefined	undefined	liquid
22.190	26.072	166.98	0.0059886	-0.035684	-0.031348	-1.4616	16.953	27.753	913.07	-0.0071006	undefined	undefined	liquid
22.190	26.076	166.98	0.0059886	-0.035684	-0.031347	-1.4616	16.953	27.753	913.07	-0.0071006	undefined	undefined	liquid
22.190	26.080	166.98	0.0059886	-0.035684	-0.031347	-1.4617	16.953	27.753	913.07	-0.0071006	undefined	undefined	liquid
22.190	26.084	166.98	0.0059886	-0.035685	-0.031346	-1.4617	16.953	27.753	913.07	-0.0071006	undefined	undefined	liquid
22.190	26.088	166.98	0.0059886	-0.035685	-0.031346	-1.4617	16.953	27.753	913.07	-0.0071006	undefined	undefined	liquid
22.190	26.093	166.98	0.0059886	-0.035685	-0.031345	-1.4617	16.953	27.753	913.07	-0.0071006	undefined	undefined	liquid
22.190	26.097	166.98	0.0059886	-0.035685	-0.031345	-1.4617	16.953	27.752	913.07	-0.0071006	undefined	undefined	liquid
22.190	26.101	166.98	0.0059886	-0.035686	-0.031344	-1.4617	16.953	27.752	913.07	-0.0071006	undefined	undefined	liquid
22.190	26.105	166.98	0.0059886	-0.035686	-0.031344	-1.4617	16.953	27.752	913.07	-0.0071007	undefined	undefined	liquid
22.190	26.109	166.98	0.0059886	-0.035686	-0.031343	-1.4617	16.953	27.752	913.07	-0.0071007	undefined	undefined	liquid
22.190	26.114	166.98	0.0059886	-0.035686	-0.031343	-1.4617	16.953	27.752	913.07	-0.0071007	undefined	undefined	liquid
22.190	26.118	166.98	0.0059886	-0.035686	-0.031342	-1.4618	16.953	27.752	913.07	-0.0071007	undefined	undefined	liquid
22.190	26.122	166.98	0.0059886	-0.035687	-0.031342	-1.4618	16.953	27.752	913.07	-0.0071007	undefined	undefined	liquid
22.190	26.126	166.98	0.0059886	-0.035687	-0.031342	-1.4618	16.953	27.752	913.07	-0.0071007	undefined	undefined	liquid
22.190	26.130	166.98	0.0059886	-0.035687	-0.031341	-1.4618	16.953	27.752	913.07	-0.0071007	undefined	undefined	liquid
22.190	26.135	166.98	0.0059886	-0.035687	-0.031341	-1.4618	16.953	27.752	913.07	-0.0071008	undefined	undefined	liquid
22.190	26.139	166.98	0.0059886	-0.035688	-0.031340	-1.4618	16.953	27.752	913.08	-0.0071008	undefined	undefined	liquid
22.190	26.143	166.98	0.0059886	-0.035688	-0.031340	-1.4618	16.953	27.752	913.08	-0.0071008	undefined	undefined	liquid
22.190	26.147	166.98	0.0059886	-0.035688	-0.031339	-1.4618	16.953	27.752	913.08	-0.0071008	undefined	undefined	liquid
22.190	26.151	166.98	0.0059886	-0.035688	-0.031339	-1.4618	16.953	27.752	913.08	-0.0071008	undefined	undefined	liquid
22.190	26.156	166.98	0.0059886	-0.035689	-0.031338	-1.4619	16.953	27.752	913.08	-0.0071008	undefined	undefined	liquid
22.190	26.160	166.98	0.0059886	-0.035689	-0.031338	-1.4619	16.953	27.752	913.08	-0.0071008	undefined	undefined	liquid
22.190	26.164	166.98	0.0059886	-0.035689	-0.031337	-1.4619	16.953	27.752	913.08	-0.0071008	undefined	undefined	liquid
22.190	26.168	166.98	0.0059886	-0.035689	-0.031337	-1.4619	16.953	27.752	913.08	-0.0071009	undefined	undefined	liquid
22.190	26.172	166.98	0.0059886	-0.035690	-0.031336	-1.4619	16.953	27.752	913.08	-0.0071009	undefined	undefined	liquid
22.190	26.177	166.98	0.0059886	-0.035690	-0.031336	-1.4619	16.953	27.752	913.08	-0.0071009	undefined	undefined	liquid
22.190	26.181	166.98	0.0059886	-0.035690	-0.031336	-1.4619	16.953	27.752	913.08	-0.0071009	undefined	undefined	liquid
22.190	26.185	166.98	0.0059886	-0.035690	-0.031335	-1.4619	16.953	27.752	913.08	-0.0071009	undefined	undefined	liquid
22.190	26.189	166.98	0.0059886	-0.035691	-0.031335	-1.4619	16.953	27.752	913.08	-0.0071009	undefined	undefined	liquid
22.190	26.193	166.98	0.0059886	-0.035691	-0.031334	-1.4619	16.953	27.752	913.08	-0.0071009	undefined	undefined	liquid
22.190	26.198	166.99	0.0059886	-0.035691	-0.031334	-1.4620	16.953	27.752	913.08	-0.0071010	undefined	undefined	liquid
22.190	26.202	166.99	0.0059886	-0.035691	-0.031333	-1.4620	16.953	27.752	913.08	-0.0071010	undefined	undefined	liquid
22.190	26.206	166.99	0.0059886	-0.035691	-0.031333	-1.4620	16.953	27.752	913.08	-0.0071010	undefined	undefined	liquid
22.190	26.210	166.99	0.0059886	-0.035692	-0.031332	-1.4620	16.953	27.752	913.08	-0.0071010	undefined	undefined	liquid
22.190	26.214	166.99	0.0059886	-0.035692	-0.031332	-1.4620	16.953	27.752	913.09	-0.0071010	undefined	undefined	liquid
22.190	26.219	166.99	0.0059886	-0.035692	-0.031331	-1.4620	16.953	27.752	913.09	-0.0071010	undefined	undefined	liquid
22.190	26.223	166.99	0.0059885	-0.035692	-0.031331	-1.4620	16.953	27.752	913.09	-0.0071010	undefined	undefined	liquid
22.190	26.227	166.99	0.0059885	-0.035693	-0.031331	-1.4620	16.953	27.752	913.09	-0.0071010	undefined	undefined	liquid
22.190	26.231	166.99	0.0059885	-0.035693	-0.031330	-1.4620	16.953	27.752	913.09	-0.0071011	undefined	undefined	liquid
22.190	26.235	166.99	0.0059885	-0.035693	-0.031330	-1.4621	16.953	27.752	913.09	-0.0071011	undefined	undefined	liquid
22.190	26.240	166.99	0.0059885	-0.035693	-0.031329	-1.4621	16.953	27.752	913.09	-0.0071011	undefined	undefined	liquid
22.190	26.244	166.99	0.0059885	-0.035694	-0.031329	-1.4621	16.953	27.752	913.09	-0.0071011	undefined	undefined	liquid
22.190	26.248	166.99	0.0059885	-0.035694	-0.031328	-1.4621	16.953	27.752	913.09	-0.0071011	undefined	undefined	liquid
22.190	26.252	166.99	0.0059885	-0.035694	-0.031328	-1.4621	16.953	27.752	913.09	-0.0071011	undefined	undefined	liquid
22.190	26.256	166.99	0.0059885	-0.035694	-0.031327	-1.4621	16.953	27.752	913.09	-0.0071011	undefined	undefined	liquid
22.190	26.261	166.99	0.0059885	-0.035695	-0.031327	-1.4621	16.953	27.752	913.09	-0.0071011	undefined	undefined	liquid
22.190	26.265	166.99	0.0059885	-0.035695	-0.031326	-1.4621	16.953	27.752	913.09	-0.0071012	undefined	undefined	liquid
22.190	26.269	166.99	0.0059885	-0.035695	-0.031326	-1.4621	16.953	27.752	913.09	-0.0071012	undefined	undefined	liquid
22.190	26.273	166.99	0.0059885	-0.035695	-0.031325	-1.4622	16.953	27.752	913.09	-0.0071012	undefined	undefined	liquid
22.190	26.277	166.99	0.0059885	-0.035695	-0.031325	-1.4622	16.953	27.751	913.09	-0.0071012	undefined	undefined	liquid
22.190	26.282	166.99	0.0059885	-0.035696	-0.031325	-1.4622	16.953	27.751	913.09	-0.0071012	undefined	undefined	liquid
22.190	26.286	166.99	0.0059885	-0.035696	-0.031324	-1.4622	16.953	27.751	913.09	-0.0071012	undefined	undefined	liquid
22.190	26.290	166.99	0.0059885	-0.035696	-0.031324	-1.4622	16.953	27.751	913.09	-0.0071012	undefined	undefined	liquid
22.190	26.294	166.99	0.0059885	-0.035696	-0.031323	-1.4622	16.953	27.751	913.10	-0.0071013	undefined	undefined	liquid
22.190	26.298	166.99	0.0059885	-0.035697	-0.031323	-1.4622	16.953	27.751	913.10	-0.0071013	undefined	undefined	liquid
22.190	26.303	166.99	0.0059885	-0.035697	-0.031322	-1.4622	16.953	27.751	913.10	-0.0071013	undefined	undefined	liquid
22.190	26.307	166.99	0.0059885	-0.035697	-0.031322	-1.4622	16.953	27.751	913.10	-0.0071013	undefined	undefined	liquid
22.190	26.311	166.99	0.0059885	-0.035697	-0.031321	-1.4622	16.953	27.751	913.10	-0.0071013	undefined	undefined	liquid
22.190	26.315	166.99	0.0059885	-0.035698	-0.031321	-1.4623	16.953	27.751	913.10	-0.0071013	undefined	undefined	liquid
22.190	26.319	166.99	0.0059885	-0.035698	-0.031320	-1.4623	16.953	27.751	913.10	-0.0071013	undefined	undefined	liquid
22.190	26.324	166.99	0.0059885	-0.035698	-0.031320	-1.4623	16.953	27.751	913.10	-0.0071013	undefined	undefined	liquid
22.190	26.328	166.99	0.0059885	-0.035698	-0.031319	-1.4623	16.953	27.751	913.10	-0.0071014	undefined	undefined	liquid
22.190	26.332	166.99	0.0059885	-0.035699	-0.031319	-1.4623	16.953	27.751	913.10	-0.0071014	undefined	undefined	liquid
22.190	26.336	166.99	0.0059885	-0.035699	-0.031319	-1.4623	16.953	27.751	913.10	-0.0071014	undefined	undefined	liquid
22.190	26.340	166.99	0.0059885	-0.035699	-0.031318	-1.4623	16.953	27.751	913.10	-0.0071014	undefined	undefined	liquid
22.190	26.345	166.99	0.0059885	-0.035699	-0.031318	-1.4623	16.953	27.751	913.10	-0.0071014	undefined	undefined	liquid
22.190	26.349	166.99	0.0059885	-0.035700	-0.031317	-1.4623	16.953	27.751	913.10	-0.0071014	undefined	undefined	liquid
22.190	26.353	166.99	0.0059885	-0.035700	-0.031317	-1.4624	16.953	27.751	913.10	-0.0071014	undefined	undefined	liquid
22.190	26.357	166.99	0.0059885	-0.035700	-0.031316	-1.4624	16.953	27.751	913.10	-0.0071015	undefined	undefined	liquid
22.190	26.361	166.99	0.0059885	-0.035700	-0.031316	-1.4624	16.953	27.751	913.10	-0.0071015	undefined	undefined	liquid
22.190	26.366	166.99	0.0059885	-0.035700	-0.031315	-1.4624	16.953	27.751	913.10	-0.0071015	undefined	undefined	liquid
22.190	26.370	166.99	0.0059885	-0.035701	-0.031315	-1.4624	16.953	27.751	913.10	-0.0071015	undefined	undefined	liquid
22.190	26.374	166.99	0.0059885	-0.035701	-0.031314	-1.4624	16.953	27.751	913.11	-0.0071015	undefined	undefined	liquid
22.190	26.378	166.99	0.0059885	-0.035701	-0.031314	-1.4624	16.954	27.751	913.11	-0.0071015	undefined	undefined	liquid
22.190	26.382	166.99	0.0059885	-0.035701	-0.031313	-1.4624	16.954	27.751	913.11	-0.0071015	undefined	undefined	liquid
22.190	26.387	166.99	0.0059885	-0.035702	-0.031313	-1.4624	16.954	27.751	913.11	-0.0071015	undefined	undefined	liquid
22.190	26.391	166.99	0.0059885	-0.035702	-0.031313	-1.4625	16.954	27.751	913.11	-0.0071016	undefined	undefined	liquid
22.190	26.395	166.99	0.0059885	-0.035702	-0.031312	-1.4625	16.954	27.751	913.11	-0.0071016	undefined	undefined	liquid
22.190	26.399	166.99	0.0059885	-0.035702	-0.031312	-1.4625	16.954	27.751	913.11	-0.0071016	undefined	undefined	liquid
22.190	26.403	166.99	0.0059885	-0.035703	-0.031311	-1.4625	16.954	27.751	913.11	-0.0071016	undefined	undefined	liquid
22.190	26.408	166.99	0.0059885	-0.035703	-0.031311	-1.4625	16.954	27.751	913.11	-0.0071016	undefined	undefined	liquid
22.190	26.412	166.99	0.0059885	-0.035703	-0.031310	-1.4625	16.954	27.751	913.11	-0.0071016	undefined	undefined	liquid
22.190	26.416	166.99	0.0059885	-0.035703	-0.031310	-1.4625	16.954	27.751	913.11	-0.0071016	undefined	undefined	liquid
22.190	26.420	166.99	0.0059885	-0.035704	-0.031309	-1.4625	16.954	27.751	913.11	-0.0071017	undefined	undefined	liquid
22.190	26.424	166.99	0.0059885	-0.035704	-0.031309	-1.4625	16.954	27.751	913.11	-0.0071017	undefined	undefined	liquid
22.190	26.429	166.99	0.0059884	-0.035704	-0.031308	-1.4625	16.954	27.751	913.11	-0.0071017	undefined	undefined	liquid
22.190	26.433	166.99	0.0059884	-0.035704	-0.031308	-1.4626	16.954	27.751	913.11	-0.0071017	undefined	undefined	liquid
22.190	26.437	166.99	0.0059884	-0.035705	-0.031308	-1.4626	16.954	27.751	913.11	-0.0071017	undefined	undefined	liquid
22.190	26.441	166.99	0.0059884	-0.035705	-0.031307	-1.4626	16.954	27.751	913.11	-0.0071017	undefined	undefined	liquid
22.190	26.445	166.99	0.0059884	-0.035705	-0.031307	-1.4626	16.954	27.751	913.11	-0.0071017	undefined	undefined	liquid
22.190	26.450	166.99	0.0059884	-0.035705	-0.031306	-1.4626	16.954	27.751	913.12	-0.0071017	undefined	undefined	liquid
22.190	26.454	166.99	0.0059884	-0.035705	-0.031306	-1.4626	16.954	27.750	913.12	-0.0071018	undefined	undefined	liquid
22.190	26.458	166.99	0.0059884	-0.035706	-0.031305	-1.4626	16.954	27.750	913.12	-0.0071018	undefined	undefined	liquid
22.190	26.462	166.99	0.0059884	-0.035706	-0.031305	-1.4626	16.954	27.750	913.12	-0.0071018	undefined	undefined	liquid
22.190	26.466	166.99	0.0059884	-0.035706	-0.031304	-1.4626	16.954	27.750	913.12	-0.0071018	undefined	undefined	liquid
22.190	26.471	166.99	0.0059884	-0.035706	-0.031304	-1.4627	16.954	27.750	913.12	-0.0071018	undefined	undefined	liquid
22.190	26.475	166.99	0.0059884	-0.035707	-0.031303	-1.4627	16.954	27.750	913.12	-0.0071018	undefined	undefined	liquid
22.190	26.479	166.99	0.0059884	-0.035707	-0.031303	-1.4627	16.954	27.750	913.12	-0.0071018	undefined	undefined	liquid
22.190	26.483	166.99	0.0059884	-0.035707	-0.031302	-1.4627	16.954	27.750	913.12	-0.0071019	undefined	undefined	liquid
22.190	26.487	166.99	0.0059884	-0.035707	-0.031302	-1.4627	16.954	27.750	913.12	-0.0071019	undefined	undefined	liquid
22.190	26.492	166.99	0.0059884	-0.035708	-0.031302	-1.4627	16.954	27.750	913.12	-0.0071019	undefined	undefined	liquid
22.190	26.496	166.99	0.0059884	-0.035708	-0.031301	-1.4627	16.954	27.750	913.12	-0.0071019	undefined	undefined	liquid
22.190	26.500	166.99	0.0059884	-0.035708	-0.031301	-1.4627	16.954	27.750	913.12	-0.0071019	undefined	undefined	liquid
22.190	26.504	166.99	0.0059884	-0.035708	-0.031300	-1.4627	16.954	27.750	913.12	-0.0071019	undefined	undefined	liquid
22.190	26.508	166.99	0.0059884	-0.035709	-0.031300	-1.4628	16.954	27.750	913.12	-0.0071019	undefined	undefined	liquid
22.190	26.513	166.99	0.0059884	-0.035709	-0.031299	-1.4628	16.954	27.750	913.12	-0.0071019	undefined	undefined	liquid
22.190	26.517	166.99	0.0059884	-0.035709	-0.031299	-1.4628	16.954	27.750	913.12	-0.0071020	undefined	undefined	liquid
22.190	26.521	166.99	0.0059884	-0.035709	-0.031298	-1.4628	16.954	27.750	913.12	-0.0071020	undefined	undefined	liquid
22.190	26.525	166.99	0.0059884	-0.035709	-0.031298	-1.4628	16.954	27.750	913.12	-0.0071020	undefined	undefined	liquid
22.190	26.529	166.99	0.0059884	-0.035710	-0.031297	-1.4628	16.954	27.750	913.13	-0.0071020	undefined	undefined	liquid
22.190	26.534	166.99	0.0059884	-0.035710	-0.031297	-1.4628	16.954	27.750	913.13	-0.0071020	undefined	undefined	liquid
22.190	26.538	166.99	0.0059884	-0.035710	-0.031296	-1.4628	16.954	27.750	913.13	-0.0071020	undefined	undefined	liquid
22.190	26.542	166.99	0.0059884	-0.035710	-0.031296	-1.4628	16.954	27.750	913.13	-0.0071020	undefined	undefined	liquid
22.190	26.546	166.99	0.0059884	-0.035711	-0.031296	-1.4629	16.954	27.750	913.13	-0.0071021	undefined	undefined	liquid
22.190	26.550	166.99	0.0059884	-0.035711	-0.031295	-1.4629	16.954	27.750	913.13	-0.0071021	undefined	undefined	liquid
22.190	26.555	166.99	0.0059884	-0.035711	-0.031295	-1.4629	16.954	27.750	913.13	-0.0071021	undefined	undefined	liquid
22.190	26.559	166.99	0.0059884	-0.035711	-0.031294	-1.4629	16.954	27.750	913.13	-0.0071021	undefined	undefined	liquid
22.190	26.563	166.99	0.0059884	-0.035712	-0.031294	-1.4629	16.954	27.750	913.13	-0.0071021	undefined	undefined	liquid
22.190	26.567	166.99	0.0059884	-0.035712	-0.031293	-1.4629	16.954	27.750	913.13	-0.0071021	undefined	undefined	liquid
22.190	26.571	166.99	0.0059884	-0.035712	-0.031293	-1.4629	16.954	27.750	913.13	-0.0071021	undefined	undefined	liquid
22.190	26.576	166.99	0.0059884	-0.035712	-0.031292	-1.4629	16.954	27.750	913.13	-0.0071021	undefined	undefined	liquid
22.190	26.580	166.99	0.0059884	-0.035713	-0.031292	-1.4629	16.954	27.750	913.13	-0.0071022	undefined	undefined	liquid
22.190	26.584	166.99	0.0059884	-0.035713	-0.031291	-1.4629	16.954	27.750	913.13	-0.0071022	undefined	undefined	liquid
22.190	26.588	166.99	0.0059884	-0.035713	-0.031291	-1.4630	16.954	27.750	913.13	-0.0071022	undefined	undefined	liquid
22.190	26.592	166.99	0.0059884	-0.035713	-0.031291	-1.4630	16.954	27.750	913.13	-0.0071022	undefined	undefined	liquid
22.190	26.597	166.99	0.0059884	-0.035714	-0.031290	-1.4630	16.954	27.750	913.13	-0.0071022	undefined	undefined	liquid
22.190	26.601	166.99	0.0059884	-0.035714	-0.031290	-1.4630	16.954	27.750	913.13	-0.0071022	undefined	undefined	liquid
22.190	26.605	166.99	0.0059884	-0.035714	-0.031289	-1.4630	16.954	27.750	913.14	-0.0071022	undefined	undefined	liquid
22.190	26.609	166.99	0.0059884	-0.035714	-0.031289	-1.4630	16.954	27.750	913.14	-0.0071023	undefined	undefined	liquid
22.190	26.613	166.99	0.0059884	-0.035714	-0.031288	-1.4630	16.954	27.750	913.14	-0.0071023	undefined	undefined	liquid
22.190	26.618	166.99	0.0059884	-0.035715	-0.031288	-1.4630	16.954	27.750	913.14	-0.0071023	undefined	undefined	liquid
22.190	26.622	166.99	0.0059884	-0.035715	-0.031287	-1.4630	16.954	27.750	913.14	-0.0071023	undefined	undefined	liquid
22.190	26.626	166.99	0.0059884	-0.035715	-0.031287	-1.4631	16.954	27.750	913.14	-0.0071023	undefined	undefined	liquid
22.190	26.630	166.99	0.0059884	-0.035715	-0.031286	-1.4631	16.954	27.750	913.14	-0.0071023	undefined	undefined	liquid
22.190	26.634	166.99	0.0059883	-0.035716	-0.031286	-1.4631	16.954	27.749	913.14	-0.0071023	undefined	undefined	liquid
22.190	26.639	166.99	0.0059883	-0.035716	-0.031285	-1.4631	16.954	27.749	913.14	-0.0071023	undefined	undefined	liquid
22.190	26.643	166.99	0.0059883	-0.035716	-0.031285	-1.4631	16.954	27.749	913.14	-0.0071024	undefined	undefined	liquid
22.190	26.647	166.99	0.0059883	-0.035716	-0.031285	-1.4631	16.954	27.749	913.14	-0.0071024	undefined	undefined	liquid
22.190	26.651	166.99	0.0059883	-0.035717	-0.031284	-1.4631	16.954	27.749	913.14	-0.0071024	undefined	undefined	liquid
22.190	26.655	166.99	0.0059883	-0.035717	-0.031284	-1.4631	16.954	27.749	913.14	-0.0071024	undefined	undefined	liquid
22.190	26.660	166.99	0.0059883	-0.035717	-0.031283	-1.4631	16.954	27.749	913.14	-0.0071024	undefined	undefined	liquid
22.190	26.664	166.99	0.0059883	-0.035717	-0.031283	-1.4632	16.954	27.749	913.14	-0.0071024	undefined	undefined	liquid
22.190	26.668	166.99	0.0059883	-0.035718	-0.031282	-1.4632	16.954	27.749	913.14	-0.0071024	undefined	undefined	liquid
22.190	26.672	166.99	0.0059883	-0.035718	-0.031282	-1.4632	16.954	27.749	913.14	-0.0071025	undefined	undefined	liquid
22.190	26.676	166.99	0.0059883	-0.035718	-0.031281	-1.4632	16.954	27.749	913.14	-0.0071025	undefined	undefined	liquid
22.190	26.681	166.99	0.0059883	-0.035718	-0.031281	-1.4632	16.954	27.749	913.14	-0.0071025	undefined	undefined	liquid
22.190	26.685	166.99	0.0059883	-0.035719	-0.031280	-1.4632	16.954	27.749	913.15	-0.0071025	undefined	undefined	liquid
22.190	26.689	166.99	0.0059883	-0.035719	-0.031280	-1.4632	16.954	27.749	913.15	-0.0071025	undefined	undefined	liquid
22.190	26.693	166.99	0.0059883	-0.035719	-0.031279	-1.4632	16.954	27.749	913.15	-0.0071025	undefined	undefined	liquid
22.190	26.697	166.99	0.0059883	-0.035719	-0.031279	-1.4632	16.954	27.749	913.15	-0.0071025	undefined	undefined	liquid
22.190	26.702	166.99	0.0059883	-0.035719	-0.031279	-1.4632	16.954	27.749	913.15	-0.0071025	undefined	undefined	liquid
22.190	26.706	166.99	0.0059883	-0.035720	-0.031278	-1.4633	16.954	27.749	913.15	-0.0071026	undefined	undefined	liquid
22.190	26.710	166.99	0.0059883	-0.035720	-0.031278	-1.4633	16.954	27.749	913.15	-0.0071026	undefined	undefined	liquid
22.190	26.714	166.99	0.0059883	-0.035720	-0.031277	-1.4633	16.954	27.749	913.15	-0.0071026	undefined	undefined	liquid
22.190	26.718	166.99	0.0059883	-0.035720	-0.031277	-1.4633	16.954	27.749	913.15	-0.0071026	undefined	undefined	liquid
22.190	26.723	166.99	0.0059883	-0.035721	-0.031276	-1.4633	16.954	27.749	913.15	-0.0071026	undefined	undefined	liquid
22.190	26.727	166.99	0.0059883	-0.035721	-0.031276	-1.4633	16.954	27.749	913.15	-0.0071026	undefined	undefined	liquid
22.190	26.731	166.99	0.0059883	-0.035721	-0.031275	-1.4633	16.954	27.749	913.15	-0.0071026	undefined	undefined	liquid
22.190	26.735	166.99	0.0059883	-0.035721	-0.031275	-1.4633	16.954	27.749	913.15	-0.0071027	undefined	undefined	liquid
22.190	26.739	166.99	0.0059883	-0.035722	-0.031274	-1.4633	16.954	27.749	913.15	-0.0071027	undefined	undefined	liquid
22.190	26.744	166.99	0.0059883	-0.035722	-0.031274	-1.4634	16.954	27.749	913.15	-0.0071027	undefined	undefined	liquid
22.190	26.748	166.99	0.0059883	-0.035722	-0.031273	-1.4634	16.954	27.749	913.15	-0.0071027	undefined	undefined	liquid
22.190	26.752	166.99	0.0059883	-0.035722	-0.031273	-1.4634	16.954	27.749	913.15	-0.0071027	undefined	undefined	liquid
22.190	26.756	166.99	0.0059883	-0.035723	-0.031273	-1.4634	16.954	27.749	913.15	-0.0071027	undefined	undefined	liquid
22.190	26.760	166.99	0.0059883	-0.035723	-0.031272	-1.4634	16.954	27.749	913.15	-0.0071027	undefined	undefined	liquid
22.190	26.765	166.99	0.0059883	-0.035723	-0.031272	-1.4634	16.954	27.749	913.16	-0.0071027	undefined	undefined	liquid
22.190	26.769	166.99	0.0059883	-0.035723	-0.031271	-1.4634	16.954	27.749	913.16	-0.0071028	undefined	undefined	liquid
22.190	26.773	166.99	0.0059883	-0.035723	-0.031271	-1.4634	16.954	27.749	913.16	-0.0071028	undefined	undefined	liquid
22.190	26.777	166.99	0.0059883	-0.035724	-0.031270	-1.4634	16.954	27.749	913.16	-0.0071028	undefined	undefined	liquid
22.190	26.781	166.99	0.0059883	-0.035724	-0.031270	-1.4635	16.954	27.749	913.16	-0.0071028	undefined	undefined	liquid
22.190	26.786	166.99	0.0059883	-0.035724	-0.031269	-1.4635	16.954	27.749	913.16	-0.0071028	undefined	undefined	liquid
22.190	26.790	166.99	0.0059883	-0.035724	-0.031269	-1.4635	16.954	27.749	913.16	-0.0071028	undefined	undefined	liquid
22.190	26.794	166.99	0.0059883	-0.035725	-0.031268	-1.4635	16.954	27.749	913.16	-0.0071028	undefined	undefined	liquid
22.190	26.798	166.99	0.0059883	-0.035725	-0.031268	-1.4635	16.954	27.749	913.16	-0.0071029	undefined	undefined	liquid
22.190	26.802	166.99	0.0059883	-0.035725	-0.031268	-1.4635	16.954	27.749	913.16	-0.0071029	undefined	undefined	liquid
22.190	26.807	166.99	0.0059883	-0.035725	-0.031267	-1.4635	16.954	27.749	913.16	-0.0071029	undefined	undefined	liquid
22.190	26.811	166.99	0.0059883	-0.035726	-0.031267	-1.4635	16.954	27.748	913.16	-0.0071029	undefined	undefined	liquid
22.190	26.815	166.99	0.0059883	-0.035726	-0.031266	-1.4635	16.954	27.748	913.16	-0.0071029	undefined	undefined	liquid
22.190	26.819	166.99	0.0059883	-0.035726	-0.031266	-1.4635	16.954	27.748	913.16	-0.0071029	undefined	undefined	liquid
22.190	26.823	166.99	0.0059883	-0.035726	-0.031265	-1.4636	16.954	27.748	913.16	-0.0071029	undefined	undefined	liquid
22.190	26.828	166.99	0.0059883	-0.035727	-0.031265	-1.4636	16.954	27.748	913.16	-0.0071029	undefined	undefined	liquid
22.190	26.832	166.99	0.0059883	-0.035727	-0.031264	-1.4636	16.954	27.748	913.16	-0.0071030	undefined	undefined	liquid
22.190	26.836	166.99	0.0059883	-0.035727	-0.031264	-1.4636	16.954	27.748	913.16	-0.0071030	undefined	undefined	liquid
22.190	26.840	166.99	0.0059882	-0.035727	-0.031263	-1.4636	16.954	27.748	913.17	-0.0071030	undefined	undefined	liquid
22.190	26.844	166.99	0.0059882	-0.035728	-0.031263	-1.4636	16.954	27.748	913.17	-0.0071030	undefined	undefined	liquid
22.190	26.849	166.99	0.0059882	-0.035728	-0.031262	-1.4636	16.954	27.748	913.17	-0.0071030	undefined	undefined	liquid
22.190	26.853	166.99	0.0059882	-0.035728	-0.031262	-1.4636	16.954	27.748	913.17	-0.0071030	undefined	undefined	liquid
22.190	26.857	166.99	0.0059882	-0.035728	-0.031262	-1.4636	16.954	27.748	913.17	-0.0071030	undefined	undefined	liquid
22.190	26.861	166.99	0.0059882	-0.035728	-0.031261	-1.4637	16.954	27.748	913.17	-0.0071031	undefined	undefined	liquid
22.190	26.865	166.99	0.0059882	-0.035729	-0.031261	-1.4637	16.954	27.748	913.17	-0.0071031	undefined	undefined	liquid
22.190	26.870	166.99	0.0059882	-0.035729	-0.031260	-1.4637	16.954	27.748	913.17	-0.0071031	undefined	undefined	liquid
22.190	26.874	166.99	0.0059882	-0.035729	-0.031260	-1.4637	16.954	27.748	913.17	-0.0071031	undefined	undefined	liquid
22.190	26.878	166.99	0.0059882	-0.035729	-0.031259	-1.4637	16.954	27.748	913.17	-0.0071031	undefined	undefined	liquid
22.190	26.882	166.99	0.0059882	-0.035730	-0.031259	-1.4637	16.954	27.748	913.17	-0.0071031	undefined	undefined	liquid
22.190	26.886	166.99	0.0059882	-0.035730	-0.031258	-1.4637	16.954	27.748	913.17	-0.0071031	undefined	undefined	liquid
22.190	26.891	166.99	0.0059882	-0.035730	-0.031258	-1.4637	16.954	27.748	913.17	-0.0071031	undefined	undefined	liquid
22.190	26.895	166.99	0.0059882	-0.035730	-0.031257	-1.4637	16.954	27.748	913.17	-0.0071032	undefined	undefined	liquid
22.190	26.899	166.99	0.0059882	-0.035731	-0.031257	-1.4638	16.954	27.748	913.17	-0.0071032	undefined	undefined	liquid
22.190	26.903	166.99	0.0059882	-0.035731	-0.031256	-1.4638	16.954	27.748	913.17	-0.0071032	undefined	undefined	liquid
22.190	26.907	166.99	0.0059882	-0.035731	-0.031256	-1.4638	16.954	27.748	913.17	-0.0071032	undefined	undefined	liquid
22.190	26.912	166.99	0.0059882	-0.035731	-0.031256	-1.4638	16.954	27.748	913.17	-0.0071032	undefined	undefined	liquid
22.190	26.916	166.99	0.0059882	-0.035732	-0.031255	-1.4638	16.954	27.748	913.17	-0.0071032	undefined	undefined	liquid
22.190	26.920	166.99	0.0059882	-0.035732	-0.031255	-1.4638	16.954	27.748	913.18	-0.0071032	undefined	undefined	liquid
