Temperature (K)	Pressure (psia)	Density (kg/m3)	Volume (m3/kg)	Internal Energy (kJ/mol)	Enthalpy (kJ/mol)	Entropy (J/mol*K)	Cv (J/mol*K)	Cp (J/mol*K)	Sound Spd. (m/s)	Joule-Thomson (F/psia)	Viscosity (uPa*s)	Therm. Cond. (W/m*K)	Phase
22.240	24.400	166.83	0.0059941	-0.034201	-0.030139	-1.3947	17.013	27.883	910.81	-0.0070464	undefined	undefined	liquid
22.240	24.404	166.83	0.0059941	-0.034202	-0.030139	-1.3947	17.013	27.883	910.81	-0.0070464	undefined	undefined	liquid
22.240	24.408	166.83	0.0059941	-0.034202	-0.030138	-1.3948	17.013	27.883	910.81	-0.0070464	undefined	undefined	liquid
22.240	24.413	166.83	0.0059941	-0.034202	-0.030138	-1.3948	17.013	27.883	910.81	-0.0070464	undefined	undefined	liquid
22.240	24.417	166.83	0.0059941	-0.034202	-0.030138	-1.3948	17.013	27.883	910.81	-0.0070464	undefined	undefined	liquid
22.240	24.421	166.83	0.0059941	-0.034203	-0.030137	-1.3948	17.013	27.883	910.81	-0.0070464	undefined	undefined	liquid
22.240	24.425	166.83	0.0059941	-0.034203	-0.030137	-1.3948	17.013	27.883	910.81	-0.0070464	undefined	undefined	liquid
22.240	24.429	166.83	0.0059940	-0.034203	-0.030136	-1.3948	17.013	27.883	910.81	-0.0070465	undefined	undefined	liquid
22.240	24.434	166.83	0.0059940	-0.034203	-0.030136	-1.3948	17.013	27.883	910.81	-0.0070465	undefined	undefined	liquid
22.240	24.438	166.83	0.0059940	-0.034204	-0.030135	-1.3948	17.013	27.883	910.81	-0.0070465	undefined	undefined	liquid
22.240	24.442	166.83	0.0059940	-0.034204	-0.030135	-1.3948	17.013	27.883	910.82	-0.0070465	undefined	undefined	liquid
22.240	24.446	166.83	0.0059940	-0.034204	-0.030134	-1.3948	17.013	27.883	910.82	-0.0070465	undefined	undefined	liquid
22.240	24.450	166.83	0.0059940	-0.034204	-0.030134	-1.3949	17.013	27.883	910.82	-0.0070465	undefined	undefined	liquid
22.240	24.455	166.83	0.0059940	-0.034204	-0.030133	-1.3949	17.013	27.883	910.82	-0.0070465	undefined	undefined	liquid
22.240	24.459	166.83	0.0059940	-0.034205	-0.030133	-1.3949	17.013	27.883	910.82	-0.0070465	undefined	undefined	liquid
22.240	24.463	166.83	0.0059940	-0.034205	-0.030132	-1.3949	17.013	27.883	910.82	-0.0070466	undefined	undefined	liquid
22.240	24.467	166.83	0.0059940	-0.034205	-0.030132	-1.3949	17.013	27.883	910.82	-0.0070466	undefined	undefined	liquid
22.240	24.471	166.83	0.0059940	-0.034205	-0.030132	-1.3949	17.013	27.883	910.82	-0.0070466	undefined	undefined	liquid
22.240	24.476	166.83	0.0059940	-0.034206	-0.030131	-1.3949	17.013	27.883	910.82	-0.0070466	undefined	undefined	liquid
22.240	24.480	166.83	0.0059940	-0.034206	-0.030131	-1.3949	17.013	27.883	910.82	-0.0070466	undefined	undefined	liquid
22.240	24.484	166.83	0.0059940	-0.034206	-0.030130	-1.3949	17.013	27.883	910.82	-0.0070466	undefined	undefined	liquid
22.240	24.488	166.83	0.0059940	-0.034206	-0.030130	-1.3950	17.013	27.883	910.82	-0.0070466	undefined	undefined	liquid
22.240	24.492	166.83	0.0059940	-0.034207	-0.030129	-1.3950	17.013	27.883	910.82	-0.0070466	undefined	undefined	liquid
22.240	24.497	166.83	0.0059940	-0.034207	-0.030129	-1.3950	17.013	27.883	910.82	-0.0070467	undefined	undefined	liquid
22.240	24.501	166.83	0.0059940	-0.034207	-0.030128	-1.3950	17.013	27.883	910.82	-0.0070467	undefined	undefined	liquid
22.240	24.505	166.83	0.0059940	-0.034207	-0.030128	-1.3950	17.013	27.883	910.82	-0.0070467	undefined	undefined	liquid
22.240	24.509	166.83	0.0059940	-0.034208	-0.030127	-1.3950	17.013	27.883	910.82	-0.0070467	undefined	undefined	liquid
22.240	24.513	166.83	0.0059940	-0.034208	-0.030127	-1.3950	17.013	27.883	910.82	-0.0070467	undefined	undefined	liquid
22.240	24.518	166.83	0.0059940	-0.034208	-0.030127	-1.3950	17.013	27.882	910.82	-0.0070467	undefined	undefined	liquid
22.240	24.522	166.83	0.0059940	-0.034208	-0.030126	-1.3950	17.013	27.882	910.83	-0.0070467	undefined	undefined	liquid
22.240	24.526	166.83	0.0059940	-0.034209	-0.030126	-1.3951	17.013	27.882	910.83	-0.0070468	undefined	undefined	liquid
22.240	24.530	166.83	0.0059940	-0.034209	-0.030125	-1.3951	17.013	27.882	910.83	-0.0070468	undefined	undefined	liquid
22.240	24.534	166.83	0.0059940	-0.034209	-0.030125	-1.3951	17.013	27.882	910.83	-0.0070468	undefined	undefined	liquid
22.240	24.539	166.83	0.0059940	-0.034209	-0.030124	-1.3951	17.013	27.882	910.83	-0.0070468	undefined	undefined	liquid
22.240	24.543	166.83	0.0059940	-0.034210	-0.030124	-1.3951	17.013	27.882	910.83	-0.0070468	undefined	undefined	liquid
22.240	24.547	166.83	0.0059940	-0.034210	-0.030123	-1.3951	17.013	27.882	910.83	-0.0070468	undefined	undefined	liquid
22.240	24.551	166.83	0.0059940	-0.034210	-0.030123	-1.3951	17.013	27.882	910.83	-0.0070468	undefined	undefined	liquid
22.240	24.555	166.83	0.0059940	-0.034210	-0.030122	-1.3951	17.013	27.882	910.83	-0.0070468	undefined	undefined	liquid
22.240	24.560	166.83	0.0059940	-0.034210	-0.030122	-1.3951	17.013	27.882	910.83	-0.0070469	undefined	undefined	liquid
22.240	24.564	166.83	0.0059940	-0.034211	-0.030121	-1.3952	17.013	27.882	910.83	-0.0070469	undefined	undefined	liquid
22.240	24.568	166.83	0.0059940	-0.034211	-0.030121	-1.3952	17.013	27.882	910.83	-0.0070469	undefined	undefined	liquid
22.240	24.572	166.83	0.0059940	-0.034211	-0.030121	-1.3952	17.013	27.882	910.83	-0.0070469	undefined	undefined	liquid
22.240	24.576	166.83	0.0059940	-0.034211	-0.030120	-1.3952	17.013	27.882	910.83	-0.0070469	undefined	undefined	liquid
22.240	24.581	166.83	0.0059940	-0.034212	-0.030120	-1.3952	17.013	27.882	910.83	-0.0070469	undefined	undefined	liquid
22.240	24.585	166.83	0.0059940	-0.034212	-0.030119	-1.3952	17.013	27.882	910.83	-0.0070469	undefined	undefined	liquid
22.240	24.589	166.83	0.0059940	-0.034212	-0.030119	-1.3952	17.013	27.882	910.83	-0.0070470	undefined	undefined	liquid
22.240	24.593	166.83	0.0059940	-0.034212	-0.030118	-1.3952	17.013	27.882	910.83	-0.0070470	undefined	undefined	liquid
22.240	24.597	166.83	0.0059940	-0.034213	-0.030118	-1.3952	17.013	27.882	910.83	-0.0070470	undefined	undefined	liquid
22.240	24.602	166.83	0.0059940	-0.034213	-0.030117	-1.3952	17.013	27.882	910.84	-0.0070470	undefined	undefined	liquid
22.240	24.606	166.83	0.0059940	-0.034213	-0.030117	-1.3953	17.013	27.882	910.84	-0.0070470	undefined	undefined	liquid
22.240	24.610	166.83	0.0059940	-0.034213	-0.030116	-1.3953	17.013	27.882	910.84	-0.0070470	undefined	undefined	liquid
22.240	24.614	166.83	0.0059940	-0.034214	-0.030116	-1.3953	17.013	27.882	910.84	-0.0070470	undefined	undefined	liquid
22.240	24.618	166.83	0.0059940	-0.034214	-0.030116	-1.3953	17.013	27.882	910.84	-0.0070470	undefined	undefined	liquid
22.240	24.623	166.83	0.0059940	-0.034214	-0.030115	-1.3953	17.013	27.882	910.84	-0.0070471	undefined	undefined	liquid
22.240	24.627	166.83	0.0059940	-0.034214	-0.030115	-1.3953	17.013	27.882	910.84	-0.0070471	undefined	undefined	liquid
22.240	24.631	166.83	0.0059939	-0.034215	-0.030114	-1.3953	17.013	27.882	910.84	-0.0070471	undefined	undefined	liquid
22.240	24.635	166.83	0.0059939	-0.034215	-0.030114	-1.3953	17.013	27.882	910.84	-0.0070471	undefined	undefined	liquid
22.240	24.639	166.84	0.0059939	-0.034215	-0.030113	-1.3953	17.013	27.882	910.84	-0.0070471	undefined	undefined	liquid
22.240	24.644	166.84	0.0059939	-0.034215	-0.030113	-1.3954	17.013	27.882	910.84	-0.0070471	undefined	undefined	liquid
22.240	24.648	166.84	0.0059939	-0.034215	-0.030112	-1.3954	17.013	27.882	910.84	-0.0070471	undefined	undefined	liquid
22.240	24.652	166.84	0.0059939	-0.034216	-0.030112	-1.3954	17.013	27.882	910.84	-0.0070471	undefined	undefined	liquid
22.240	24.656	166.84	0.0059939	-0.034216	-0.030111	-1.3954	17.014	27.882	910.84	-0.0070472	undefined	undefined	liquid
22.240	24.660	166.84	0.0059939	-0.034216	-0.030111	-1.3954	17.014	27.882	910.84	-0.0070472	undefined	undefined	liquid
22.240	24.665	166.84	0.0059939	-0.034216	-0.030110	-1.3954	17.014	27.882	910.84	-0.0070472	undefined	undefined	liquid
22.240	24.669	166.84	0.0059939	-0.034217	-0.030110	-1.3954	17.014	27.882	910.84	-0.0070472	undefined	undefined	liquid
22.240	24.673	166.84	0.0059939	-0.034217	-0.030110	-1.3954	17.014	27.882	910.84	-0.0070472	undefined	undefined	liquid
22.240	24.677	166.84	0.0059939	-0.034217	-0.030109	-1.3954	17.014	27.882	910.84	-0.0070472	undefined	undefined	liquid
22.240	24.681	166.84	0.0059939	-0.034217	-0.030109	-1.3955	17.014	27.882	910.85	-0.0070472	undefined	undefined	liquid
22.240	24.686	166.84	0.0059939	-0.034218	-0.030108	-1.3955	17.014	27.882	910.85	-0.0070473	undefined	undefined	liquid
22.240	24.690	166.84	0.0059939	-0.034218	-0.030108	-1.3955	17.014	27.882	910.85	-0.0070473	undefined	undefined	liquid
22.240	24.694	166.84	0.0059939	-0.034218	-0.030107	-1.3955	17.014	27.881	910.85	-0.0070473	undefined	undefined	liquid
22.240	24.698	166.84	0.0059939	-0.034218	-0.030107	-1.3955	17.014	27.881	910.85	-0.0070473	undefined	undefined	liquid
22.240	24.702	166.84	0.0059939	-0.034219	-0.030106	-1.3955	17.014	27.881	910.85	-0.0070473	undefined	undefined	liquid
22.240	24.707	166.84	0.0059939	-0.034219	-0.030106	-1.3955	17.014	27.881	910.85	-0.0070473	undefined	undefined	liquid
22.240	24.711	166.84	0.0059939	-0.034219	-0.030105	-1.3955	17.014	27.881	910.85	-0.0070473	undefined	undefined	liquid
22.240	24.715	166.84	0.0059939	-0.034219	-0.030105	-1.3955	17.014	27.881	910.85	-0.0070473	undefined	undefined	liquid
22.240	24.719	166.84	0.0059939	-0.034220	-0.030105	-1.3956	17.014	27.881	910.85	-0.0070474	undefined	undefined	liquid
22.240	24.723	166.84	0.0059939	-0.034220	-0.030104	-1.3956	17.014	27.881	910.85	-0.0070474	undefined	undefined	liquid
22.240	24.728	166.84	0.0059939	-0.034220	-0.030104	-1.3956	17.014	27.881	910.85	-0.0070474	undefined	undefined	liquid
22.240	24.732	166.84	0.0059939	-0.034220	-0.030103	-1.3956	17.014	27.881	910.85	-0.0070474	undefined	undefined	liquid
22.240	24.736	166.84	0.0059939	-0.034221	-0.030103	-1.3956	17.014	27.881	910.85	-0.0070474	undefined	undefined	liquid
22.240	24.740	166.84	0.0059939	-0.034221	-0.030102	-1.3956	17.014	27.881	910.85	-0.0070474	undefined	undefined	liquid
22.240	24.744	166.84	0.0059939	-0.034221	-0.030102	-1.3956	17.014	27.881	910.85	-0.0070474	undefined	undefined	liquid
22.240	24.749	166.84	0.0059939	-0.034221	-0.030101	-1.3956	17.014	27.881	910.85	-0.0070475	undefined	undefined	liquid
22.240	24.753	166.84	0.0059939	-0.034221	-0.030101	-1.3956	17.014	27.881	910.85	-0.0070475	undefined	undefined	liquid
22.240	24.757	166.84	0.0059939	-0.034222	-0.030100	-1.3956	17.014	27.881	910.85	-0.0070475	undefined	undefined	liquid
22.240	24.761	166.84	0.0059939	-0.034222	-0.030100	-1.3957	17.014	27.881	910.85	-0.0070475	undefined	undefined	liquid
22.240	24.765	166.84	0.0059939	-0.034222	-0.030099	-1.3957	17.014	27.881	910.86	-0.0070475	undefined	undefined	liquid
22.240	24.770	166.84	0.0059939	-0.034222	-0.030099	-1.3957	17.014	27.881	910.86	-0.0070475	undefined	undefined	liquid
22.240	24.774	166.84	0.0059939	-0.034223	-0.030099	-1.3957	17.014	27.881	910.86	-0.0070475	undefined	undefined	liquid
22.240	24.778	166.84	0.0059939	-0.034223	-0.030098	-1.3957	17.014	27.881	910.86	-0.0070475	undefined	undefined	liquid
22.240	24.782	166.84	0.0059939	-0.034223	-0.030098	-1.3957	17.014	27.881	910.86	-0.0070476	undefined	undefined	liquid
22.240	24.786	166.84	0.0059939	-0.034223	-0.030097	-1.3957	17.014	27.881	910.86	-0.0070476	undefined	undefined	liquid
22.240	24.791	166.84	0.0059939	-0.034224	-0.030097	-1.3957	17.014	27.881	910.86	-0.0070476	undefined	undefined	liquid
22.240	24.795	166.84	0.0059939	-0.034224	-0.030096	-1.3957	17.014	27.881	910.86	-0.0070476	undefined	undefined	liquid
22.240	24.799	166.84	0.0059939	-0.034224	-0.030096	-1.3958	17.014	27.881	910.86	-0.0070476	undefined	undefined	liquid
22.240	24.803	166.84	0.0059939	-0.034224	-0.030095	-1.3958	17.014	27.881	910.86	-0.0070476	undefined	undefined	liquid
22.240	24.807	166.84	0.0059939	-0.034225	-0.030095	-1.3958	17.014	27.881	910.86	-0.0070476	undefined	undefined	liquid
22.240	24.812	166.84	0.0059939	-0.034225	-0.030094	-1.3958	17.014	27.881	910.86	-0.0070476	undefined	undefined	liquid
22.240	24.816	166.84	0.0059939	-0.034225	-0.030094	-1.3958	17.014	27.881	910.86	-0.0070477	undefined	undefined	liquid
22.240	24.820	166.84	0.0059939	-0.034225	-0.030094	-1.3958	17.014	27.881	910.86	-0.0070477	undefined	undefined	liquid
22.240	24.824	166.84	0.0059939	-0.034226	-0.030093	-1.3958	17.014	27.881	910.86	-0.0070477	undefined	undefined	liquid
22.240	24.828	166.84	0.0059939	-0.034226	-0.030093	-1.3958	17.014	27.881	910.86	-0.0070477	undefined	undefined	liquid
22.240	24.833	166.84	0.0059939	-0.034226	-0.030092	-1.3958	17.014	27.881	910.86	-0.0070477	undefined	undefined	liquid
22.240	24.837	166.84	0.0059938	-0.034226	-0.030092	-1.3959	17.014	27.881	910.86	-0.0070477	undefined	undefined	liquid
22.240	24.841	166.84	0.0059938	-0.034226	-0.030091	-1.3959	17.014	27.881	910.86	-0.0070477	undefined	undefined	liquid
22.240	24.845	166.84	0.0059938	-0.034227	-0.030091	-1.3959	17.014	27.881	910.87	-0.0070478	undefined	undefined	liquid
22.240	24.849	166.84	0.0059938	-0.034227	-0.030090	-1.3959	17.014	27.881	910.87	-0.0070478	undefined	undefined	liquid
22.240	24.854	166.84	0.0059938	-0.034227	-0.030090	-1.3959	17.014	27.881	910.87	-0.0070478	undefined	undefined	liquid
22.240	24.858	166.84	0.0059938	-0.034227	-0.030089	-1.3959	17.014	27.881	910.87	-0.0070478	undefined	undefined	liquid
22.240	24.862	166.84	0.0059938	-0.034228	-0.030089	-1.3959	17.014	27.881	910.87	-0.0070478	undefined	undefined	liquid
22.240	24.866	166.84	0.0059938	-0.034228	-0.030088	-1.3959	17.014	27.881	910.87	-0.0070478	undefined	undefined	liquid
22.240	24.870	166.84	0.0059938	-0.034228	-0.030088	-1.3959	17.014	27.881	910.87	-0.0070478	undefined	undefined	liquid
22.240	24.875	166.84	0.0059938	-0.034228	-0.030088	-1.3960	17.014	27.880	910.87	-0.0070478	undefined	undefined	liquid
22.240	24.879	166.84	0.0059938	-0.034229	-0.030087	-1.3960	17.014	27.880	910.87	-0.0070479	undefined	undefined	liquid
22.240	24.883	166.84	0.0059938	-0.034229	-0.030087	-1.3960	17.014	27.880	910.87	-0.0070479	undefined	undefined	liquid
22.240	24.887	166.84	0.0059938	-0.034229	-0.030086	-1.3960	17.014	27.880	910.87	-0.0070479	undefined	undefined	liquid
22.240	24.891	166.84	0.0059938	-0.034229	-0.030086	-1.3960	17.014	27.880	910.87	-0.0070479	undefined	undefined	liquid
22.240	24.896	166.84	0.0059938	-0.034230	-0.030085	-1.3960	17.014	27.880	910.87	-0.0070479	undefined	undefined	liquid
22.240	24.900	166.84	0.0059938	-0.034230	-0.030085	-1.3960	17.014	27.880	910.87	-0.0070479	undefined	undefined	liquid
22.240	24.904	166.84	0.0059938	-0.034230	-0.030084	-1.3960	17.014	27.880	910.87	-0.0070479	undefined	undefined	liquid
22.240	24.908	166.84	0.0059938	-0.034230	-0.030084	-1.3960	17.014	27.880	910.87	-0.0070480	undefined	undefined	liquid
22.240	24.912	166.84	0.0059938	-0.034231	-0.030083	-1.3960	17.014	27.880	910.87	-0.0070480	undefined	undefined	liquid
22.240	24.917	166.84	0.0059938	-0.034231	-0.030083	-1.3961	17.014	27.880	910.87	-0.0070480	undefined	undefined	liquid
22.240	24.921	166.84	0.0059938	-0.034231	-0.030083	-1.3961	17.014	27.880	910.87	-0.0070480	undefined	undefined	liquid
22.240	24.925	166.84	0.0059938	-0.034231	-0.030082	-1.3961	17.014	27.880	910.88	-0.0070480	undefined	undefined	liquid
22.240	24.929	166.84	0.0059938	-0.034232	-0.030082	-1.3961	17.014	27.880	910.88	-0.0070480	undefined	undefined	liquid
22.240	24.933	166.84	0.0059938	-0.034232	-0.030081	-1.3961	17.014	27.880	910.88	-0.0070480	undefined	undefined	liquid
22.240	24.938	166.84	0.0059938	-0.034232	-0.030081	-1.3961	17.014	27.880	910.88	-0.0070480	undefined	undefined	liquid
22.240	24.942	166.84	0.0059938	-0.034232	-0.030080	-1.3961	17.014	27.880	910.88	-0.0070481	undefined	undefined	liquid
22.240	24.946	166.84	0.0059938	-0.034232	-0.030080	-1.3961	17.014	27.880	910.88	-0.0070481	undefined	undefined	liquid
22.240	24.950	166.84	0.0059938	-0.034233	-0.030079	-1.3961	17.014	27.880	910.88	-0.0070481	undefined	undefined	liquid
22.240	24.954	166.84	0.0059938	-0.034233	-0.030079	-1.3962	17.014	27.880	910.88	-0.0070481	undefined	undefined	liquid
22.240	24.959	166.84	0.0059938	-0.034233	-0.030078	-1.3962	17.014	27.880	910.88	-0.0070481	undefined	undefined	liquid
22.240	24.963	166.84	0.0059938	-0.034233	-0.030078	-1.3962	17.014	27.880	910.88	-0.0070481	undefined	undefined	liquid
22.240	24.967	166.84	0.0059938	-0.034234	-0.030077	-1.3962	17.014	27.880	910.88	-0.0070481	undefined	undefined	liquid
22.240	24.971	166.84	0.0059938	-0.034234	-0.030077	-1.3962	17.014	27.880	910.88	-0.0070481	undefined	undefined	liquid
22.240	24.975	166.84	0.0059938	-0.034234	-0.030077	-1.3962	17.014	27.880	910.88	-0.0070482	undefined	undefined	liquid
22.240	24.980	166.84	0.0059938	-0.034234	-0.030076	-1.3962	17.014	27.880	910.88	-0.0070482	undefined	undefined	liquid
22.240	24.984	166.84	0.0059938	-0.034235	-0.030076	-1.3962	17.014	27.880	910.88	-0.0070482	undefined	undefined	liquid
22.240	24.988	166.84	0.0059938	-0.034235	-0.030075	-1.3962	17.014	27.880	910.88	-0.0070482	undefined	undefined	liquid
22.240	24.992	166.84	0.0059938	-0.034235	-0.030075	-1.3963	17.014	27.880	910.88	-0.0070482	undefined	undefined	liquid
22.240	24.996	166.84	0.0059938	-0.034235	-0.030074	-1.3963	17.014	27.880	910.88	-0.0070482	undefined	undefined	liquid
22.240	25.001	166.84	0.0059938	-0.034236	-0.030074	-1.3963	17.014	27.880	910.88	-0.0070482	undefined	undefined	liquid
22.240	25.005	166.84	0.0059938	-0.034236	-0.030073	-1.3963	17.014	27.880	910.89	-0.0070483	undefined	undefined	liquid
22.240	25.009	166.84	0.0059938	-0.034236	-0.030073	-1.3963	17.014	27.880	910.89	-0.0070483	undefined	undefined	liquid
22.240	25.013	166.84	0.0059938	-0.034236	-0.030072	-1.3963	17.014	27.880	910.89	-0.0070483	undefined	undefined	liquid
22.240	25.017	166.84	0.0059938	-0.034237	-0.030072	-1.3963	17.014	27.880	910.89	-0.0070483	undefined	undefined	liquid
22.240	25.022	166.84	0.0059938	-0.034237	-0.030072	-1.3963	17.014	27.880	910.89	-0.0070483	undefined	undefined	liquid
22.240	25.026	166.84	0.0059938	-0.034237	-0.030071	-1.3963	17.014	27.880	910.89	-0.0070483	undefined	undefined	liquid
22.240	25.030	166.84	0.0059938	-0.034237	-0.030071	-1.3964	17.014	27.880	910.89	-0.0070483	undefined	undefined	liquid
22.240	25.034	166.84	0.0059938	-0.034237	-0.030070	-1.3964	17.014	27.880	910.89	-0.0070483	undefined	undefined	liquid
22.240	25.038	166.84	0.0059938	-0.034238	-0.030070	-1.3964	17.014	27.880	910.89	-0.0070484	undefined	undefined	liquid
22.240	25.043	166.84	0.0059937	-0.034238	-0.030069	-1.3964	17.014	27.880	910.89	-0.0070484	undefined	undefined	liquid
22.240	25.047	166.84	0.0059937	-0.034238	-0.030069	-1.3964	17.014	27.880	910.89	-0.0070484	undefined	undefined	liquid
22.240	25.051	166.84	0.0059937	-0.034238	-0.030068	-1.3964	17.014	27.879	910.89	-0.0070484	undefined	undefined	liquid
22.240	25.055	166.84	0.0059937	-0.034239	-0.030068	-1.3964	17.014	27.879	910.89	-0.0070484	undefined	undefined	liquid
22.240	25.059	166.84	0.0059937	-0.034239	-0.030067	-1.3964	17.014	27.879	910.89	-0.0070484	undefined	undefined	liquid
22.240	25.064	166.84	0.0059937	-0.034239	-0.030067	-1.3964	17.014	27.879	910.89	-0.0070484	undefined	undefined	liquid
22.240	25.068	166.84	0.0059937	-0.034239	-0.030066	-1.3964	17.014	27.879	910.89	-0.0070485	undefined	undefined	liquid
22.240	25.072	166.84	0.0059937	-0.034240	-0.030066	-1.3965	17.014	27.879	910.89	-0.0070485	undefined	undefined	liquid
22.240	25.076	166.84	0.0059937	-0.034240	-0.030066	-1.3965	17.014	27.879	910.89	-0.0070485	undefined	undefined	liquid
22.240	25.080	166.84	0.0059937	-0.034240	-0.030065	-1.3965	17.014	27.879	910.89	-0.0070485	undefined	undefined	liquid
22.240	25.085	166.84	0.0059937	-0.034240	-0.030065	-1.3965	17.014	27.879	910.90	-0.0070485	undefined	undefined	liquid
22.240	25.089	166.84	0.0059937	-0.034241	-0.030064	-1.3965	17.014	27.879	910.90	-0.0070485	undefined	undefined	liquid
22.240	25.093	166.84	0.0059937	-0.034241	-0.030064	-1.3965	17.014	27.879	910.90	-0.0070485	undefined	undefined	liquid
22.240	25.097	166.84	0.0059937	-0.034241	-0.030063	-1.3965	17.014	27.879	910.90	-0.0070485	undefined	undefined	liquid
22.240	25.101	166.84	0.0059937	-0.034241	-0.030063	-1.3965	17.014	27.879	910.90	-0.0070486	undefined	undefined	liquid
22.240	25.106	166.84	0.0059937	-0.034242	-0.030062	-1.3965	17.014	27.879	910.90	-0.0070486	undefined	undefined	liquid
22.240	25.110	166.84	0.0059937	-0.034242	-0.030062	-1.3966	17.014	27.879	910.90	-0.0070486	undefined	undefined	liquid
22.240	25.114	166.84	0.0059937	-0.034242	-0.030061	-1.3966	17.014	27.879	910.90	-0.0070486	undefined	undefined	liquid
22.240	25.118	166.84	0.0059937	-0.034242	-0.030061	-1.3966	17.014	27.879	910.90	-0.0070486	undefined	undefined	liquid
22.240	25.122	166.84	0.0059937	-0.034243	-0.030060	-1.3966	17.014	27.879	910.90	-0.0070486	undefined	undefined	liquid
22.240	25.127	166.84	0.0059937	-0.034243	-0.030060	-1.3966	17.014	27.879	910.90	-0.0070486	undefined	undefined	liquid
22.240	25.131	166.84	0.0059937	-0.034243	-0.030060	-1.3966	17.014	27.879	910.90	-0.0070486	undefined	undefined	liquid
22.240	25.135	166.84	0.0059937	-0.034243	-0.030059	-1.3966	17.014	27.879	910.90	-0.0070487	undefined	undefined	liquid
22.240	25.139	166.84	0.0059937	-0.034243	-0.030059	-1.3966	17.014	27.879	910.90	-0.0070487	undefined	undefined	liquid
22.240	25.143	166.84	0.0059937	-0.034244	-0.030058	-1.3966	17.014	27.879	910.90	-0.0070487	undefined	undefined	liquid
22.240	25.148	166.84	0.0059937	-0.034244	-0.030058	-1.3967	17.014	27.879	910.90	-0.0070487	undefined	undefined	liquid
22.240	25.152	166.84	0.0059937	-0.034244	-0.030057	-1.3967	17.014	27.879	910.90	-0.0070487	undefined	undefined	liquid
22.240	25.156	166.84	0.0059937	-0.034244	-0.030057	-1.3967	17.014	27.879	910.90	-0.0070487	undefined	undefined	liquid
22.240	25.160	166.84	0.0059937	-0.034245	-0.030056	-1.3967	17.014	27.879	910.90	-0.0070487	undefined	undefined	liquid
22.240	25.164	166.84	0.0059937	-0.034245	-0.030056	-1.3967	17.014	27.879	910.91	-0.0070488	undefined	undefined	liquid
22.240	25.169	166.84	0.0059937	-0.034245	-0.030055	-1.3967	17.014	27.879	910.91	-0.0070488	undefined	undefined	liquid
22.240	25.173	166.84	0.0059937	-0.034245	-0.030055	-1.3967	17.014	27.879	910.91	-0.0070488	undefined	undefined	liquid
22.240	25.177	166.84	0.0059937	-0.034246	-0.030055	-1.3967	17.014	27.879	910.91	-0.0070488	undefined	undefined	liquid
22.240	25.181	166.84	0.0059937	-0.034246	-0.030054	-1.3967	17.014	27.879	910.91	-0.0070488	undefined	undefined	liquid
22.240	25.185	166.84	0.0059937	-0.034246	-0.030054	-1.3968	17.014	27.879	910.91	-0.0070488	undefined	undefined	liquid
22.240	25.190	166.84	0.0059937	-0.034246	-0.030053	-1.3968	17.014	27.879	910.91	-0.0070488	undefined	undefined	liquid
22.240	25.194	166.84	0.0059937	-0.034247	-0.030053	-1.3968	17.014	27.879	910.91	-0.0070488	undefined	undefined	liquid
22.240	25.198	166.84	0.0059937	-0.034247	-0.030052	-1.3968	17.014	27.879	910.91	-0.0070489	undefined	undefined	liquid
22.240	25.202	166.84	0.0059937	-0.034247	-0.030052	-1.3968	17.014	27.879	910.91	-0.0070489	undefined	undefined	liquid
22.240	25.206	166.84	0.0059937	-0.034247	-0.030051	-1.3968	17.014	27.879	910.91	-0.0070489	undefined	undefined	liquid
22.240	25.211	166.84	0.0059937	-0.034248	-0.030051	-1.3968	17.014	27.879	910.91	-0.0070489	undefined	undefined	liquid
22.240	25.215	166.84	0.0059937	-0.034248	-0.030050	-1.3968	17.014	27.879	910.91	-0.0070489	undefined	undefined	liquid
22.240	25.219	166.84	0.0059937	-0.034248	-0.030050	-1.3968	17.014	27.879	910.91	-0.0070489	undefined	undefined	liquid
22.240	25.223	166.84	0.0059937	-0.034248	-0.030049	-1.3969	17.014	27.879	910.91	-0.0070489	undefined	undefined	liquid
22.240	25.227	166.84	0.0059937	-0.034249	-0.030049	-1.3969	17.014	27.879	910.91	-0.0070490	undefined	undefined	liquid
22.240	25.232	166.84	0.0059937	-0.034249	-0.030049	-1.3969	17.014	27.878	910.91	-0.0070490	undefined	undefined	liquid
22.240	25.236	166.84	0.0059937	-0.034249	-0.030048	-1.3969	17.014	27.878	910.91	-0.0070490	undefined	undefined	liquid
22.240	25.240	166.84	0.0059937	-0.034249	-0.030048	-1.3969	17.014	27.878	910.91	-0.0070490	undefined	undefined	liquid
22.240	25.244	166.84	0.0059936	-0.034249	-0.030047	-1.3969	17.014	27.878	910.92	-0.0070490	undefined	undefined	liquid
22.240	25.248	166.84	0.0059936	-0.034250	-0.030047	-1.3969	17.014	27.878	910.92	-0.0070490	undefined	undefined	liquid
22.240	25.253	166.84	0.0059936	-0.034250	-0.030046	-1.3969	17.014	27.878	910.92	-0.0070490	undefined	undefined	liquid
22.240	25.257	166.84	0.0059936	-0.034250	-0.030046	-1.3969	17.015	27.878	910.92	-0.0070490	undefined	undefined	liquid
22.240	25.261	166.84	0.0059936	-0.034250	-0.030045	-1.3969	17.015	27.878	910.92	-0.0070491	undefined	undefined	liquid
22.240	25.265	166.84	0.0059936	-0.034251	-0.030045	-1.3970	17.015	27.878	910.92	-0.0070491	undefined	undefined	liquid
22.240	25.269	166.84	0.0059936	-0.034251	-0.030044	-1.3970	17.015	27.878	910.92	-0.0070491	undefined	undefined	liquid
22.240	25.274	166.84	0.0059936	-0.034251	-0.030044	-1.3970	17.015	27.878	910.92	-0.0070491	undefined	undefined	liquid
22.240	25.278	166.84	0.0059936	-0.034251	-0.030044	-1.3970	17.015	27.878	910.92	-0.0070491	undefined	undefined	liquid
22.240	25.282	166.84	0.0059936	-0.034252	-0.030043	-1.3970	17.015	27.878	910.92	-0.0070491	undefined	undefined	liquid
22.240	25.286	166.84	0.0059936	-0.034252	-0.030043	-1.3970	17.015	27.878	910.92	-0.0070491	undefined	undefined	liquid
22.240	25.290	166.84	0.0059936	-0.034252	-0.030042	-1.3970	17.015	27.878	910.92	-0.0070492	undefined	undefined	liquid
22.240	25.295	166.84	0.0059936	-0.034252	-0.030042	-1.3970	17.015	27.878	910.92	-0.0070492	undefined	undefined	liquid
22.240	25.299	166.84	0.0059936	-0.034253	-0.030041	-1.3970	17.015	27.878	910.92	-0.0070492	undefined	undefined	liquid
22.240	25.303	166.84	0.0059936	-0.034253	-0.030041	-1.3971	17.015	27.878	910.92	-0.0070492	undefined	undefined	liquid
22.240	25.307	166.84	0.0059936	-0.034253	-0.030040	-1.3971	17.015	27.878	910.92	-0.0070492	undefined	undefined	liquid
22.240	25.311	166.84	0.0059936	-0.034253	-0.030040	-1.3971	17.015	27.878	910.92	-0.0070492	undefined	undefined	liquid
22.240	25.316	166.84	0.0059936	-0.034254	-0.030039	-1.3971	17.015	27.878	910.92	-0.0070492	undefined	undefined	liquid
22.240	25.320	166.84	0.0059936	-0.034254	-0.030039	-1.3971	17.015	27.878	910.92	-0.0070492	undefined	undefined	liquid
22.240	25.324	166.84	0.0059936	-0.034254	-0.030038	-1.3971	17.015	27.878	910.93	-0.0070493	undefined	undefined	liquid
22.240	25.328	166.84	0.0059936	-0.034254	-0.030038	-1.3971	17.015	27.878	910.93	-0.0070493	undefined	undefined	liquid
22.240	25.332	166.84	0.0059936	-0.034254	-0.030038	-1.3971	17.015	27.878	910.93	-0.0070493	undefined	undefined	liquid
22.240	25.337	166.84	0.0059936	-0.034255	-0.030037	-1.3971	17.015	27.878	910.93	-0.0070493	undefined	undefined	liquid
22.240	25.341	166.84	0.0059936	-0.034255	-0.030037	-1.3972	17.015	27.878	910.93	-0.0070493	undefined	undefined	liquid
22.240	25.345	166.84	0.0059936	-0.034255	-0.030036	-1.3972	17.015	27.878	910.93	-0.0070493	undefined	undefined	liquid
22.240	25.349	166.84	0.0059936	-0.034255	-0.030036	-1.3972	17.015	27.878	910.93	-0.0070493	undefined	undefined	liquid
22.240	25.353	166.84	0.0059936	-0.034256	-0.030035	-1.3972	17.015	27.878	910.93	-0.0070493	undefined	undefined	liquid
22.240	25.358	166.84	0.0059936	-0.034256	-0.030035	-1.3972	17.015	27.878	910.93	-0.0070494	undefined	undefined	liquid
22.240	25.362	166.84	0.0059936	-0.034256	-0.030034	-1.3972	17.015	27.878	910.93	-0.0070494	undefined	undefined	liquid
22.240	25.366	166.84	0.0059936	-0.034256	-0.030034	-1.3972	17.015	27.878	910.93	-0.0070494	undefined	undefined	liquid
22.240	25.370	166.84	0.0059936	-0.034257	-0.030033	-1.3972	17.015	27.878	910.93	-0.0070494	undefined	undefined	liquid
22.240	25.374	166.85	0.0059936	-0.034257	-0.030033	-1.3972	17.015	27.878	910.93	-0.0070494	undefined	undefined	liquid
22.240	25.379	166.85	0.0059936	-0.034257	-0.030033	-1.3973	17.015	27.878	910.93	-0.0070494	undefined	undefined	liquid
22.240	25.383	166.85	0.0059936	-0.034257	-0.030032	-1.3973	17.015	27.878	910.93	-0.0070494	undefined	undefined	liquid
22.240	25.387	166.85	0.0059936	-0.034258	-0.030032	-1.3973	17.015	27.878	910.93	-0.0070495	undefined	undefined	liquid
22.240	25.391	166.85	0.0059936	-0.034258	-0.030031	-1.3973	17.015	27.878	910.93	-0.0070495	undefined	undefined	liquid
22.240	25.395	166.85	0.0059936	-0.034258	-0.030031	-1.3973	17.015	27.878	910.93	-0.0070495	undefined	undefined	liquid
22.240	25.400	166.85	0.0059936	-0.034258	-0.030030	-1.3973	17.015	27.878	910.93	-0.0070495	undefined	undefined	liquid
22.240	25.404	166.85	0.0059936	-0.034259	-0.030030	-1.3973	17.015	27.878	910.94	-0.0070495	undefined	undefined	liquid
22.240	25.408	166.85	0.0059936	-0.034259	-0.030029	-1.3973	17.015	27.878	910.94	-0.0070495	undefined	undefined	liquid
22.240	25.412	166.85	0.0059936	-0.034259	-0.030029	-1.3973	17.015	27.877	910.94	-0.0070495	undefined	undefined	liquid
22.240	25.416	166.85	0.0059936	-0.034259	-0.030028	-1.3973	17.015	27.877	910.94	-0.0070495	undefined	undefined	liquid
22.240	25.421	166.85	0.0059936	-0.034260	-0.030028	-1.3974	17.015	27.877	910.94	-0.0070496	undefined	undefined	liquid
22.240	25.425	166.85	0.0059936	-0.034260	-0.030027	-1.3974	17.015	27.877	910.94	-0.0070496	undefined	undefined	liquid
22.240	25.429	166.85	0.0059936	-0.034260	-0.030027	-1.3974	17.015	27.877	910.94	-0.0070496	undefined	undefined	liquid
22.240	25.433	166.85	0.0059936	-0.034260	-0.030027	-1.3974	17.015	27.877	910.94	-0.0070496	undefined	undefined	liquid
22.240	25.437	166.85	0.0059936	-0.034260	-0.030026	-1.3974	17.015	27.877	910.94	-0.0070496	undefined	undefined	liquid
22.240	25.442	166.85	0.0059936	-0.034261	-0.030026	-1.3974	17.015	27.877	910.94	-0.0070496	undefined	undefined	liquid
22.240	25.446	166.85	0.0059936	-0.034261	-0.030025	-1.3974	17.015	27.877	910.94	-0.0070496	undefined	undefined	liquid
22.240	25.450	166.85	0.0059935	-0.034261	-0.030025	-1.3974	17.015	27.877	910.94	-0.0070497	undefined	undefined	liquid
22.240	25.454	166.85	0.0059935	-0.034261	-0.030024	-1.3974	17.015	27.877	910.94	-0.0070497	undefined	undefined	liquid
22.240	25.458	166.85	0.0059935	-0.034262	-0.030024	-1.3975	17.015	27.877	910.94	-0.0070497	undefined	undefined	liquid
22.240	25.463	166.85	0.0059935	-0.034262	-0.030023	-1.3975	17.015	27.877	910.94	-0.0070497	undefined	undefined	liquid
22.240	25.467	166.85	0.0059935	-0.034262	-0.030023	-1.3975	17.015	27.877	910.94	-0.0070497	undefined	undefined	liquid
22.240	25.471	166.85	0.0059935	-0.034262	-0.030022	-1.3975	17.015	27.877	910.94	-0.0070497	undefined	undefined	liquid
22.240	25.475	166.85	0.0059935	-0.034263	-0.030022	-1.3975	17.015	27.877	910.94	-0.0070497	undefined	undefined	liquid
22.240	25.479	166.85	0.0059935	-0.034263	-0.030022	-1.3975	17.015	27.877	910.94	-0.0070497	undefined	undefined	liquid
22.240	25.484	166.85	0.0059935	-0.034263	-0.030021	-1.3975	17.015	27.877	910.95	-0.0070498	undefined	undefined	liquid
22.240	25.488	166.85	0.0059935	-0.034263	-0.030021	-1.3975	17.015	27.877	910.95	-0.0070498	undefined	undefined	liquid
22.240	25.492	166.85	0.0059935	-0.034264	-0.030020	-1.3975	17.015	27.877	910.95	-0.0070498	undefined	undefined	liquid
22.240	25.496	166.85	0.0059935	-0.034264	-0.030020	-1.3976	17.015	27.877	910.95	-0.0070498	undefined	undefined	liquid
22.240	25.500	166.85	0.0059935	-0.034264	-0.030019	-1.3976	17.015	27.877	910.95	-0.0070498	undefined	undefined	liquid
22.240	25.505	166.85	0.0059935	-0.034264	-0.030019	-1.3976	17.015	27.877	910.95	-0.0070498	undefined	undefined	liquid
22.240	25.509	166.85	0.0059935	-0.034265	-0.030018	-1.3976	17.015	27.877	910.95	-0.0070498	undefined	undefined	liquid
22.240	25.513	166.85	0.0059935	-0.034265	-0.030018	-1.3976	17.015	27.877	910.95	-0.0070498	undefined	undefined	liquid
22.240	25.517	166.85	0.0059935	-0.034265	-0.030017	-1.3976	17.015	27.877	910.95	-0.0070499	undefined	undefined	liquid
22.240	25.521	166.85	0.0059935	-0.034265	-0.030017	-1.3976	17.015	27.877	910.95	-0.0070499	undefined	undefined	liquid
22.240	25.526	166.85	0.0059935	-0.034265	-0.030016	-1.3976	17.015	27.877	910.95	-0.0070499	undefined	undefined	liquid
22.240	25.530	166.85	0.0059935	-0.034266	-0.030016	-1.3976	17.015	27.877	910.95	-0.0070499	undefined	undefined	liquid
22.240	25.534	166.85	0.0059935	-0.034266	-0.030016	-1.3977	17.015	27.877	910.95	-0.0070499	undefined	undefined	liquid
22.240	25.538	166.85	0.0059935	-0.034266	-0.030015	-1.3977	17.015	27.877	910.95	-0.0070499	undefined	undefined	liquid
22.240	25.542	166.85	0.0059935	-0.034266	-0.030015	-1.3977	17.015	27.877	910.95	-0.0070499	undefined	undefined	liquid
22.240	25.547	166.85	0.0059935	-0.034267	-0.030014	-1.3977	17.015	27.877	910.95	-0.0070500	undefined	undefined	liquid
22.240	25.551	166.85	0.0059935	-0.034267	-0.030014	-1.3977	17.015	27.877	910.95	-0.0070500	undefined	undefined	liquid
22.240	25.555	166.85	0.0059935	-0.034267	-0.030013	-1.3977	17.015	27.877	910.95	-0.0070500	undefined	undefined	liquid
22.240	25.559	166.85	0.0059935	-0.034267	-0.030013	-1.3977	17.015	27.877	910.95	-0.0070500	undefined	undefined	liquid
22.240	25.563	166.85	0.0059935	-0.034268	-0.030012	-1.3977	17.015	27.877	910.96	-0.0070500	undefined	undefined	liquid
22.240	25.568	166.85	0.0059935	-0.034268	-0.030012	-1.3977	17.015	27.877	910.96	-0.0070500	undefined	undefined	liquid
22.240	25.572	166.85	0.0059935	-0.034268	-0.030011	-1.3977	17.015	27.877	910.96	-0.0070500	undefined	undefined	liquid
22.240	25.576	166.85	0.0059935	-0.034268	-0.030011	-1.3978	17.015	27.877	910.96	-0.0070500	undefined	undefined	liquid
22.240	25.580	166.85	0.0059935	-0.034269	-0.030011	-1.3978	17.015	27.877	910.96	-0.0070501	undefined	undefined	liquid
22.240	25.584	166.85	0.0059935	-0.034269	-0.030010	-1.3978	17.015	27.877	910.96	-0.0070501	undefined	undefined	liquid
22.240	25.589	166.85	0.0059935	-0.034269	-0.030010	-1.3978	17.015	27.876	910.96	-0.0070501	undefined	undefined	liquid
22.240	25.593	166.85	0.0059935	-0.034269	-0.030009	-1.3978	17.015	27.876	910.96	-0.0070501	undefined	undefined	liquid
22.240	25.597	166.85	0.0059935	-0.034270	-0.030009	-1.3978	17.015	27.876	910.96	-0.0070501	undefined	undefined	liquid
22.240	25.601	166.85	0.0059935	-0.034270	-0.030008	-1.3978	17.015	27.876	910.96	-0.0070501	undefined	undefined	liquid
22.240	25.605	166.85	0.0059935	-0.034270	-0.030008	-1.3978	17.015	27.876	910.96	-0.0070501	undefined	undefined	liquid
22.240	25.610	166.85	0.0059935	-0.034270	-0.030007	-1.3978	17.015	27.876	910.96	-0.0070502	undefined	undefined	liquid
22.240	25.614	166.85	0.0059935	-0.034271	-0.030007	-1.3979	17.015	27.876	910.96	-0.0070502	undefined	undefined	liquid
22.240	25.618	166.85	0.0059935	-0.034271	-0.030006	-1.3979	17.015	27.876	910.96	-0.0070502	undefined	undefined	liquid
22.240	25.622	166.85	0.0059935	-0.034271	-0.030006	-1.3979	17.015	27.876	910.96	-0.0070502	undefined	undefined	liquid
22.240	25.626	166.85	0.0059935	-0.034271	-0.030005	-1.3979	17.015	27.876	910.96	-0.0070502	undefined	undefined	liquid
22.240	25.631	166.85	0.0059935	-0.034271	-0.030005	-1.3979	17.015	27.876	910.96	-0.0070502	undefined	undefined	liquid
22.240	25.635	166.85	0.0059935	-0.034272	-0.030005	-1.3979	17.015	27.876	910.96	-0.0070502	undefined	undefined	liquid
22.240	25.639	166.85	0.0059935	-0.034272	-0.030004	-1.3979	17.015	27.876	910.96	-0.0070502	undefined	undefined	liquid
22.240	25.643	166.85	0.0059935	-0.034272	-0.030004	-1.3979	17.015	27.876	910.97	-0.0070503	undefined	undefined	liquid
22.240	25.647	166.85	0.0059935	-0.034272	-0.030003	-1.3979	17.015	27.876	910.97	-0.0070503	undefined	undefined	liquid
22.240	25.652	166.85	0.0059935	-0.034273	-0.030003	-1.3980	17.015	27.876	910.97	-0.0070503	undefined	undefined	liquid
22.240	25.656	166.85	0.0059934	-0.034273	-0.030002	-1.3980	17.015	27.876	910.97	-0.0070503	undefined	undefined	liquid
22.240	25.660	166.85	0.0059934	-0.034273	-0.030002	-1.3980	17.015	27.876	910.97	-0.0070503	undefined	undefined	liquid
22.240	25.664	166.85	0.0059934	-0.034273	-0.030001	-1.3980	17.015	27.876	910.97	-0.0070503	undefined	undefined	liquid
22.240	25.668	166.85	0.0059934	-0.034274	-0.030001	-1.3980	17.015	27.876	910.97	-0.0070503	undefined	undefined	liquid
22.240	25.673	166.85	0.0059934	-0.034274	-0.030000	-1.3980	17.015	27.876	910.97	-0.0070503	undefined	undefined	liquid
22.240	25.677	166.85	0.0059934	-0.034274	-0.030000	-1.3980	17.015	27.876	910.97	-0.0070504	undefined	undefined	liquid
22.240	25.681	166.85	0.0059934	-0.034274	-0.030000	-1.3980	17.015	27.876	910.97	-0.0070504	undefined	undefined	liquid
22.240	25.685	166.85	0.0059934	-0.034275	-0.029999	-1.3980	17.015	27.876	910.97	-0.0070504	undefined	undefined	liquid
22.240	25.689	166.85	0.0059934	-0.034275	-0.029999	-1.3981	17.015	27.876	910.97	-0.0070504	undefined	undefined	liquid
22.240	25.694	166.85	0.0059934	-0.034275	-0.029998	-1.3981	17.015	27.876	910.97	-0.0070504	undefined	undefined	liquid
22.240	25.698	166.85	0.0059934	-0.034275	-0.029998	-1.3981	17.015	27.876	910.97	-0.0070504	undefined	undefined	liquid
22.240	25.702	166.85	0.0059934	-0.034276	-0.029997	-1.3981	17.015	27.876	910.97	-0.0070504	undefined	undefined	liquid
22.240	25.706	166.85	0.0059934	-0.034276	-0.029997	-1.3981	17.015	27.876	910.97	-0.0070505	undefined	undefined	liquid
22.240	25.710	166.85	0.0059934	-0.034276	-0.029996	-1.3981	17.015	27.876	910.97	-0.0070505	undefined	undefined	liquid
22.240	25.715	166.85	0.0059934	-0.034276	-0.029996	-1.3981	17.015	27.876	910.97	-0.0070505	undefined	undefined	liquid
22.240	25.719	166.85	0.0059934	-0.034276	-0.029995	-1.3981	17.015	27.876	910.97	-0.0070505	undefined	undefined	liquid
22.240	25.723	166.85	0.0059934	-0.034277	-0.029995	-1.3981	17.015	27.876	910.98	-0.0070505	undefined	undefined	liquid
22.240	25.727	166.85	0.0059934	-0.034277	-0.029994	-1.3981	17.015	27.876	910.98	-0.0070505	undefined	undefined	liquid
22.240	25.731	166.85	0.0059934	-0.034277	-0.029994	-1.3982	17.015	27.876	910.98	-0.0070505	undefined	undefined	liquid
22.240	25.736	166.85	0.0059934	-0.034277	-0.029994	-1.3982	17.015	27.876	910.98	-0.0070505	undefined	undefined	liquid
22.240	25.740	166.85	0.0059934	-0.034278	-0.029993	-1.3982	17.015	27.876	910.98	-0.0070506	undefined	undefined	liquid
22.240	25.744	166.85	0.0059934	-0.034278	-0.029993	-1.3982	17.015	27.876	910.98	-0.0070506	undefined	undefined	liquid
22.240	25.748	166.85	0.0059934	-0.034278	-0.029992	-1.3982	17.015	27.876	910.98	-0.0070506	undefined	undefined	liquid
22.240	25.752	166.85	0.0059934	-0.034278	-0.029992	-1.3982	17.015	27.876	910.98	-0.0070506	undefined	undefined	liquid
22.240	25.757	166.85	0.0059934	-0.034279	-0.029991	-1.3982	17.015	27.876	910.98	-0.0070506	undefined	undefined	liquid
22.240	25.761	166.85	0.0059934	-0.034279	-0.029991	-1.3982	17.015	27.876	910.98	-0.0070506	undefined	undefined	liquid
22.240	25.765	166.85	0.0059934	-0.034279	-0.029990	-1.3982	17.015	27.876	910.98	-0.0070506	undefined	undefined	liquid
22.240	25.769	166.85	0.0059934	-0.034279	-0.029990	-1.3983	17.015	27.875	910.98	-0.0070507	undefined	undefined	liquid
22.240	25.773	166.85	0.0059934	-0.034280	-0.029989	-1.3983	17.015	27.875	910.98	-0.0070507	undefined	undefined	liquid
22.240	25.778	166.85	0.0059934	-0.034280	-0.029989	-1.3983	17.015	27.875	910.98	-0.0070507	undefined	undefined	liquid
22.240	25.782	166.85	0.0059934	-0.034280	-0.029989	-1.3983	17.015	27.875	910.98	-0.0070507	undefined	undefined	liquid
22.240	25.786	166.85	0.0059934	-0.034280	-0.029988	-1.3983	17.015	27.875	910.98	-0.0070507	undefined	undefined	liquid
22.240	25.790	166.85	0.0059934	-0.034281	-0.029988	-1.3983	17.015	27.875	910.98	-0.0070507	undefined	undefined	liquid
22.240	25.794	166.85	0.0059934	-0.034281	-0.029987	-1.3983	17.015	27.875	910.98	-0.0070507	undefined	undefined	liquid
22.240	25.799	166.85	0.0059934	-0.034281	-0.029987	-1.3983	17.015	27.875	910.98	-0.0070507	undefined	undefined	liquid
22.240	25.803	166.85	0.0059934	-0.034281	-0.029986	-1.3983	17.015	27.875	910.99	-0.0070508	undefined	undefined	liquid
22.240	25.807	166.85	0.0059934	-0.034282	-0.029986	-1.3984	17.015	27.875	910.99	-0.0070508	undefined	undefined	liquid
22.240	25.811	166.85	0.0059934	-0.034282	-0.029985	-1.3984	17.015	27.875	910.99	-0.0070508	undefined	undefined	liquid
22.240	25.815	166.85	0.0059934	-0.034282	-0.029985	-1.3984	17.015	27.875	910.99	-0.0070508	undefined	undefined	liquid
22.240	25.820	166.85	0.0059934	-0.034282	-0.029984	-1.3984	17.015	27.875	910.99	-0.0070508	undefined	undefined	liquid
22.240	25.824	166.85	0.0059934	-0.034282	-0.029984	-1.3984	17.015	27.875	910.99	-0.0070508	undefined	undefined	liquid
22.240	25.828	166.85	0.0059934	-0.034283	-0.029983	-1.3984	17.015	27.875	910.99	-0.0070508	undefined	undefined	liquid
22.240	25.832	166.85	0.0059934	-0.034283	-0.029983	-1.3984	17.015	27.875	910.99	-0.0070508	undefined	undefined	liquid
22.240	25.836	166.85	0.0059934	-0.034283	-0.029983	-1.3984	17.015	27.875	910.99	-0.0070509	undefined	undefined	liquid
22.240	25.841	166.85	0.0059934	-0.034283	-0.029982	-1.3984	17.015	27.875	910.99	-0.0070509	undefined	undefined	liquid
22.240	25.845	166.85	0.0059934	-0.034284	-0.029982	-1.3985	17.015	27.875	910.99	-0.0070509	undefined	undefined	liquid
22.240	25.849	166.85	0.0059934	-0.034284	-0.029981	-1.3985	17.015	27.875	910.99	-0.0070509	undefined	undefined	liquid
22.240	25.853	166.85	0.0059934	-0.034284	-0.029981	-1.3985	17.015	27.875	910.99	-0.0070509	undefined	undefined	liquid
22.240	25.857	166.85	0.0059934	-0.034284	-0.029980	-1.3985	17.016	27.875	910.99	-0.0070509	undefined	undefined	liquid
22.240	25.862	166.85	0.0059933	-0.034285	-0.029980	-1.3985	17.016	27.875	910.99	-0.0070509	undefined	undefined	liquid
22.240	25.866	166.85	0.0059933	-0.034285	-0.029979	-1.3985	17.016	27.875	910.99	-0.0070510	undefined	undefined	liquid
22.240	25.870	166.85	0.0059933	-0.034285	-0.029979	-1.3985	17.016	27.875	910.99	-0.0070510	undefined	undefined	liquid
22.240	25.874	166.85	0.0059933	-0.034285	-0.029978	-1.3985	17.016	27.875	910.99	-0.0070510	undefined	undefined	liquid
22.240	25.878	166.85	0.0059933	-0.034286	-0.029978	-1.3985	17.016	27.875	910.99	-0.0070510	undefined	undefined	liquid
22.240	25.883	166.85	0.0059933	-0.034286	-0.029977	-1.3985	17.016	27.875	911.00	-0.0070510	undefined	undefined	liquid
22.240	25.887	166.85	0.0059933	-0.034286	-0.029977	-1.3986	17.016	27.875	911.00	-0.0070510	undefined	undefined	liquid
22.240	25.891	166.85	0.0059933	-0.034286	-0.029977	-1.3986	17.016	27.875	911.00	-0.0070510	undefined	undefined	liquid
22.240	25.895	166.85	0.0059933	-0.034287	-0.029976	-1.3986	17.016	27.875	911.00	-0.0070510	undefined	undefined	liquid
22.240	25.899	166.85	0.0059933	-0.034287	-0.029976	-1.3986	17.016	27.875	911.00	-0.0070511	undefined	undefined	liquid
22.240	25.904	166.85	0.0059933	-0.034287	-0.029975	-1.3986	17.016	27.875	911.00	-0.0070511	undefined	undefined	liquid
22.240	25.908	166.85	0.0059933	-0.034287	-0.029975	-1.3986	17.016	27.875	911.00	-0.0070511	undefined	undefined	liquid
22.240	25.912	166.85	0.0059933	-0.034287	-0.029974	-1.3986	17.016	27.875	911.00	-0.0070511	undefined	undefined	liquid
22.240	25.916	166.85	0.0059933	-0.034288	-0.029974	-1.3986	17.016	27.875	911.00	-0.0070511	undefined	undefined	liquid
22.240	25.920	166.85	0.0059933	-0.034288	-0.029973	-1.3986	17.016	27.875	911.00	-0.0070511	undefined	undefined	liquid
22.240	25.925	166.85	0.0059933	-0.034288	-0.029973	-1.3987	17.016	27.875	911.00	-0.0070511	undefined	undefined	liquid
22.240	25.929	166.85	0.0059933	-0.034288	-0.029972	-1.3987	17.016	27.875	911.00	-0.0070512	undefined	undefined	liquid
22.240	25.933	166.85	0.0059933	-0.034289	-0.029972	-1.3987	17.016	27.875	911.00	-0.0070512	undefined	undefined	liquid
22.240	25.937	166.85	0.0059933	-0.034289	-0.029972	-1.3987	17.016	27.875	911.00	-0.0070512	undefined	undefined	liquid
22.240	25.941	166.85	0.0059933	-0.034289	-0.029971	-1.3987	17.016	27.875	911.00	-0.0070512	undefined	undefined	liquid
22.240	25.946	166.85	0.0059933	-0.034289	-0.029971	-1.3987	17.016	27.874	911.00	-0.0070512	undefined	undefined	liquid
22.240	25.950	166.85	0.0059933	-0.034290	-0.029970	-1.3987	17.016	27.874	911.00	-0.0070512	undefined	undefined	liquid
22.240	25.954	166.85	0.0059933	-0.034290	-0.029970	-1.3987	17.016	27.874	911.00	-0.0070512	undefined	undefined	liquid
22.240	25.958	166.85	0.0059933	-0.034290	-0.029969	-1.3987	17.016	27.874	911.00	-0.0070512	undefined	undefined	liquid
22.240	25.962	166.85	0.0059933	-0.034290	-0.029969	-1.3988	17.016	27.874	911.01	-0.0070513	undefined	undefined	liquid
22.240	25.967	166.85	0.0059933	-0.034291	-0.029968	-1.3988	17.016	27.874	911.01	-0.0070513	undefined	undefined	liquid
22.240	25.971	166.85	0.0059933	-0.034291	-0.029968	-1.3988	17.016	27.874	911.01	-0.0070513	undefined	undefined	liquid
22.240	25.975	166.85	0.0059933	-0.034291	-0.029967	-1.3988	17.016	27.874	911.01	-0.0070513	undefined	undefined	liquid
22.240	25.979	166.85	0.0059933	-0.034291	-0.029967	-1.3988	17.016	27.874	911.01	-0.0070513	undefined	undefined	liquid
22.240	25.983	166.85	0.0059933	-0.034292	-0.029966	-1.3988	17.016	27.874	911.01	-0.0070513	undefined	undefined	liquid
22.240	25.988	166.85	0.0059933	-0.034292	-0.029966	-1.3988	17.016	27.874	911.01	-0.0070513	undefined	undefined	liquid
22.240	25.992	166.85	0.0059933	-0.034292	-0.029966	-1.3988	17.016	27.874	911.01	-0.0070514	undefined	undefined	liquid
22.240	25.996	166.85	0.0059933	-0.034292	-0.029965	-1.3988	17.016	27.874	911.01	-0.0070514	undefined	undefined	liquid
22.240	26.000	166.85	0.0059933	-0.034292	-0.029965	-1.3989	17.016	27.874	911.01	-0.0070514	undefined	undefined	liquid
22.240	26.004	166.85	0.0059933	-0.034293	-0.029964	-1.3989	17.016	27.874	911.01	-0.0070514	undefined	undefined	liquid
22.240	26.009	166.85	0.0059933	-0.034293	-0.029964	-1.3989	17.016	27.874	911.01	-0.0070514	undefined	undefined	liquid
22.240	26.013	166.85	0.0059933	-0.034293	-0.029963	-1.3989	17.016	27.874	911.01	-0.0070514	undefined	undefined	liquid
22.240	26.017	166.85	0.0059933	-0.034293	-0.029963	-1.3989	17.016	27.874	911.01	-0.0070514	undefined	undefined	liquid
22.240	26.021	166.85	0.0059933	-0.034294	-0.029962	-1.3989	17.016	27.874	911.01	-0.0070514	undefined	undefined	liquid
22.240	26.025	166.85	0.0059933	-0.034294	-0.029962	-1.3989	17.016	27.874	911.01	-0.0070515	undefined	undefined	liquid
22.240	26.030	166.85	0.0059933	-0.034294	-0.029961	-1.3989	17.016	27.874	911.01	-0.0070515	undefined	undefined	liquid
22.240	26.034	166.85	0.0059933	-0.034294	-0.029961	-1.3989	17.016	27.874	911.01	-0.0070515	undefined	undefined	liquid
22.240	26.038	166.85	0.0059933	-0.034295	-0.029961	-1.3989	17.016	27.874	911.01	-0.0070515	undefined	undefined	liquid
22.240	26.042	166.85	0.0059933	-0.034295	-0.029960	-1.3990	17.016	27.874	911.02	-0.0070515	undefined	undefined	liquid
22.240	26.046	166.85	0.0059933	-0.034295	-0.029960	-1.3990	17.016	27.874	911.02	-0.0070515	undefined	undefined	liquid
22.240	26.051	166.85	0.0059933	-0.034295	-0.029959	-1.3990	17.016	27.874	911.02	-0.0070515	undefined	undefined	liquid
22.240	26.055	166.85	0.0059933	-0.034296	-0.029959	-1.3990	17.016	27.874	911.02	-0.0070515	undefined	undefined	liquid
22.240	26.059	166.85	0.0059933	-0.034296	-0.029958	-1.3990	17.016	27.874	911.02	-0.0070516	undefined	undefined	liquid
22.240	26.063	166.85	0.0059932	-0.034296	-0.029958	-1.3990	17.016	27.874	911.02	-0.0070516	undefined	undefined	liquid
22.240	26.067	166.85	0.0059932	-0.034296	-0.029957	-1.3990	17.016	27.874	911.02	-0.0070516	undefined	undefined	liquid
22.240	26.072	166.85	0.0059932	-0.034297	-0.029957	-1.3990	17.016	27.874	911.02	-0.0070516	undefined	undefined	liquid
22.240	26.076	166.85	0.0059932	-0.034297	-0.029956	-1.3990	17.016	27.874	911.02	-0.0070516	undefined	undefined	liquid
22.240	26.080	166.85	0.0059932	-0.034297	-0.029956	-1.3991	17.016	27.874	911.02	-0.0070516	undefined	undefined	liquid
22.240	26.084	166.85	0.0059932	-0.034297	-0.029955	-1.3991	17.016	27.874	911.02	-0.0070516	undefined	undefined	liquid
22.240	26.088	166.85	0.0059932	-0.034298	-0.029955	-1.3991	17.016	27.874	911.02	-0.0070517	undefined	undefined	liquid
22.240	26.093	166.85	0.0059932	-0.034298	-0.029955	-1.3991	17.016	27.874	911.02	-0.0070517	undefined	undefined	liquid
22.240	26.097	166.85	0.0059932	-0.034298	-0.029954	-1.3991	17.016	27.874	911.02	-0.0070517	undefined	undefined	liquid
22.240	26.101	166.85	0.0059932	-0.034298	-0.029954	-1.3991	17.016	27.874	911.02	-0.0070517	undefined	undefined	liquid
22.240	26.105	166.85	0.0059932	-0.034298	-0.029953	-1.3991	17.016	27.874	911.02	-0.0070517	undefined	undefined	liquid
22.240	26.109	166.86	0.0059932	-0.034299	-0.029953	-1.3991	17.016	27.874	911.02	-0.0070517	undefined	undefined	liquid
22.240	26.114	166.86	0.0059932	-0.034299	-0.029952	-1.3991	17.016	27.874	911.02	-0.0070517	undefined	undefined	liquid
22.240	26.118	166.86	0.0059932	-0.034299	-0.029952	-1.3992	17.016	27.874	911.02	-0.0070517	undefined	undefined	liquid
22.240	26.122	166.86	0.0059932	-0.034299	-0.029951	-1.3992	17.016	27.874	911.03	-0.0070518	undefined	undefined	liquid
22.240	26.126	166.86	0.0059932	-0.034300	-0.029951	-1.3992	17.016	27.873	911.03	-0.0070518	undefined	undefined	liquid
22.240	26.130	166.86	0.0059932	-0.034300	-0.029950	-1.3992	17.016	27.873	911.03	-0.0070518	undefined	undefined	liquid
22.240	26.135	166.86	0.0059932	-0.034300	-0.029950	-1.3992	17.016	27.873	911.03	-0.0070518	undefined	undefined	liquid
22.240	26.139	166.86	0.0059932	-0.034300	-0.029950	-1.3992	17.016	27.873	911.03	-0.0070518	undefined	undefined	liquid
22.240	26.143	166.86	0.0059932	-0.034301	-0.029949	-1.3992	17.016	27.873	911.03	-0.0070518	undefined	undefined	liquid
22.240	26.147	166.86	0.0059932	-0.034301	-0.029949	-1.3992	17.016	27.873	911.03	-0.0070518	undefined	undefined	liquid
22.240	26.151	166.86	0.0059932	-0.034301	-0.029948	-1.3992	17.016	27.873	911.03	-0.0070519	undefined	undefined	liquid
22.240	26.156	166.86	0.0059932	-0.034301	-0.029948	-1.3993	17.016	27.873	911.03	-0.0070519	undefined	undefined	liquid
22.240	26.160	166.86	0.0059932	-0.034302	-0.029947	-1.3993	17.016	27.873	911.03	-0.0070519	undefined	undefined	liquid
22.240	26.164	166.86	0.0059932	-0.034302	-0.029947	-1.3993	17.016	27.873	911.03	-0.0070519	undefined	undefined	liquid
22.240	26.168	166.86	0.0059932	-0.034302	-0.029946	-1.3993	17.016	27.873	911.03	-0.0070519	undefined	undefined	liquid
22.240	26.172	166.86	0.0059932	-0.034302	-0.029946	-1.3993	17.016	27.873	911.03	-0.0070519	undefined	undefined	liquid
22.240	26.177	166.86	0.0059932	-0.034303	-0.029945	-1.3993	17.016	27.873	911.03	-0.0070519	undefined	undefined	liquid
22.240	26.181	166.86	0.0059932	-0.034303	-0.029945	-1.3993	17.016	27.873	911.03	-0.0070519	undefined	undefined	liquid
22.240	26.185	166.86	0.0059932	-0.034303	-0.029944	-1.3993	17.016	27.873	911.03	-0.0070520	undefined	undefined	liquid
22.240	26.189	166.86	0.0059932	-0.034303	-0.029944	-1.3993	17.016	27.873	911.03	-0.0070520	undefined	undefined	liquid
22.240	26.193	166.86	0.0059932	-0.034303	-0.029944	-1.3993	17.016	27.873	911.03	-0.0070520	undefined	undefined	liquid
22.240	26.198	166.86	0.0059932	-0.034304	-0.029943	-1.3994	17.016	27.873	911.03	-0.0070520	undefined	undefined	liquid
22.240	26.202	166.86	0.0059932	-0.034304	-0.029943	-1.3994	17.016	27.873	911.04	-0.0070520	undefined	undefined	liquid
22.240	26.206	166.86	0.0059932	-0.034304	-0.029942	-1.3994	17.016	27.873	911.04	-0.0070520	undefined	undefined	liquid
22.240	26.210	166.86	0.0059932	-0.034304	-0.029942	-1.3994	17.016	27.873	911.04	-0.0070520	undefined	undefined	liquid
22.240	26.214	166.86	0.0059932	-0.034305	-0.029941	-1.3994	17.016	27.873	911.04	-0.0070520	undefined	undefined	liquid
22.240	26.219	166.86	0.0059932	-0.034305	-0.029941	-1.3994	17.016	27.873	911.04	-0.0070521	undefined	undefined	liquid
22.240	26.223	166.86	0.0059932	-0.034305	-0.029940	-1.3994	17.016	27.873	911.04	-0.0070521	undefined	undefined	liquid
22.240	26.227	166.86	0.0059932	-0.034305	-0.029940	-1.3994	17.016	27.873	911.04	-0.0070521	undefined	undefined	liquid
22.240	26.231	166.86	0.0059932	-0.034306	-0.029939	-1.3994	17.016	27.873	911.04	-0.0070521	undefined	undefined	liquid
22.240	26.235	166.86	0.0059932	-0.034306	-0.029939	-1.3995	17.016	27.873	911.04	-0.0070521	undefined	undefined	liquid
22.240	26.240	166.86	0.0059932	-0.034306	-0.029939	-1.3995	17.016	27.873	911.04	-0.0070521	undefined	undefined	liquid
22.240	26.244	166.86	0.0059932	-0.034306	-0.029938	-1.3995	17.016	27.873	911.04	-0.0070521	undefined	undefined	liquid
22.240	26.248	166.86	0.0059932	-0.034307	-0.029938	-1.3995	17.016	27.873	911.04	-0.0070522	undefined	undefined	liquid
22.240	26.252	166.86	0.0059932	-0.034307	-0.029937	-1.3995	17.016	27.873	911.04	-0.0070522	undefined	undefined	liquid
22.240	26.256	166.86	0.0059932	-0.034307	-0.029937	-1.3995	17.016	27.873	911.04	-0.0070522	undefined	undefined	liquid
22.240	26.261	166.86	0.0059932	-0.034307	-0.029936	-1.3995	17.016	27.873	911.04	-0.0070522	undefined	undefined	liquid
22.240	26.265	166.86	0.0059932	-0.034308	-0.029936	-1.3995	17.016	27.873	911.04	-0.0070522	undefined	undefined	liquid
22.240	26.269	166.86	0.0059931	-0.034308	-0.029935	-1.3995	17.016	27.873	911.04	-0.0070522	undefined	undefined	liquid
22.240	26.273	166.86	0.0059931	-0.034308	-0.029935	-1.3996	17.016	27.873	911.04	-0.0070522	undefined	undefined	liquid
22.240	26.277	166.86	0.0059931	-0.034308	-0.029934	-1.3996	17.016	27.873	911.04	-0.0070522	undefined	undefined	liquid
22.240	26.282	166.86	0.0059931	-0.034309	-0.029934	-1.3996	17.016	27.873	911.05	-0.0070523	undefined	undefined	liquid
22.240	26.286	166.86	0.0059931	-0.034309	-0.029933	-1.3996	17.016	27.873	911.05	-0.0070523	undefined	undefined	liquid
22.240	26.290	166.86	0.0059931	-0.034309	-0.029933	-1.3996	17.016	27.873	911.05	-0.0070523	undefined	undefined	liquid
22.240	26.294	166.86	0.0059931	-0.034309	-0.029933	-1.3996	17.016	27.873	911.05	-0.0070523	undefined	undefined	liquid
22.240	26.298	166.86	0.0059931	-0.034309	-0.029932	-1.3996	17.016	27.873	911.05	-0.0070523	undefined	undefined	liquid
22.240	26.303	166.86	0.0059931	-0.034310	-0.029932	-1.3996	17.016	27.872	911.05	-0.0070523	undefined	undefined	liquid
22.240	26.307	166.86	0.0059931	-0.034310	-0.029931	-1.3996	17.016	27.872	911.05	-0.0070523	undefined	undefined	liquid
22.240	26.311	166.86	0.0059931	-0.034310	-0.029931	-1.3997	17.016	27.872	911.05	-0.0070524	undefined	undefined	liquid
22.240	26.315	166.86	0.0059931	-0.034310	-0.029930	-1.3997	17.016	27.872	911.05	-0.0070524	undefined	undefined	liquid
22.240	26.319	166.86	0.0059931	-0.034311	-0.029930	-1.3997	17.016	27.872	911.05	-0.0070524	undefined	undefined	liquid
22.240	26.324	166.86	0.0059931	-0.034311	-0.029929	-1.3997	17.016	27.872	911.05	-0.0070524	undefined	undefined	liquid
22.240	26.328	166.86	0.0059931	-0.034311	-0.029929	-1.3997	17.016	27.872	911.05	-0.0070524	undefined	undefined	liquid
22.240	26.332	166.86	0.0059931	-0.034311	-0.029928	-1.3997	17.016	27.872	911.05	-0.0070524	undefined	undefined	liquid
22.240	26.336	166.86	0.0059931	-0.034312	-0.029928	-1.3997	17.016	27.872	911.05	-0.0070524	undefined	undefined	liquid
22.240	26.340	166.86	0.0059931	-0.034312	-0.029928	-1.3997	17.016	27.872	911.05	-0.0070524	undefined	undefined	liquid
22.240	26.345	166.86	0.0059931	-0.034312	-0.029927	-1.3997	17.016	27.872	911.05	-0.0070525	undefined	undefined	liquid
22.240	26.349	166.86	0.0059931	-0.034312	-0.029927	-1.3997	17.016	27.872	911.05	-0.0070525	undefined	undefined	liquid
22.240	26.353	166.86	0.0059931	-0.034313	-0.029926	-1.3998	17.016	27.872	911.05	-0.0070525	undefined	undefined	liquid
22.240	26.357	166.86	0.0059931	-0.034313	-0.029926	-1.3998	17.016	27.872	911.05	-0.0070525	undefined	undefined	liquid
22.240	26.361	166.86	0.0059931	-0.034313	-0.029925	-1.3998	17.016	27.872	911.06	-0.0070525	undefined	undefined	liquid
22.240	26.366	166.86	0.0059931	-0.034313	-0.029925	-1.3998	17.016	27.872	911.06	-0.0070525	undefined	undefined	liquid
22.240	26.370	166.86	0.0059931	-0.034314	-0.029924	-1.3998	17.016	27.872	911.06	-0.0070525	undefined	undefined	liquid
22.240	26.374	166.86	0.0059931	-0.034314	-0.029924	-1.3998	17.016	27.872	911.06	-0.0070525	undefined	undefined	liquid
22.240	26.378	166.86	0.0059931	-0.034314	-0.029923	-1.3998	17.016	27.872	911.06	-0.0070526	undefined	undefined	liquid
22.240	26.382	166.86	0.0059931	-0.034314	-0.029923	-1.3998	17.016	27.872	911.06	-0.0070526	undefined	undefined	liquid
22.240	26.387	166.86	0.0059931	-0.034314	-0.029922	-1.3998	17.016	27.872	911.06	-0.0070526	undefined	undefined	liquid
22.240	26.391	166.86	0.0059931	-0.034315	-0.029922	-1.3999	17.016	27.872	911.06	-0.0070526	undefined	undefined	liquid
22.240	26.395	166.86	0.0059931	-0.034315	-0.029922	-1.3999	17.016	27.872	911.06	-0.0070526	undefined	undefined	liquid
22.240	26.399	166.86	0.0059931	-0.034315	-0.029921	-1.3999	17.016	27.872	911.06	-0.0070526	undefined	undefined	liquid
22.240	26.403	166.86	0.0059931	-0.034315	-0.029921	-1.3999	17.016	27.872	911.06	-0.0070526	undefined	undefined	liquid
22.240	26.408	166.86	0.0059931	-0.034316	-0.029920	-1.3999	17.016	27.872	911.06	-0.0070527	undefined	undefined	liquid
22.240	26.412	166.86	0.0059931	-0.034316	-0.029920	-1.3999	17.016	27.872	911.06	-0.0070527	undefined	undefined	liquid
22.240	26.416	166.86	0.0059931	-0.034316	-0.029919	-1.3999	17.016	27.872	911.06	-0.0070527	undefined	undefined	liquid
22.240	26.420	166.86	0.0059931	-0.034316	-0.029919	-1.3999	17.016	27.872	911.06	-0.0070527	undefined	undefined	liquid
22.240	26.424	166.86	0.0059931	-0.034317	-0.029918	-1.3999	17.016	27.872	911.06	-0.0070527	undefined	undefined	liquid
22.240	26.429	166.86	0.0059931	-0.034317	-0.029918	-1.4000	17.016	27.872	911.06	-0.0070527	undefined	undefined	liquid
22.240	26.433	166.86	0.0059931	-0.034317	-0.029917	-1.4000	17.016	27.872	911.06	-0.0070527	undefined	undefined	liquid
22.240	26.437	166.86	0.0059931	-0.034317	-0.029917	-1.4000	17.016	27.872	911.06	-0.0070527	undefined	undefined	liquid
22.240	26.441	166.86	0.0059931	-0.034318	-0.029916	-1.4000	17.016	27.872	911.07	-0.0070528	undefined	undefined	liquid
22.240	26.445	166.86	0.0059931	-0.034318	-0.029916	-1.4000	17.016	27.872	911.07	-0.0070528	undefined	undefined	liquid
22.240	26.450	166.86	0.0059931	-0.034318	-0.029916	-1.4000	17.016	27.872	911.07	-0.0070528	undefined	undefined	liquid
22.240	26.454	166.86	0.0059931	-0.034318	-0.029915	-1.4000	17.016	27.872	911.07	-0.0070528	undefined	undefined	liquid
22.240	26.458	166.86	0.0059931	-0.034319	-0.029915	-1.4000	17.016	27.872	911.07	-0.0070528	undefined	undefined	liquid
22.240	26.462	166.86	0.0059931	-0.034319	-0.029914	-1.4000	17.017	27.872	911.07	-0.0070528	undefined	undefined	liquid
22.240	26.466	166.86	0.0059931	-0.034319	-0.029914	-1.4001	17.017	27.872	911.07	-0.0070528	undefined	undefined	liquid
22.240	26.471	166.86	0.0059931	-0.034319	-0.029913	-1.4001	17.017	27.872	911.07	-0.0070529	undefined	undefined	liquid
22.240	26.475	166.86	0.0059930	-0.034319	-0.029913	-1.4001	17.017	27.872	911.07	-0.0070529	undefined	undefined	liquid
22.240	26.479	166.86	0.0059930	-0.034320	-0.029912	-1.4001	17.017	27.872	911.07	-0.0070529	undefined	undefined	liquid
22.240	26.483	166.86	0.0059930	-0.034320	-0.029912	-1.4001	17.017	27.871	911.07	-0.0070529	undefined	undefined	liquid
22.240	26.487	166.86	0.0059930	-0.034320	-0.029911	-1.4001	17.017	27.871	911.07	-0.0070529	undefined	undefined	liquid
22.240	26.492	166.86	0.0059930	-0.034320	-0.029911	-1.4001	17.017	27.871	911.07	-0.0070529	undefined	undefined	liquid
22.240	26.496	166.86	0.0059930	-0.034321	-0.029911	-1.4001	17.017	27.871	911.07	-0.0070529	undefined	undefined	liquid
22.240	26.500	166.86	0.0059930	-0.034321	-0.029910	-1.4001	17.017	27.871	911.07	-0.0070529	undefined	undefined	liquid
22.240	26.504	166.86	0.0059930	-0.034321	-0.029910	-1.4001	17.017	27.871	911.07	-0.0070530	undefined	undefined	liquid
22.240	26.508	166.86	0.0059930	-0.034321	-0.029909	-1.4002	17.017	27.871	911.07	-0.0070530	undefined	undefined	liquid
22.240	26.513	166.86	0.0059930	-0.034322	-0.029909	-1.4002	17.017	27.871	911.07	-0.0070530	undefined	undefined	liquid
22.240	26.517	166.86	0.0059930	-0.034322	-0.029908	-1.4002	17.017	27.871	911.07	-0.0070530	undefined	undefined	liquid
22.240	26.521	166.86	0.0059930	-0.034322	-0.029908	-1.4002	17.017	27.871	911.08	-0.0070530	undefined	undefined	liquid
22.240	26.525	166.86	0.0059930	-0.034322	-0.029907	-1.4002	17.017	27.871	911.08	-0.0070530	undefined	undefined	liquid
22.240	26.529	166.86	0.0059930	-0.034323	-0.029907	-1.4002	17.017	27.871	911.08	-0.0070530	undefined	undefined	liquid
22.240	26.534	166.86	0.0059930	-0.034323	-0.029906	-1.4002	17.017	27.871	911.08	-0.0070531	undefined	undefined	liquid
22.240	26.538	166.86	0.0059930	-0.034323	-0.029906	-1.4002	17.017	27.871	911.08	-0.0070531	undefined	undefined	liquid
22.240	26.542	166.86	0.0059930	-0.034323	-0.029905	-1.4002	17.017	27.871	911.08	-0.0070531	undefined	undefined	liquid
22.240	26.546	166.86	0.0059930	-0.034324	-0.029905	-1.4003	17.017	27.871	911.08	-0.0070531	undefined	undefined	liquid
22.240	26.550	166.86	0.0059930	-0.034324	-0.029905	-1.4003	17.017	27.871	911.08	-0.0070531	undefined	undefined	liquid
22.240	26.555	166.86	0.0059930	-0.034324	-0.029904	-1.4003	17.017	27.871	911.08	-0.0070531	undefined	undefined	liquid
22.240	26.559	166.86	0.0059930	-0.034324	-0.029904	-1.4003	17.017	27.871	911.08	-0.0070531	undefined	undefined	liquid
22.240	26.563	166.86	0.0059930	-0.034325	-0.029903	-1.4003	17.017	27.871	911.08	-0.0070531	undefined	undefined	liquid
22.240	26.567	166.86	0.0059930	-0.034325	-0.029903	-1.4003	17.017	27.871	911.08	-0.0070532	undefined	undefined	liquid
22.240	26.571	166.86	0.0059930	-0.034325	-0.029902	-1.4003	17.017	27.871	911.08	-0.0070532	undefined	undefined	liquid
22.240	26.576	166.86	0.0059930	-0.034325	-0.029902	-1.4003	17.017	27.871	911.08	-0.0070532	undefined	undefined	liquid
22.240	26.580	166.86	0.0059930	-0.034325	-0.029901	-1.4003	17.017	27.871	911.08	-0.0070532	undefined	undefined	liquid
22.240	26.584	166.86	0.0059930	-0.034326	-0.029901	-1.4004	17.017	27.871	911.08	-0.0070532	undefined	undefined	liquid
22.240	26.588	166.86	0.0059930	-0.034326	-0.029900	-1.4004	17.017	27.871	911.08	-0.0070532	undefined	undefined	liquid
22.240	26.592	166.86	0.0059930	-0.034326	-0.029900	-1.4004	17.017	27.871	911.08	-0.0070532	undefined	undefined	liquid
22.240	26.597	166.86	0.0059930	-0.034326	-0.029900	-1.4004	17.017	27.871	911.09	-0.0070532	undefined	undefined	liquid
22.240	26.601	166.86	0.0059930	-0.034327	-0.029899	-1.4004	17.017	27.871	911.09	-0.0070533	undefined	undefined	liquid
22.240	26.605	166.86	0.0059930	-0.034327	-0.029899	-1.4004	17.017	27.871	911.09	-0.0070533	undefined	undefined	liquid
22.240	26.609	166.86	0.0059930	-0.034327	-0.029898	-1.4004	17.017	27.871	911.09	-0.0070533	undefined	undefined	liquid
22.240	26.613	166.86	0.0059930	-0.034327	-0.029898	-1.4004	17.017	27.871	911.09	-0.0070533	undefined	undefined	liquid
22.240	26.618	166.86	0.0059930	-0.034328	-0.029897	-1.4004	17.017	27.871	911.09	-0.0070533	undefined	undefined	liquid
22.240	26.622	166.86	0.0059930	-0.034328	-0.029897	-1.4005	17.017	27.871	911.09	-0.0070533	undefined	undefined	liquid
22.240	26.626	166.86	0.0059930	-0.034328	-0.029896	-1.4005	17.017	27.871	911.09	-0.0070533	undefined	undefined	liquid
22.240	26.630	166.86	0.0059930	-0.034328	-0.029896	-1.4005	17.017	27.871	911.09	-0.0070534	undefined	undefined	liquid
22.240	26.634	166.86	0.0059930	-0.034329	-0.029895	-1.4005	17.017	27.871	911.09	-0.0070534	undefined	undefined	liquid
22.240	26.639	166.86	0.0059930	-0.034329	-0.029895	-1.4005	17.017	27.871	911.09	-0.0070534	undefined	undefined	liquid
22.240	26.643	166.86	0.0059930	-0.034329	-0.029894	-1.4005	17.017	27.871	911.09	-0.0070534	undefined	undefined	liquid
22.240	26.647	166.86	0.0059930	-0.034329	-0.029894	-1.4005	17.017	27.871	911.09	-0.0070534	undefined	undefined	liquid
22.240	26.651	166.86	0.0059930	-0.034330	-0.029894	-1.4005	17.017	27.871	911.09	-0.0070534	undefined	undefined	liquid
22.240	26.655	166.86	0.0059930	-0.034330	-0.029893	-1.4005	17.017	27.871	911.09	-0.0070534	undefined	undefined	liquid
22.240	26.660	166.86	0.0059930	-0.034330	-0.029893	-1.4005	17.017	27.870	911.09	-0.0070534	undefined	undefined	liquid
22.240	26.664	166.86	0.0059930	-0.034330	-0.029892	-1.4006	17.017	27.870	911.09	-0.0070535	undefined	undefined	liquid
22.240	26.668	166.86	0.0059930	-0.034330	-0.029892	-1.4006	17.017	27.870	911.09	-0.0070535	undefined	undefined	liquid
22.240	26.672	166.86	0.0059930	-0.034331	-0.029891	-1.4006	17.017	27.870	911.09	-0.0070535	undefined	undefined	liquid
22.240	26.676	166.86	0.0059929	-0.034331	-0.029891	-1.4006	17.017	27.870	911.10	-0.0070535	undefined	undefined	liquid
22.240	26.681	166.86	0.0059929	-0.034331	-0.029890	-1.4006	17.017	27.870	911.10	-0.0070535	undefined	undefined	liquid
22.240	26.685	166.86	0.0059929	-0.034331	-0.029890	-1.4006	17.017	27.870	911.10	-0.0070535	undefined	undefined	liquid
22.240	26.689	166.86	0.0059929	-0.034332	-0.029889	-1.4006	17.017	27.870	911.10	-0.0070535	undefined	undefined	liquid
22.240	26.693	166.86	0.0059929	-0.034332	-0.029889	-1.4006	17.017	27.870	911.10	-0.0070536	undefined	undefined	liquid
22.240	26.697	166.86	0.0059929	-0.034332	-0.029889	-1.4006	17.017	27.870	911.10	-0.0070536	undefined	undefined	liquid
22.240	26.702	166.86	0.0059929	-0.034332	-0.029888	-1.4007	17.017	27.870	911.10	-0.0070536	undefined	undefined	liquid
22.240	26.706	166.86	0.0059929	-0.034333	-0.029888	-1.4007	17.017	27.870	911.10	-0.0070536	undefined	undefined	liquid
22.240	26.710	166.86	0.0059929	-0.034333	-0.029887	-1.4007	17.017	27.870	911.10	-0.0070536	undefined	undefined	liquid
22.240	26.714	166.86	0.0059929	-0.034333	-0.029887	-1.4007	17.017	27.870	911.10	-0.0070536	undefined	undefined	liquid
22.240	26.718	166.86	0.0059929	-0.034333	-0.029886	-1.4007	17.017	27.870	911.10	-0.0070536	undefined	undefined	liquid
22.240	26.723	166.86	0.0059929	-0.034334	-0.029886	-1.4007	17.017	27.870	911.10	-0.0070536	undefined	undefined	liquid
22.240	26.727	166.86	0.0059929	-0.034334	-0.029885	-1.4007	17.017	27.870	911.10	-0.0070537	undefined	undefined	liquid
22.240	26.731	166.86	0.0059929	-0.034334	-0.029885	-1.4007	17.017	27.870	911.10	-0.0070537	undefined	undefined	liquid
22.240	26.735	166.86	0.0059929	-0.034334	-0.029884	-1.4007	17.017	27.870	911.10	-0.0070537	undefined	undefined	liquid
22.240	26.739	166.86	0.0059929	-0.034335	-0.029884	-1.4008	17.017	27.870	911.10	-0.0070537	undefined	undefined	liquid
22.240	26.744	166.86	0.0059929	-0.034335	-0.029883	-1.4008	17.017	27.870	911.10	-0.0070537	undefined	undefined	liquid
22.240	26.748	166.86	0.0059929	-0.034335	-0.029883	-1.4008	17.017	27.870	911.10	-0.0070537	undefined	undefined	liquid
22.240	26.752	166.86	0.0059929	-0.034335	-0.029883	-1.4008	17.017	27.870	911.10	-0.0070537	undefined	undefined	liquid
22.240	26.756	166.86	0.0059929	-0.034336	-0.029882	-1.4008	17.017	27.870	911.11	-0.0070537	undefined	undefined	liquid
22.240	26.760	166.86	0.0059929	-0.034336	-0.029882	-1.4008	17.017	27.870	911.11	-0.0070538	undefined	undefined	liquid
22.240	26.765	166.86	0.0059929	-0.034336	-0.029881	-1.4008	17.017	27.870	911.11	-0.0070538	undefined	undefined	liquid
22.240	26.769	166.86	0.0059929	-0.034336	-0.029881	-1.4008	17.017	27.870	911.11	-0.0070538	undefined	undefined	liquid
22.240	26.773	166.86	0.0059929	-0.034336	-0.029880	-1.4008	17.017	27.870	911.11	-0.0070538	undefined	undefined	liquid
22.240	26.777	166.86	0.0059929	-0.034337	-0.029880	-1.4009	17.017	27.870	911.11	-0.0070538	undefined	undefined	liquid
22.240	26.781	166.86	0.0059929	-0.034337	-0.029879	-1.4009	17.017	27.870	911.11	-0.0070538	undefined	undefined	liquid
22.240	26.786	166.86	0.0059929	-0.034337	-0.029879	-1.4009	17.017	27.870	911.11	-0.0070538	undefined	undefined	liquid
22.240	26.790	166.86	0.0059929	-0.034337	-0.029878	-1.4009	17.017	27.870	911.11	-0.0070539	undefined	undefined	liquid
22.240	26.794	166.86	0.0059929	-0.034338	-0.029878	-1.4009	17.017	27.870	911.11	-0.0070539	undefined	undefined	liquid
22.240	26.798	166.86	0.0059929	-0.034338	-0.029878	-1.4009	17.017	27.870	911.11	-0.0070539	undefined	undefined	liquid
22.240	26.802	166.86	0.0059929	-0.034338	-0.029877	-1.4009	17.017	27.870	911.11	-0.0070539	undefined	undefined	liquid
22.240	26.807	166.86	0.0059929	-0.034338	-0.029877	-1.4009	17.017	27.870	911.11	-0.0070539	undefined	undefined	liquid
22.240	26.811	166.86	0.0059929	-0.034339	-0.029876	-1.4009	17.017	27.870	911.11	-0.0070539	undefined	undefined	liquid
22.240	26.815	166.86	0.0059929	-0.034339	-0.029876	-1.4009	17.017	27.870	911.11	-0.0070539	undefined	undefined	liquid
22.240	26.819	166.86	0.0059929	-0.034339	-0.029875	-1.4010	17.017	27.870	911.11	-0.0070539	undefined	undefined	liquid
22.240	26.823	166.86	0.0059929	-0.034339	-0.029875	-1.4010	17.017	27.870	911.11	-0.0070540	undefined	undefined	liquid
22.240	26.828	166.86	0.0059929	-0.034340	-0.029874	-1.4010	17.017	27.870	911.11	-0.0070540	undefined	undefined	liquid
22.240	26.832	166.86	0.0059929	-0.034340	-0.029874	-1.4010	17.017	27.870	911.11	-0.0070540	undefined	undefined	liquid
22.240	26.836	166.86	0.0059929	-0.034340	-0.029873	-1.4010	17.017	27.870	911.12	-0.0070540	undefined	undefined	liquid
22.240	26.840	166.86	0.0059929	-0.034340	-0.029873	-1.4010	17.017	27.869	911.12	-0.0070540	undefined	undefined	liquid
22.240	26.844	166.87	0.0059929	-0.034341	-0.029872	-1.4010	17.017	27.869	911.12	-0.0070540	undefined	undefined	liquid
22.240	26.849	166.87	0.0059929	-0.034341	-0.029872	-1.4010	17.017	27.869	911.12	-0.0070540	undefined	undefined	liquid
22.240	26.853	166.87	0.0059929	-0.034341	-0.029872	-1.4010	17.017	27.869	911.12	-0.0070541	undefined	undefined	liquid
22.240	26.857	166.87	0.0059929	-0.034341	-0.029871	-1.4011	17.017	27.869	911.12	-0.0070541	undefined	undefined	liquid
22.240	26.861	166.87	0.0059929	-0.034341	-0.029871	-1.4011	17.017	27.869	911.12	-0.0070541	undefined	undefined	liquid
22.240	26.865	166.87	0.0059929	-0.034342	-0.029870	-1.4011	17.017	27.869	911.12	-0.0070541	undefined	undefined	liquid
22.240	26.870	166.87	0.0059929	-0.034342	-0.029870	-1.4011	17.017	27.869	911.12	-0.0070541	undefined	undefined	liquid
22.240	26.874	166.87	0.0059929	-0.034342	-0.029869	-1.4011	17.017	27.869	911.12	-0.0070541	undefined	undefined	liquid
22.240	26.878	166.87	0.0059929	-0.034342	-0.029869	-1.4011	17.017	27.869	911.12	-0.0070541	undefined	undefined	liquid
22.240	26.882	166.87	0.0059928	-0.034343	-0.029868	-1.4011	17.017	27.869	911.12	-0.0070541	undefined	undefined	liquid
22.240	26.886	166.87	0.0059928	-0.034343	-0.029868	-1.4011	17.017	27.869	911.12	-0.0070542	undefined	undefined	liquid
22.240	26.891	166.87	0.0059928	-0.034343	-0.029867	-1.4011	17.017	27.869	911.12	-0.0070542	undefined	undefined	liquid
22.240	26.895	166.87	0.0059928	-0.034343	-0.029867	-1.4012	17.017	27.869	911.12	-0.0070542	undefined	undefined	liquid
22.240	26.899	166.87	0.0059928	-0.034344	-0.029866	-1.4012	17.017	27.869	911.12	-0.0070542	undefined	undefined	liquid
22.240	26.903	166.87	0.0059928	-0.034344	-0.029866	-1.4012	17.017	27.869	911.12	-0.0070542	undefined	undefined	liquid
22.240	26.907	166.87	0.0059928	-0.034344	-0.029866	-1.4012	17.017	27.869	911.12	-0.0070542	undefined	undefined	liquid
22.240	26.912	166.87	0.0059928	-0.034344	-0.029865	-1.4012	17.017	27.869	911.12	-0.0070542	undefined	undefined	liquid
22.240	26.916	166.87	0.0059928	-0.034345	-0.029865	-1.4012	17.017	27.869	911.13	-0.0070543	undefined	undefined	liquid
22.240	26.920	166.87	0.0059928	-0.034345	-0.029864	-1.4012	17.017	27.869	911.13	-0.0070543	undefined	undefined	liquid
