Temperature (K)	Pressure (psia)	Density (kg/m3)	Volume (m3/kg)	Internal Energy (kJ/mol)	Enthalpy (kJ/mol)	Entropy (J/mol*K)	Cv (J/mol*K)	Cp (J/mol*K)	Sound Spd. (m/s)	Joule-Thomson (F/psia)	Viscosity (uPa*s)	Therm. Cond. (W/m*K)	Phase
22.290	24.400	166.70	0.0059987	-0.032807	-0.028742	-1.3320	17.075	28.004	908.80	-0.0069981	undefined	undefined	liquid
22.290	24.404	166.70	0.0059987	-0.032808	-0.028742	-1.3320	17.075	28.004	908.80	-0.0069981	undefined	undefined	liquid
22.290	24.408	166.70	0.0059987	-0.032808	-0.028741	-1.3320	17.076	28.004	908.80	-0.0069981	undefined	undefined	liquid
22.290	24.413	166.70	0.0059987	-0.032808	-0.028741	-1.3320	17.076	28.004	908.80	-0.0069981	undefined	undefined	liquid
22.290	24.417	166.70	0.0059987	-0.032808	-0.028740	-1.3320	17.076	28.004	908.80	-0.0069981	undefined	undefined	liquid
22.290	24.421	166.70	0.0059987	-0.032809	-0.028740	-1.3320	17.076	28.004	908.80	-0.0069981	undefined	undefined	liquid
22.290	24.425	166.70	0.0059987	-0.032809	-0.028739	-1.3320	17.076	28.004	908.80	-0.0069981	undefined	undefined	liquid
22.290	24.429	166.70	0.0059987	-0.032809	-0.028739	-1.3321	17.076	28.004	908.80	-0.0069981	undefined	undefined	liquid
22.290	24.434	166.70	0.0059987	-0.032809	-0.028739	-1.3321	17.076	28.004	908.80	-0.0069982	undefined	undefined	liquid
22.290	24.438	166.70	0.0059987	-0.032810	-0.028738	-1.3321	17.076	28.004	908.80	-0.0069982	undefined	undefined	liquid
22.290	24.442	166.70	0.0059987	-0.032810	-0.028738	-1.3321	17.076	28.003	908.80	-0.0069982	undefined	undefined	liquid
22.290	24.446	166.70	0.0059987	-0.032810	-0.028737	-1.3321	17.076	28.003	908.80	-0.0069982	undefined	undefined	liquid
22.290	24.450	166.70	0.0059987	-0.032810	-0.028737	-1.3321	17.076	28.003	908.80	-0.0069982	undefined	undefined	liquid
22.290	24.455	166.70	0.0059987	-0.032810	-0.028736	-1.3321	17.076	28.003	908.80	-0.0069982	undefined	undefined	liquid
22.290	24.459	166.70	0.0059987	-0.032811	-0.028736	-1.3321	17.076	28.003	908.80	-0.0069982	undefined	undefined	liquid
22.290	24.463	166.70	0.0059987	-0.032811	-0.028735	-1.3321	17.076	28.003	908.80	-0.0069982	undefined	undefined	liquid
22.290	24.467	166.70	0.0059987	-0.032811	-0.028735	-1.3322	17.076	28.003	908.81	-0.0069983	undefined	undefined	liquid
22.290	24.471	166.70	0.0059987	-0.032811	-0.028734	-1.3322	17.076	28.003	908.81	-0.0069983	undefined	undefined	liquid
22.290	24.476	166.70	0.0059987	-0.032812	-0.028734	-1.3322	17.076	28.003	908.81	-0.0069983	undefined	undefined	liquid
22.290	24.480	166.70	0.0059987	-0.032812	-0.028733	-1.3322	17.076	28.003	908.81	-0.0069983	undefined	undefined	liquid
22.290	24.484	166.70	0.0059987	-0.032812	-0.028733	-1.3322	17.076	28.003	908.81	-0.0069983	undefined	undefined	liquid
22.290	24.488	166.70	0.0059987	-0.032812	-0.028733	-1.3322	17.076	28.003	908.81	-0.0069983	undefined	undefined	liquid
22.290	24.492	166.70	0.0059987	-0.032813	-0.028732	-1.3322	17.076	28.003	908.81	-0.0069983	undefined	undefined	liquid
22.290	24.497	166.70	0.0059987	-0.032813	-0.028732	-1.3322	17.076	28.003	908.81	-0.0069984	undefined	undefined	liquid
22.290	24.501	166.70	0.0059987	-0.032813	-0.028731	-1.3322	17.076	28.003	908.81	-0.0069984	undefined	undefined	liquid
22.290	24.505	166.70	0.0059987	-0.032813	-0.028731	-1.3322	17.076	28.003	908.81	-0.0069984	undefined	undefined	liquid
22.290	24.509	166.70	0.0059987	-0.032814	-0.028730	-1.3323	17.076	28.003	908.81	-0.0069984	undefined	undefined	liquid
22.290	24.513	166.70	0.0059987	-0.032814	-0.028730	-1.3323	17.076	28.003	908.81	-0.0069984	undefined	undefined	liquid
22.290	24.518	166.70	0.0059987	-0.032814	-0.028729	-1.3323	17.076	28.003	908.81	-0.0069984	undefined	undefined	liquid
22.290	24.522	166.70	0.0059987	-0.032814	-0.028729	-1.3323	17.076	28.003	908.81	-0.0069984	undefined	undefined	liquid
22.290	24.526	166.70	0.0059987	-0.032815	-0.028728	-1.3323	17.076	28.003	908.81	-0.0069984	undefined	undefined	liquid
22.290	24.530	166.70	0.0059987	-0.032815	-0.028728	-1.3323	17.076	28.003	908.81	-0.0069985	undefined	undefined	liquid
22.290	24.534	166.70	0.0059986	-0.032815	-0.028728	-1.3323	17.076	28.003	908.81	-0.0069985	undefined	undefined	liquid
22.290	24.539	166.70	0.0059986	-0.032815	-0.028727	-1.3323	17.076	28.003	908.81	-0.0069985	undefined	undefined	liquid
22.290	24.543	166.70	0.0059986	-0.032816	-0.028727	-1.3323	17.076	28.003	908.81	-0.0069985	undefined	undefined	liquid
22.290	24.547	166.70	0.0059986	-0.032816	-0.028726	-1.3324	17.076	28.003	908.82	-0.0069985	undefined	undefined	liquid
22.290	24.551	166.70	0.0059986	-0.032816	-0.028726	-1.3324	17.076	28.003	908.82	-0.0069985	undefined	undefined	liquid
22.290	24.555	166.70	0.0059986	-0.032816	-0.028725	-1.3324	17.076	28.003	908.82	-0.0069985	undefined	undefined	liquid
22.290	24.560	166.70	0.0059986	-0.032817	-0.028725	-1.3324	17.076	28.003	908.82	-0.0069985	undefined	undefined	liquid
22.290	24.564	166.70	0.0059986	-0.032817	-0.028724	-1.3324	17.076	28.003	908.82	-0.0069986	undefined	undefined	liquid
22.290	24.568	166.70	0.0059986	-0.032817	-0.028724	-1.3324	17.076	28.003	908.82	-0.0069986	undefined	undefined	liquid
22.290	24.572	166.70	0.0059986	-0.032817	-0.028723	-1.3324	17.076	28.003	908.82	-0.0069986	undefined	undefined	liquid
22.290	24.576	166.70	0.0059986	-0.032817	-0.028723	-1.3324	17.076	28.003	908.82	-0.0069986	undefined	undefined	liquid
22.290	24.581	166.70	0.0059986	-0.032818	-0.028723	-1.3324	17.076	28.003	908.82	-0.0069986	undefined	undefined	liquid
22.290	24.585	166.70	0.0059986	-0.032818	-0.028722	-1.3325	17.076	28.003	908.82	-0.0069986	undefined	undefined	liquid
22.290	24.589	166.70	0.0059986	-0.032818	-0.028722	-1.3325	17.076	28.003	908.82	-0.0069986	undefined	undefined	liquid
22.290	24.593	166.71	0.0059986	-0.032818	-0.028721	-1.3325	17.076	28.003	908.82	-0.0069987	undefined	undefined	liquid
22.290	24.597	166.71	0.0059986	-0.032819	-0.028721	-1.3325	17.076	28.003	908.82	-0.0069987	undefined	undefined	liquid
22.290	24.602	166.71	0.0059986	-0.032819	-0.028720	-1.3325	17.076	28.003	908.82	-0.0069987	undefined	undefined	liquid
22.290	24.606	166.71	0.0059986	-0.032819	-0.028720	-1.3325	17.076	28.003	908.82	-0.0069987	undefined	undefined	liquid
22.290	24.610	166.71	0.0059986	-0.032819	-0.028719	-1.3325	17.076	28.003	908.82	-0.0069987	undefined	undefined	liquid
22.290	24.614	166.71	0.0059986	-0.032820	-0.028719	-1.3325	17.076	28.003	908.82	-0.0069987	undefined	undefined	liquid
22.290	24.618	166.71	0.0059986	-0.032820	-0.028718	-1.3325	17.076	28.002	908.82	-0.0069987	undefined	undefined	liquid
22.290	24.623	166.71	0.0059986	-0.032820	-0.028718	-1.3326	17.076	28.002	908.82	-0.0069987	undefined	undefined	liquid
22.290	24.627	166.71	0.0059986	-0.032820	-0.028717	-1.3326	17.076	28.002	908.82	-0.0069988	undefined	undefined	liquid
22.290	24.631	166.71	0.0059986	-0.032821	-0.028717	-1.3326	17.076	28.002	908.83	-0.0069988	undefined	undefined	liquid
22.290	24.635	166.71	0.0059986	-0.032821	-0.028717	-1.3326	17.076	28.002	908.83	-0.0069988	undefined	undefined	liquid
22.290	24.639	166.71	0.0059986	-0.032821	-0.028716	-1.3326	17.076	28.002	908.83	-0.0069988	undefined	undefined	liquid
22.290	24.644	166.71	0.0059986	-0.032821	-0.028716	-1.3326	17.076	28.002	908.83	-0.0069988	undefined	undefined	liquid
22.290	24.648	166.71	0.0059986	-0.032822	-0.028715	-1.3326	17.076	28.002	908.83	-0.0069988	undefined	undefined	liquid
22.290	24.652	166.71	0.0059986	-0.032822	-0.028715	-1.3326	17.076	28.002	908.83	-0.0069988	undefined	undefined	liquid
22.290	24.656	166.71	0.0059986	-0.032822	-0.028714	-1.3326	17.076	28.002	908.83	-0.0069988	undefined	undefined	liquid
22.290	24.660	166.71	0.0059986	-0.032822	-0.028714	-1.3327	17.076	28.002	908.83	-0.0069989	undefined	undefined	liquid
22.290	24.665	166.71	0.0059986	-0.032823	-0.028713	-1.3327	17.076	28.002	908.83	-0.0069989	undefined	undefined	liquid
22.290	24.669	166.71	0.0059986	-0.032823	-0.028713	-1.3327	17.076	28.002	908.83	-0.0069989	undefined	undefined	liquid
22.290	24.673	166.71	0.0059986	-0.032823	-0.028712	-1.3327	17.076	28.002	908.83	-0.0069989	undefined	undefined	liquid
22.290	24.677	166.71	0.0059986	-0.032823	-0.028712	-1.3327	17.076	28.002	908.83	-0.0069989	undefined	undefined	liquid
22.290	24.681	166.71	0.0059986	-0.032823	-0.028712	-1.3327	17.076	28.002	908.83	-0.0069989	undefined	undefined	liquid
22.290	24.686	166.71	0.0059986	-0.032824	-0.028711	-1.3327	17.076	28.002	908.83	-0.0069989	undefined	undefined	liquid
22.290	24.690	166.71	0.0059986	-0.032824	-0.028711	-1.3327	17.076	28.002	908.83	-0.0069990	undefined	undefined	liquid
22.290	24.694	166.71	0.0059986	-0.032824	-0.028710	-1.3327	17.076	28.002	908.83	-0.0069990	undefined	undefined	liquid
22.290	24.698	166.71	0.0059986	-0.032824	-0.028710	-1.3327	17.076	28.002	908.83	-0.0069990	undefined	undefined	liquid
22.290	24.702	166.71	0.0059986	-0.032825	-0.028709	-1.3328	17.076	28.002	908.83	-0.0069990	undefined	undefined	liquid
22.290	24.707	166.71	0.0059986	-0.032825	-0.028709	-1.3328	17.076	28.002	908.83	-0.0069990	undefined	undefined	liquid
22.290	24.711	166.71	0.0059986	-0.032825	-0.028708	-1.3328	17.076	28.002	908.84	-0.0069990	undefined	undefined	liquid
22.290	24.715	166.71	0.0059986	-0.032825	-0.028708	-1.3328	17.076	28.002	908.84	-0.0069990	undefined	undefined	liquid
22.290	24.719	166.71	0.0059986	-0.032826	-0.028707	-1.3328	17.076	28.002	908.84	-0.0069990	undefined	undefined	liquid
22.290	24.723	166.71	0.0059986	-0.032826	-0.028707	-1.3328	17.076	28.002	908.84	-0.0069991	undefined	undefined	liquid
22.290	24.728	166.71	0.0059986	-0.032826	-0.028707	-1.3328	17.076	28.002	908.84	-0.0069991	undefined	undefined	liquid
22.290	24.732	166.71	0.0059986	-0.032826	-0.028706	-1.3328	17.076	28.002	908.84	-0.0069991	undefined	undefined	liquid
22.290	24.736	166.71	0.0059985	-0.032827	-0.028706	-1.3328	17.076	28.002	908.84	-0.0069991	undefined	undefined	liquid
22.290	24.740	166.71	0.0059985	-0.032827	-0.028705	-1.3329	17.076	28.002	908.84	-0.0069991	undefined	undefined	liquid
22.290	24.744	166.71	0.0059985	-0.032827	-0.028705	-1.3329	17.076	28.002	908.84	-0.0069991	undefined	undefined	liquid
22.290	24.749	166.71	0.0059985	-0.032827	-0.028704	-1.3329	17.076	28.002	908.84	-0.0069991	undefined	undefined	liquid
22.290	24.753	166.71	0.0059985	-0.032828	-0.028704	-1.3329	17.076	28.002	908.84	-0.0069991	undefined	undefined	liquid
22.290	24.757	166.71	0.0059985	-0.032828	-0.028703	-1.3329	17.076	28.002	908.84	-0.0069992	undefined	undefined	liquid
22.290	24.761	166.71	0.0059985	-0.032828	-0.028703	-1.3329	17.076	28.002	908.84	-0.0069992	undefined	undefined	liquid
22.290	24.765	166.71	0.0059985	-0.032828	-0.028702	-1.3329	17.076	28.002	908.84	-0.0069992	undefined	undefined	liquid
22.290	24.770	166.71	0.0059985	-0.032829	-0.028702	-1.3329	17.076	28.002	908.84	-0.0069992	undefined	undefined	liquid
22.290	24.774	166.71	0.0059985	-0.032829	-0.028701	-1.3329	17.076	28.002	908.84	-0.0069992	undefined	undefined	liquid
22.290	24.778	166.71	0.0059985	-0.032829	-0.028701	-1.3330	17.076	28.002	908.84	-0.0069992	undefined	undefined	liquid
22.290	24.782	166.71	0.0059985	-0.032829	-0.028701	-1.3330	17.076	28.002	908.84	-0.0069992	undefined	undefined	liquid
22.290	24.786	166.71	0.0059985	-0.032830	-0.028700	-1.3330	17.076	28.002	908.84	-0.0069993	undefined	undefined	liquid
22.290	24.791	166.71	0.0059985	-0.032830	-0.028700	-1.3330	17.076	28.002	908.84	-0.0069993	undefined	undefined	liquid
22.290	24.795	166.71	0.0059985	-0.032830	-0.028699	-1.3330	17.076	28.002	908.85	-0.0069993	undefined	undefined	liquid
22.290	24.799	166.71	0.0059985	-0.032830	-0.028699	-1.3330	17.076	28.001	908.85	-0.0069993	undefined	undefined	liquid
22.290	24.803	166.71	0.0059985	-0.032830	-0.028698	-1.3330	17.076	28.001	908.85	-0.0069993	undefined	undefined	liquid
22.290	24.807	166.71	0.0059985	-0.032831	-0.028698	-1.3330	17.076	28.001	908.85	-0.0069993	undefined	undefined	liquid
22.290	24.812	166.71	0.0059985	-0.032831	-0.028697	-1.3330	17.076	28.001	908.85	-0.0069993	undefined	undefined	liquid
22.290	24.816	166.71	0.0059985	-0.032831	-0.028697	-1.3331	17.076	28.001	908.85	-0.0069993	undefined	undefined	liquid
22.290	24.820	166.71	0.0059985	-0.032831	-0.028696	-1.3331	17.076	28.001	908.85	-0.0069994	undefined	undefined	liquid
22.290	24.824	166.71	0.0059985	-0.032832	-0.028696	-1.3331	17.076	28.001	908.85	-0.0069994	undefined	undefined	liquid
22.290	24.828	166.71	0.0059985	-0.032832	-0.028696	-1.3331	17.076	28.001	908.85	-0.0069994	undefined	undefined	liquid
22.290	24.833	166.71	0.0059985	-0.032832	-0.028695	-1.3331	17.076	28.001	908.85	-0.0069994	undefined	undefined	liquid
22.290	24.837	166.71	0.0059985	-0.032832	-0.028695	-1.3331	17.076	28.001	908.85	-0.0069994	undefined	undefined	liquid
22.290	24.841	166.71	0.0059985	-0.032833	-0.028694	-1.3331	17.076	28.001	908.85	-0.0069994	undefined	undefined	liquid
22.290	24.845	166.71	0.0059985	-0.032833	-0.028694	-1.3331	17.076	28.001	908.85	-0.0069994	undefined	undefined	liquid
22.290	24.849	166.71	0.0059985	-0.032833	-0.028693	-1.3331	17.076	28.001	908.85	-0.0069994	undefined	undefined	liquid
22.290	24.854	166.71	0.0059985	-0.032833	-0.028693	-1.3332	17.076	28.001	908.85	-0.0069995	undefined	undefined	liquid
22.290	24.858	166.71	0.0059985	-0.032834	-0.028692	-1.3332	17.076	28.001	908.85	-0.0069995	undefined	undefined	liquid
22.290	24.862	166.71	0.0059985	-0.032834	-0.028692	-1.3332	17.076	28.001	908.85	-0.0069995	undefined	undefined	liquid
22.290	24.866	166.71	0.0059985	-0.032834	-0.028691	-1.3332	17.076	28.001	908.85	-0.0069995	undefined	undefined	liquid
22.290	24.870	166.71	0.0059985	-0.032834	-0.028691	-1.3332	17.076	28.001	908.85	-0.0069995	undefined	undefined	liquid
22.290	24.875	166.71	0.0059985	-0.032835	-0.028691	-1.3332	17.076	28.001	908.86	-0.0069995	undefined	undefined	liquid
22.290	24.879	166.71	0.0059985	-0.032835	-0.028690	-1.3332	17.076	28.001	908.86	-0.0069995	undefined	undefined	liquid
22.290	24.883	166.71	0.0059985	-0.032835	-0.028690	-1.3332	17.076	28.001	908.86	-0.0069996	undefined	undefined	liquid
22.290	24.887	166.71	0.0059985	-0.032835	-0.028689	-1.3332	17.076	28.001	908.86	-0.0069996	undefined	undefined	liquid
22.290	24.891	166.71	0.0059985	-0.032836	-0.028689	-1.3332	17.076	28.001	908.86	-0.0069996	undefined	undefined	liquid
22.290	24.896	166.71	0.0059985	-0.032836	-0.028688	-1.3333	17.076	28.001	908.86	-0.0069996	undefined	undefined	liquid
22.290	24.900	166.71	0.0059985	-0.032836	-0.028688	-1.3333	17.076	28.001	908.86	-0.0069996	undefined	undefined	liquid
22.290	24.904	166.71	0.0059985	-0.032836	-0.028687	-1.3333	17.076	28.001	908.86	-0.0069996	undefined	undefined	liquid
22.290	24.908	166.71	0.0059985	-0.032837	-0.028687	-1.3333	17.076	28.001	908.86	-0.0069996	undefined	undefined	liquid
22.290	24.912	166.71	0.0059985	-0.032837	-0.028686	-1.3333	17.076	28.001	908.86	-0.0069996	undefined	undefined	liquid
22.290	24.917	166.71	0.0059985	-0.032837	-0.028686	-1.3333	17.076	28.001	908.86	-0.0069997	undefined	undefined	liquid
22.290	24.921	166.71	0.0059985	-0.032837	-0.028685	-1.3333	17.076	28.001	908.86	-0.0069997	undefined	undefined	liquid
22.290	24.925	166.71	0.0059985	-0.032837	-0.028685	-1.3333	17.076	28.001	908.86	-0.0069997	undefined	undefined	liquid
22.290	24.929	166.71	0.0059985	-0.032838	-0.028685	-1.3333	17.076	28.001	908.86	-0.0069997	undefined	undefined	liquid
22.290	24.933	166.71	0.0059985	-0.032838	-0.028684	-1.3334	17.076	28.001	908.86	-0.0069997	undefined	undefined	liquid
22.290	24.938	166.71	0.0059984	-0.032838	-0.028684	-1.3334	17.076	28.001	908.86	-0.0069997	undefined	undefined	liquid
22.290	24.942	166.71	0.0059984	-0.032838	-0.028683	-1.3334	17.076	28.001	908.86	-0.0069997	undefined	undefined	liquid
22.290	24.946	166.71	0.0059984	-0.032839	-0.028683	-1.3334	17.076	28.001	908.86	-0.0069997	undefined	undefined	liquid
22.290	24.950	166.71	0.0059984	-0.032839	-0.028682	-1.3334	17.076	28.001	908.86	-0.0069998	undefined	undefined	liquid
22.290	24.954	166.71	0.0059984	-0.032839	-0.028682	-1.3334	17.076	28.001	908.86	-0.0069998	undefined	undefined	liquid
22.290	24.959	166.71	0.0059984	-0.032839	-0.028681	-1.3334	17.076	28.001	908.87	-0.0069998	undefined	undefined	liquid
22.290	24.963	166.71	0.0059984	-0.032840	-0.028681	-1.3334	17.076	28.001	908.87	-0.0069998	undefined	undefined	liquid
22.290	24.967	166.71	0.0059984	-0.032840	-0.028680	-1.3334	17.076	28.001	908.87	-0.0069998	undefined	undefined	liquid
22.290	24.971	166.71	0.0059984	-0.032840	-0.028680	-1.3335	17.076	28.001	908.87	-0.0069998	undefined	undefined	liquid
22.290	24.975	166.71	0.0059984	-0.032840	-0.028680	-1.3335	17.076	28.000	908.87	-0.0069998	undefined	undefined	liquid
22.290	24.980	166.71	0.0059984	-0.032841	-0.028679	-1.3335	17.076	28.000	908.87	-0.0069999	undefined	undefined	liquid
22.290	24.984	166.71	0.0059984	-0.032841	-0.028679	-1.3335	17.076	28.000	908.87	-0.0069999	undefined	undefined	liquid
22.290	24.988	166.71	0.0059984	-0.032841	-0.028678	-1.3335	17.076	28.000	908.87	-0.0069999	undefined	undefined	liquid
22.290	24.992	166.71	0.0059984	-0.032841	-0.028678	-1.3335	17.076	28.000	908.87	-0.0069999	undefined	undefined	liquid
22.290	24.996	166.71	0.0059984	-0.032842	-0.028677	-1.3335	17.076	28.000	908.87	-0.0069999	undefined	undefined	liquid
22.290	25.001	166.71	0.0059984	-0.032842	-0.028677	-1.3335	17.076	28.000	908.87	-0.0069999	undefined	undefined	liquid
22.290	25.005	166.71	0.0059984	-0.032842	-0.028676	-1.3335	17.076	28.000	908.87	-0.0069999	undefined	undefined	liquid
22.290	25.009	166.71	0.0059984	-0.032842	-0.028676	-1.3336	17.077	28.000	908.87	-0.0069999	undefined	undefined	liquid
22.290	25.013	166.71	0.0059984	-0.032843	-0.028675	-1.3336	17.077	28.000	908.87	-0.0070000	undefined	undefined	liquid
22.290	25.017	166.71	0.0059984	-0.032843	-0.028675	-1.3336	17.077	28.000	908.87	-0.0070000	undefined	undefined	liquid
22.290	25.022	166.71	0.0059984	-0.032843	-0.028675	-1.3336	17.077	28.000	908.87	-0.0070000	undefined	undefined	liquid
22.290	25.026	166.71	0.0059984	-0.032843	-0.028674	-1.3336	17.077	28.000	908.87	-0.0070000	undefined	undefined	liquid
22.290	25.030	166.71	0.0059984	-0.032843	-0.028674	-1.3336	17.077	28.000	908.87	-0.0070000	undefined	undefined	liquid
22.290	25.034	166.71	0.0059984	-0.032844	-0.028673	-1.3336	17.077	28.000	908.87	-0.0070000	undefined	undefined	liquid
22.290	25.038	166.71	0.0059984	-0.032844	-0.028673	-1.3336	17.077	28.000	908.88	-0.0070000	undefined	undefined	liquid
22.290	25.043	166.71	0.0059984	-0.032844	-0.028672	-1.3336	17.077	28.000	908.88	-0.0070000	undefined	undefined	liquid
22.290	25.047	166.71	0.0059984	-0.032844	-0.028672	-1.3337	17.077	28.000	908.88	-0.0070001	undefined	undefined	liquid
22.290	25.051	166.71	0.0059984	-0.032845	-0.028671	-1.3337	17.077	28.000	908.88	-0.0070001	undefined	undefined	liquid
22.290	25.055	166.71	0.0059984	-0.032845	-0.028671	-1.3337	17.077	28.000	908.88	-0.0070001	undefined	undefined	liquid
22.290	25.059	166.71	0.0059984	-0.032845	-0.028670	-1.3337	17.077	28.000	908.88	-0.0070001	undefined	undefined	liquid
22.290	25.064	166.71	0.0059984	-0.032845	-0.028670	-1.3337	17.077	28.000	908.88	-0.0070001	undefined	undefined	liquid
22.290	25.068	166.71	0.0059984	-0.032846	-0.028669	-1.3337	17.077	28.000	908.88	-0.0070001	undefined	undefined	liquid
22.290	25.072	166.71	0.0059984	-0.032846	-0.028669	-1.3337	17.077	28.000	908.88	-0.0070001	undefined	undefined	liquid
22.290	25.076	166.71	0.0059984	-0.032846	-0.028669	-1.3337	17.077	28.000	908.88	-0.0070002	undefined	undefined	liquid
22.290	25.080	166.71	0.0059984	-0.032846	-0.028668	-1.3337	17.077	28.000	908.88	-0.0070002	undefined	undefined	liquid
22.290	25.085	166.71	0.0059984	-0.032847	-0.028668	-1.3337	17.077	28.000	908.88	-0.0070002	undefined	undefined	liquid
22.290	25.089	166.71	0.0059984	-0.032847	-0.028667	-1.3338	17.077	28.000	908.88	-0.0070002	undefined	undefined	liquid
22.290	25.093	166.71	0.0059984	-0.032847	-0.028667	-1.3338	17.077	28.000	908.88	-0.0070002	undefined	undefined	liquid
22.290	25.097	166.71	0.0059984	-0.032847	-0.028666	-1.3338	17.077	28.000	908.88	-0.0070002	undefined	undefined	liquid
22.290	25.101	166.71	0.0059984	-0.032848	-0.028666	-1.3338	17.077	28.000	908.88	-0.0070002	undefined	undefined	liquid
22.290	25.106	166.71	0.0059984	-0.032848	-0.028665	-1.3338	17.077	28.000	908.88	-0.0070002	undefined	undefined	liquid
22.290	25.110	166.71	0.0059984	-0.032848	-0.028665	-1.3338	17.077	28.000	908.88	-0.0070003	undefined	undefined	liquid
22.290	25.114	166.71	0.0059984	-0.032848	-0.028664	-1.3338	17.077	28.000	908.88	-0.0070003	undefined	undefined	liquid
22.290	25.118	166.71	0.0059984	-0.032849	-0.028664	-1.3338	17.077	28.000	908.89	-0.0070003	undefined	undefined	liquid
22.290	25.122	166.71	0.0059984	-0.032849	-0.028664	-1.3338	17.077	28.000	908.89	-0.0070003	undefined	undefined	liquid
22.290	25.127	166.71	0.0059984	-0.032849	-0.028663	-1.3339	17.077	28.000	908.89	-0.0070003	undefined	undefined	liquid
22.290	25.131	166.71	0.0059984	-0.032849	-0.028663	-1.3339	17.077	28.000	908.89	-0.0070003	undefined	undefined	liquid
22.290	25.135	166.71	0.0059984	-0.032850	-0.028662	-1.3339	17.077	28.000	908.89	-0.0070003	undefined	undefined	liquid
22.290	25.139	166.71	0.0059984	-0.032850	-0.028662	-1.3339	17.077	28.000	908.89	-0.0070003	undefined	undefined	liquid
22.290	25.143	166.71	0.0059983	-0.032850	-0.028661	-1.3339	17.077	28.000	908.89	-0.0070004	undefined	undefined	liquid
22.290	25.148	166.71	0.0059983	-0.032850	-0.028661	-1.3339	17.077	28.000	908.89	-0.0070004	undefined	undefined	liquid
22.290	25.152	166.71	0.0059983	-0.032850	-0.028660	-1.3339	17.077	28.000	908.89	-0.0070004	undefined	undefined	liquid
22.290	25.156	166.71	0.0059983	-0.032851	-0.028660	-1.3339	17.077	27.999	908.89	-0.0070004	undefined	undefined	liquid
22.290	25.160	166.71	0.0059983	-0.032851	-0.028659	-1.3339	17.077	27.999	908.89	-0.0070004	undefined	undefined	liquid
22.290	25.164	166.71	0.0059983	-0.032851	-0.028659	-1.3340	17.077	27.999	908.89	-0.0070004	undefined	undefined	liquid
22.290	25.169	166.71	0.0059983	-0.032851	-0.028658	-1.3340	17.077	27.999	908.89	-0.0070004	undefined	undefined	liquid
22.290	25.173	166.71	0.0059983	-0.032852	-0.028658	-1.3340	17.077	27.999	908.89	-0.0070005	undefined	undefined	liquid
22.290	25.177	166.71	0.0059983	-0.032852	-0.028658	-1.3340	17.077	27.999	908.89	-0.0070005	undefined	undefined	liquid
22.290	25.181	166.71	0.0059983	-0.032852	-0.028657	-1.3340	17.077	27.999	908.89	-0.0070005	undefined	undefined	liquid
22.290	25.185	166.71	0.0059983	-0.032852	-0.028657	-1.3340	17.077	27.999	908.89	-0.0070005	undefined	undefined	liquid
22.290	25.190	166.71	0.0059983	-0.032853	-0.028656	-1.3340	17.077	27.999	908.89	-0.0070005	undefined	undefined	liquid
22.290	25.194	166.71	0.0059983	-0.032853	-0.028656	-1.3340	17.077	27.999	908.89	-0.0070005	undefined	undefined	liquid
22.290	25.198	166.71	0.0059983	-0.032853	-0.028655	-1.3340	17.077	27.999	908.89	-0.0070005	undefined	undefined	liquid
22.290	25.202	166.71	0.0059983	-0.032853	-0.028655	-1.3341	17.077	27.999	908.90	-0.0070005	undefined	undefined	liquid
22.290	25.206	166.71	0.0059983	-0.032854	-0.028654	-1.3341	17.077	27.999	908.90	-0.0070006	undefined	undefined	liquid
22.290	25.211	166.71	0.0059983	-0.032854	-0.028654	-1.3341	17.077	27.999	908.90	-0.0070006	undefined	undefined	liquid
22.290	25.215	166.71	0.0059983	-0.032854	-0.028653	-1.3341	17.077	27.999	908.90	-0.0070006	undefined	undefined	liquid
22.290	25.219	166.71	0.0059983	-0.032854	-0.028653	-1.3341	17.077	27.999	908.90	-0.0070006	undefined	undefined	liquid
22.290	25.223	166.71	0.0059983	-0.032855	-0.028653	-1.3341	17.077	27.999	908.90	-0.0070006	undefined	undefined	liquid
22.290	25.227	166.71	0.0059983	-0.032855	-0.028652	-1.3341	17.077	27.999	908.90	-0.0070006	undefined	undefined	liquid
22.290	25.232	166.71	0.0059983	-0.032855	-0.028652	-1.3341	17.077	27.999	908.90	-0.0070006	undefined	undefined	liquid
22.290	25.236	166.71	0.0059983	-0.032855	-0.028651	-1.3341	17.077	27.999	908.90	-0.0070006	undefined	undefined	liquid
22.290	25.240	166.71	0.0059983	-0.032856	-0.028651	-1.3342	17.077	27.999	908.90	-0.0070007	undefined	undefined	liquid
22.290	25.244	166.71	0.0059983	-0.032856	-0.028650	-1.3342	17.077	27.999	908.90	-0.0070007	undefined	undefined	liquid
22.290	25.248	166.71	0.0059983	-0.032856	-0.028650	-1.3342	17.077	27.999	908.90	-0.0070007	undefined	undefined	liquid
22.290	25.253	166.71	0.0059983	-0.032856	-0.028649	-1.3342	17.077	27.999	908.90	-0.0070007	undefined	undefined	liquid
22.290	25.257	166.71	0.0059983	-0.032857	-0.028649	-1.3342	17.077	27.999	908.90	-0.0070007	undefined	undefined	liquid
22.290	25.261	166.71	0.0059983	-0.032857	-0.028648	-1.3342	17.077	27.999	908.90	-0.0070007	undefined	undefined	liquid
22.290	25.265	166.71	0.0059983	-0.032857	-0.028648	-1.3342	17.077	27.999	908.90	-0.0070007	undefined	undefined	liquid
22.290	25.269	166.71	0.0059983	-0.032857	-0.028648	-1.3342	17.077	27.999	908.90	-0.0070008	undefined	undefined	liquid
22.290	25.274	166.71	0.0059983	-0.032857	-0.028647	-1.3342	17.077	27.999	908.90	-0.0070008	undefined	undefined	liquid
22.290	25.278	166.71	0.0059983	-0.032858	-0.028647	-1.3342	17.077	27.999	908.90	-0.0070008	undefined	undefined	liquid
22.290	25.282	166.71	0.0059983	-0.032858	-0.028646	-1.3343	17.077	27.999	908.91	-0.0070008	undefined	undefined	liquid
22.290	25.286	166.71	0.0059983	-0.032858	-0.028646	-1.3343	17.077	27.999	908.91	-0.0070008	undefined	undefined	liquid
22.290	25.290	166.71	0.0059983	-0.032858	-0.028645	-1.3343	17.077	27.999	908.91	-0.0070008	undefined	undefined	liquid
22.290	25.295	166.71	0.0059983	-0.032859	-0.028645	-1.3343	17.077	27.999	908.91	-0.0070008	undefined	undefined	liquid
22.290	25.299	166.71	0.0059983	-0.032859	-0.028644	-1.3343	17.077	27.999	908.91	-0.0070008	undefined	undefined	liquid
22.290	25.303	166.71	0.0059983	-0.032859	-0.028644	-1.3343	17.077	27.999	908.91	-0.0070009	undefined	undefined	liquid
22.290	25.307	166.71	0.0059983	-0.032859	-0.028643	-1.3343	17.077	27.999	908.91	-0.0070009	undefined	undefined	liquid
22.290	25.311	166.71	0.0059983	-0.032860	-0.028643	-1.3343	17.077	27.999	908.91	-0.0070009	undefined	undefined	liquid
22.290	25.316	166.71	0.0059983	-0.032860	-0.028642	-1.3343	17.077	27.999	908.91	-0.0070009	undefined	undefined	liquid
22.290	25.320	166.71	0.0059983	-0.032860	-0.028642	-1.3344	17.077	27.999	908.91	-0.0070009	undefined	undefined	liquid
22.290	25.324	166.72	0.0059983	-0.032860	-0.028642	-1.3344	17.077	27.999	908.91	-0.0070009	undefined	undefined	liquid
22.290	25.328	166.72	0.0059983	-0.032861	-0.028641	-1.3344	17.077	27.999	908.91	-0.0070009	undefined	undefined	liquid
22.290	25.332	166.72	0.0059983	-0.032861	-0.028641	-1.3344	17.077	27.999	908.91	-0.0070009	undefined	undefined	liquid
22.290	25.337	166.72	0.0059983	-0.032861	-0.028640	-1.3344	17.077	27.998	908.91	-0.0070010	undefined	undefined	liquid
22.290	25.341	166.72	0.0059983	-0.032861	-0.028640	-1.3344	17.077	27.998	908.91	-0.0070010	undefined	undefined	liquid
22.290	25.345	166.72	0.0059982	-0.032862	-0.028639	-1.3344	17.077	27.998	908.91	-0.0070010	undefined	undefined	liquid
22.290	25.349	166.72	0.0059982	-0.032862	-0.028639	-1.3344	17.077	27.998	908.91	-0.0070010	undefined	undefined	liquid
22.290	25.353	166.72	0.0059982	-0.032862	-0.028638	-1.3344	17.077	27.998	908.91	-0.0070010	undefined	undefined	liquid
22.290	25.358	166.72	0.0059982	-0.032862	-0.028638	-1.3345	17.077	27.998	908.91	-0.0070010	undefined	undefined	liquid
22.290	25.362	166.72	0.0059982	-0.032863	-0.028637	-1.3345	17.077	27.998	908.92	-0.0070010	undefined	undefined	liquid
22.290	25.366	166.72	0.0059982	-0.032863	-0.028637	-1.3345	17.077	27.998	908.92	-0.0070011	undefined	undefined	liquid
22.290	25.370	166.72	0.0059982	-0.032863	-0.028637	-1.3345	17.077	27.998	908.92	-0.0070011	undefined	undefined	liquid
22.290	25.374	166.72	0.0059982	-0.032863	-0.028636	-1.3345	17.077	27.998	908.92	-0.0070011	undefined	undefined	liquid
22.290	25.379	166.72	0.0059982	-0.032863	-0.028636	-1.3345	17.077	27.998	908.92	-0.0070011	undefined	undefined	liquid
22.290	25.383	166.72	0.0059982	-0.032864	-0.028635	-1.3345	17.077	27.998	908.92	-0.0070011	undefined	undefined	liquid
22.290	25.387	166.72	0.0059982	-0.032864	-0.028635	-1.3345	17.077	27.998	908.92	-0.0070011	undefined	undefined	liquid
22.290	25.391	166.72	0.0059982	-0.032864	-0.028634	-1.3345	17.077	27.998	908.92	-0.0070011	undefined	undefined	liquid
22.290	25.395	166.72	0.0059982	-0.032864	-0.028634	-1.3346	17.077	27.998	908.92	-0.0070011	undefined	undefined	liquid
22.290	25.400	166.72	0.0059982	-0.032865	-0.028633	-1.3346	17.077	27.998	908.92	-0.0070012	undefined	undefined	liquid
22.290	25.404	166.72	0.0059982	-0.032865	-0.028633	-1.3346	17.077	27.998	908.92	-0.0070012	undefined	undefined	liquid
22.290	25.408	166.72	0.0059982	-0.032865	-0.028632	-1.3346	17.077	27.998	908.92	-0.0070012	undefined	undefined	liquid
22.290	25.412	166.72	0.0059982	-0.032865	-0.028632	-1.3346	17.077	27.998	908.92	-0.0070012	undefined	undefined	liquid
22.290	25.416	166.72	0.0059982	-0.032866	-0.028632	-1.3346	17.077	27.998	908.92	-0.0070012	undefined	undefined	liquid
22.290	25.421	166.72	0.0059982	-0.032866	-0.028631	-1.3346	17.077	27.998	908.92	-0.0070012	undefined	undefined	liquid
22.290	25.425	166.72	0.0059982	-0.032866	-0.028631	-1.3346	17.077	27.998	908.92	-0.0070012	undefined	undefined	liquid
22.290	25.429	166.72	0.0059982	-0.032866	-0.028630	-1.3346	17.077	27.998	908.92	-0.0070012	undefined	undefined	liquid
22.290	25.433	166.72	0.0059982	-0.032867	-0.028630	-1.3347	17.077	27.998	908.92	-0.0070013	undefined	undefined	liquid
22.290	25.437	166.72	0.0059982	-0.032867	-0.028629	-1.3347	17.077	27.998	908.92	-0.0070013	undefined	undefined	liquid
22.290	25.442	166.72	0.0059982	-0.032867	-0.028629	-1.3347	17.077	27.998	908.92	-0.0070013	undefined	undefined	liquid
22.290	25.446	166.72	0.0059982	-0.032867	-0.028628	-1.3347	17.077	27.998	908.93	-0.0070013	undefined	undefined	liquid
22.290	25.450	166.72	0.0059982	-0.032868	-0.028628	-1.3347	17.077	27.998	908.93	-0.0070013	undefined	undefined	liquid
22.290	25.454	166.72	0.0059982	-0.032868	-0.028627	-1.3347	17.077	27.998	908.93	-0.0070013	undefined	undefined	liquid
22.290	25.458	166.72	0.0059982	-0.032868	-0.028627	-1.3347	17.077	27.998	908.93	-0.0070013	undefined	undefined	liquid
22.290	25.463	166.72	0.0059982	-0.032868	-0.028626	-1.3347	17.077	27.998	908.93	-0.0070014	undefined	undefined	liquid
22.290	25.467	166.72	0.0059982	-0.032869	-0.028626	-1.3347	17.077	27.998	908.93	-0.0070014	undefined	undefined	liquid
22.290	25.471	166.72	0.0059982	-0.032869	-0.028626	-1.3347	17.077	27.998	908.93	-0.0070014	undefined	undefined	liquid
22.290	25.475	166.72	0.0059982	-0.032869	-0.028625	-1.3348	17.077	27.998	908.93	-0.0070014	undefined	undefined	liquid
22.290	25.479	166.72	0.0059982	-0.032869	-0.028625	-1.3348	17.077	27.998	908.93	-0.0070014	undefined	undefined	liquid
22.290	25.484	166.72	0.0059982	-0.032870	-0.028624	-1.3348	17.077	27.998	908.93	-0.0070014	undefined	undefined	liquid
22.290	25.488	166.72	0.0059982	-0.032870	-0.028624	-1.3348	17.077	27.998	908.93	-0.0070014	undefined	undefined	liquid
22.290	25.492	166.72	0.0059982	-0.032870	-0.028623	-1.3348	17.077	27.998	908.93	-0.0070014	undefined	undefined	liquid
22.290	25.496	166.72	0.0059982	-0.032870	-0.028623	-1.3348	17.077	27.998	908.93	-0.0070015	undefined	undefined	liquid
22.290	25.500	166.72	0.0059982	-0.032870	-0.028622	-1.3348	17.077	27.998	908.93	-0.0070015	undefined	undefined	liquid
22.290	25.505	166.72	0.0059982	-0.032871	-0.028622	-1.3348	17.077	27.998	908.93	-0.0070015	undefined	undefined	liquid
22.290	25.509	166.72	0.0059982	-0.032871	-0.028621	-1.3348	17.077	27.998	908.93	-0.0070015	undefined	undefined	liquid
22.290	25.513	166.72	0.0059982	-0.032871	-0.028621	-1.3349	17.077	27.997	908.93	-0.0070015	undefined	undefined	liquid
22.290	25.517	166.72	0.0059982	-0.032871	-0.028621	-1.3349	17.077	27.997	908.93	-0.0070015	undefined	undefined	liquid
22.290	25.521	166.72	0.0059982	-0.032872	-0.028620	-1.3349	17.077	27.997	908.93	-0.0070015	undefined	undefined	liquid
22.290	25.526	166.72	0.0059982	-0.032872	-0.028620	-1.3349	17.077	27.997	908.94	-0.0070015	undefined	undefined	liquid
22.290	25.530	166.72	0.0059982	-0.032872	-0.028619	-1.3349	17.077	27.997	908.94	-0.0070016	undefined	undefined	liquid
22.290	25.534	166.72	0.0059982	-0.032872	-0.028619	-1.3349	17.077	27.997	908.94	-0.0070016	undefined	undefined	liquid
22.290	25.538	166.72	0.0059982	-0.032873	-0.028618	-1.3349	17.077	27.997	908.94	-0.0070016	undefined	undefined	liquid
22.290	25.542	166.72	0.0059982	-0.032873	-0.028618	-1.3349	17.077	27.997	908.94	-0.0070016	undefined	undefined	liquid
22.290	25.547	166.72	0.0059981	-0.032873	-0.028617	-1.3349	17.077	27.997	908.94	-0.0070016	undefined	undefined	liquid
22.290	25.551	166.72	0.0059981	-0.032873	-0.028617	-1.3350	17.077	27.997	908.94	-0.0070016	undefined	undefined	liquid
22.290	25.555	166.72	0.0059981	-0.032874	-0.028616	-1.3350	17.077	27.997	908.94	-0.0070016	undefined	undefined	liquid
22.290	25.559	166.72	0.0059981	-0.032874	-0.028616	-1.3350	17.077	27.997	908.94	-0.0070017	undefined	undefined	liquid
22.290	25.563	166.72	0.0059981	-0.032874	-0.028616	-1.3350	17.077	27.997	908.94	-0.0070017	undefined	undefined	liquid
22.290	25.568	166.72	0.0059981	-0.032874	-0.028615	-1.3350	17.077	27.997	908.94	-0.0070017	undefined	undefined	liquid
22.290	25.572	166.72	0.0059981	-0.032875	-0.028615	-1.3350	17.077	27.997	908.94	-0.0070017	undefined	undefined	liquid
22.290	25.576	166.72	0.0059981	-0.032875	-0.028614	-1.3350	17.077	27.997	908.94	-0.0070017	undefined	undefined	liquid
22.290	25.580	166.72	0.0059981	-0.032875	-0.028614	-1.3350	17.077	27.997	908.94	-0.0070017	undefined	undefined	liquid
22.290	25.584	166.72	0.0059981	-0.032875	-0.028613	-1.3350	17.077	27.997	908.94	-0.0070017	undefined	undefined	liquid
22.290	25.589	166.72	0.0059981	-0.032876	-0.028613	-1.3351	17.077	27.997	908.94	-0.0070017	undefined	undefined	liquid
22.290	25.593	166.72	0.0059981	-0.032876	-0.028612	-1.3351	17.077	27.997	908.94	-0.0070018	undefined	undefined	liquid
22.290	25.597	166.72	0.0059981	-0.032876	-0.028612	-1.3351	17.077	27.997	908.94	-0.0070018	undefined	undefined	liquid
22.290	25.601	166.72	0.0059981	-0.032876	-0.028611	-1.3351	17.077	27.997	908.94	-0.0070018	undefined	undefined	liquid
22.290	25.605	166.72	0.0059981	-0.032876	-0.028611	-1.3351	17.077	27.997	908.95	-0.0070018	undefined	undefined	liquid
22.290	25.610	166.72	0.0059981	-0.032877	-0.028610	-1.3351	17.078	27.997	908.95	-0.0070018	undefined	undefined	liquid
22.290	25.614	166.72	0.0059981	-0.032877	-0.028610	-1.3351	17.078	27.997	908.95	-0.0070018	undefined	undefined	liquid
22.290	25.618	166.72	0.0059981	-0.032877	-0.028610	-1.3351	17.078	27.997	908.95	-0.0070018	undefined	undefined	liquid
22.290	25.622	166.72	0.0059981	-0.032877	-0.028609	-1.3351	17.078	27.997	908.95	-0.0070018	undefined	undefined	liquid
22.290	25.626	166.72	0.0059981	-0.032878	-0.028609	-1.3352	17.078	27.997	908.95	-0.0070019	undefined	undefined	liquid
22.290	25.631	166.72	0.0059981	-0.032878	-0.028608	-1.3352	17.078	27.997	908.95	-0.0070019	undefined	undefined	liquid
22.290	25.635	166.72	0.0059981	-0.032878	-0.028608	-1.3352	17.078	27.997	908.95	-0.0070019	undefined	undefined	liquid
22.290	25.639	166.72	0.0059981	-0.032878	-0.028607	-1.3352	17.078	27.997	908.95	-0.0070019	undefined	undefined	liquid
22.290	25.643	166.72	0.0059981	-0.032879	-0.028607	-1.3352	17.078	27.997	908.95	-0.0070019	undefined	undefined	liquid
22.290	25.647	166.72	0.0059981	-0.032879	-0.028606	-1.3352	17.078	27.997	908.95	-0.0070019	undefined	undefined	liquid
22.290	25.652	166.72	0.0059981	-0.032879	-0.028606	-1.3352	17.078	27.997	908.95	-0.0070019	undefined	undefined	liquid
22.290	25.656	166.72	0.0059981	-0.032879	-0.028605	-1.3352	17.078	27.997	908.95	-0.0070020	undefined	undefined	liquid
22.290	25.660	166.72	0.0059981	-0.032880	-0.028605	-1.3352	17.078	27.997	908.95	-0.0070020	undefined	undefined	liquid
22.290	25.664	166.72	0.0059981	-0.032880	-0.028605	-1.3352	17.078	27.997	908.95	-0.0070020	undefined	undefined	liquid
22.290	25.668	166.72	0.0059981	-0.032880	-0.028604	-1.3353	17.078	27.997	908.95	-0.0070020	undefined	undefined	liquid
22.290	25.673	166.72	0.0059981	-0.032880	-0.028604	-1.3353	17.078	27.997	908.95	-0.0070020	undefined	undefined	liquid
22.290	25.677	166.72	0.0059981	-0.032881	-0.028603	-1.3353	17.078	27.997	908.95	-0.0070020	undefined	undefined	liquid
22.290	25.681	166.72	0.0059981	-0.032881	-0.028603	-1.3353	17.078	27.997	908.95	-0.0070020	undefined	undefined	liquid
22.290	25.685	166.72	0.0059981	-0.032881	-0.028602	-1.3353	17.078	27.997	908.96	-0.0070020	undefined	undefined	liquid
22.290	25.689	166.72	0.0059981	-0.032881	-0.028602	-1.3353	17.078	27.997	908.96	-0.0070021	undefined	undefined	liquid
22.290	25.694	166.72	0.0059981	-0.032882	-0.028601	-1.3353	17.078	27.996	908.96	-0.0070021	undefined	undefined	liquid
22.290	25.698	166.72	0.0059981	-0.032882	-0.028601	-1.3353	17.078	27.996	908.96	-0.0070021	undefined	undefined	liquid
22.290	25.702	166.72	0.0059981	-0.032882	-0.028600	-1.3353	17.078	27.996	908.96	-0.0070021	undefined	undefined	liquid
22.290	25.706	166.72	0.0059981	-0.032882	-0.028600	-1.3354	17.078	27.996	908.96	-0.0070021	undefined	undefined	liquid
22.290	25.710	166.72	0.0059981	-0.032883	-0.028599	-1.3354	17.078	27.996	908.96	-0.0070021	undefined	undefined	liquid
22.290	25.715	166.72	0.0059981	-0.032883	-0.028599	-1.3354	17.078	27.996	908.96	-0.0070021	undefined	undefined	liquid
22.290	25.719	166.72	0.0059981	-0.032883	-0.028599	-1.3354	17.078	27.996	908.96	-0.0070021	undefined	undefined	liquid
22.290	25.723	166.72	0.0059981	-0.032883	-0.028598	-1.3354	17.078	27.996	908.96	-0.0070022	undefined	undefined	liquid
22.290	25.727	166.72	0.0059981	-0.032883	-0.028598	-1.3354	17.078	27.996	908.96	-0.0070022	undefined	undefined	liquid
22.290	25.731	166.72	0.0059981	-0.032884	-0.028597	-1.3354	17.078	27.996	908.96	-0.0070022	undefined	undefined	liquid
22.290	25.736	166.72	0.0059981	-0.032884	-0.028597	-1.3354	17.078	27.996	908.96	-0.0070022	undefined	undefined	liquid
22.290	25.740	166.72	0.0059981	-0.032884	-0.028596	-1.3354	17.078	27.996	908.96	-0.0070022	undefined	undefined	liquid
22.290	25.744	166.72	0.0059981	-0.032884	-0.028596	-1.3355	17.078	27.996	908.96	-0.0070022	undefined	undefined	liquid
22.290	25.748	166.72	0.0059981	-0.032885	-0.028595	-1.3355	17.078	27.996	908.96	-0.0070022	undefined	undefined	liquid
22.290	25.752	166.72	0.0059980	-0.032885	-0.028595	-1.3355	17.078	27.996	908.96	-0.0070023	undefined	undefined	liquid
22.290	25.757	166.72	0.0059980	-0.032885	-0.028594	-1.3355	17.078	27.996	908.96	-0.0070023	undefined	undefined	liquid
22.290	25.761	166.72	0.0059980	-0.032885	-0.028594	-1.3355	17.078	27.996	908.96	-0.0070023	undefined	undefined	liquid
22.290	25.765	166.72	0.0059980	-0.032886	-0.028594	-1.3355	17.078	27.996	908.96	-0.0070023	undefined	undefined	liquid
22.290	25.769	166.72	0.0059980	-0.032886	-0.028593	-1.3355	17.078	27.996	908.97	-0.0070023	undefined	undefined	liquid
22.290	25.773	166.72	0.0059980	-0.032886	-0.028593	-1.3355	17.078	27.996	908.97	-0.0070023	undefined	undefined	liquid
22.290	25.778	166.72	0.0059980	-0.032886	-0.028592	-1.3355	17.078	27.996	908.97	-0.0070023	undefined	undefined	liquid
22.290	25.782	166.72	0.0059980	-0.032887	-0.028592	-1.3356	17.078	27.996	908.97	-0.0070023	undefined	undefined	liquid
22.290	25.786	166.72	0.0059980	-0.032887	-0.028591	-1.3356	17.078	27.996	908.97	-0.0070024	undefined	undefined	liquid
22.290	25.790	166.72	0.0059980	-0.032887	-0.028591	-1.3356	17.078	27.996	908.97	-0.0070024	undefined	undefined	liquid
22.290	25.794	166.72	0.0059980	-0.032887	-0.028590	-1.3356	17.078	27.996	908.97	-0.0070024	undefined	undefined	liquid
22.290	25.799	166.72	0.0059980	-0.032888	-0.028590	-1.3356	17.078	27.996	908.97	-0.0070024	undefined	undefined	liquid
22.290	25.803	166.72	0.0059980	-0.032888	-0.028589	-1.3356	17.078	27.996	908.97	-0.0070024	undefined	undefined	liquid
22.290	25.807	166.72	0.0059980	-0.032888	-0.028589	-1.3356	17.078	27.996	908.97	-0.0070024	undefined	undefined	liquid
22.290	25.811	166.72	0.0059980	-0.032888	-0.028589	-1.3356	17.078	27.996	908.97	-0.0070024	undefined	undefined	liquid
22.290	25.815	166.72	0.0059980	-0.032889	-0.028588	-1.3356	17.078	27.996	908.97	-0.0070024	undefined	undefined	liquid
22.290	25.820	166.72	0.0059980	-0.032889	-0.028588	-1.3357	17.078	27.996	908.97	-0.0070025	undefined	undefined	liquid
22.290	25.824	166.72	0.0059980	-0.032889	-0.028587	-1.3357	17.078	27.996	908.97	-0.0070025	undefined	undefined	liquid
22.290	25.828	166.72	0.0059980	-0.032889	-0.028587	-1.3357	17.078	27.996	908.97	-0.0070025	undefined	undefined	liquid
22.290	25.832	166.72	0.0059980	-0.032889	-0.028586	-1.3357	17.078	27.996	908.97	-0.0070025	undefined	undefined	liquid
22.290	25.836	166.72	0.0059980	-0.032890	-0.028586	-1.3357	17.078	27.996	908.97	-0.0070025	undefined	undefined	liquid
22.290	25.841	166.72	0.0059980	-0.032890	-0.028585	-1.3357	17.078	27.996	908.97	-0.0070025	undefined	undefined	liquid
22.290	25.845	166.72	0.0059980	-0.032890	-0.028585	-1.3357	17.078	27.996	908.97	-0.0070025	undefined	undefined	liquid
22.290	25.849	166.72	0.0059980	-0.032890	-0.028584	-1.3357	17.078	27.996	908.98	-0.0070026	undefined	undefined	liquid
22.290	25.853	166.72	0.0059980	-0.032891	-0.028584	-1.3357	17.078	27.996	908.98	-0.0070026	undefined	undefined	liquid
22.290	25.857	166.72	0.0059980	-0.032891	-0.028583	-1.3357	17.078	27.996	908.98	-0.0070026	undefined	undefined	liquid
22.290	25.862	166.72	0.0059980	-0.032891	-0.028583	-1.3358	17.078	27.996	908.98	-0.0070026	undefined	undefined	liquid
22.290	25.866	166.72	0.0059980	-0.032891	-0.028583	-1.3358	17.078	27.996	908.98	-0.0070026	undefined	undefined	liquid
22.290	25.870	166.72	0.0059980	-0.032892	-0.028582	-1.3358	17.078	27.995	908.98	-0.0070026	undefined	undefined	liquid
22.290	25.874	166.72	0.0059980	-0.032892	-0.028582	-1.3358	17.078	27.995	908.98	-0.0070026	undefined	undefined	liquid
22.290	25.878	166.72	0.0059980	-0.032892	-0.028581	-1.3358	17.078	27.995	908.98	-0.0070026	undefined	undefined	liquid
22.290	25.883	166.72	0.0059980	-0.032892	-0.028581	-1.3358	17.078	27.995	908.98	-0.0070027	undefined	undefined	liquid
22.290	25.887	166.72	0.0059980	-0.032893	-0.028580	-1.3358	17.078	27.995	908.98	-0.0070027	undefined	undefined	liquid
22.290	25.891	166.72	0.0059980	-0.032893	-0.028580	-1.3358	17.078	27.995	908.98	-0.0070027	undefined	undefined	liquid
22.290	25.895	166.72	0.0059980	-0.032893	-0.028579	-1.3358	17.078	27.995	908.98	-0.0070027	undefined	undefined	liquid
22.290	25.899	166.72	0.0059980	-0.032893	-0.028579	-1.3359	17.078	27.995	908.98	-0.0070027	undefined	undefined	liquid
22.290	25.904	166.72	0.0059980	-0.032894	-0.028578	-1.3359	17.078	27.995	908.98	-0.0070027	undefined	undefined	liquid
22.290	25.908	166.72	0.0059980	-0.032894	-0.028578	-1.3359	17.078	27.995	908.98	-0.0070027	undefined	undefined	liquid
22.290	25.912	166.72	0.0059980	-0.032894	-0.028578	-1.3359	17.078	27.995	908.98	-0.0070027	undefined	undefined	liquid
22.290	25.916	166.72	0.0059980	-0.032894	-0.028577	-1.3359	17.078	27.995	908.98	-0.0070028	undefined	undefined	liquid
22.290	25.920	166.72	0.0059980	-0.032895	-0.028577	-1.3359	17.078	27.995	908.98	-0.0070028	undefined	undefined	liquid
22.290	25.925	166.72	0.0059980	-0.032895	-0.028576	-1.3359	17.078	27.995	908.98	-0.0070028	undefined	undefined	liquid
22.290	25.929	166.72	0.0059980	-0.032895	-0.028576	-1.3359	17.078	27.995	908.99	-0.0070028	undefined	undefined	liquid
22.290	25.933	166.72	0.0059980	-0.032895	-0.028575	-1.3359	17.078	27.995	908.99	-0.0070028	undefined	undefined	liquid
22.290	25.937	166.72	0.0059980	-0.032896	-0.028575	-1.3360	17.078	27.995	908.99	-0.0070028	undefined	undefined	liquid
22.290	25.941	166.72	0.0059980	-0.032896	-0.028574	-1.3360	17.078	27.995	908.99	-0.0070028	undefined	undefined	liquid
22.290	25.946	166.72	0.0059980	-0.032896	-0.028574	-1.3360	17.078	27.995	908.99	-0.0070029	undefined	undefined	liquid
22.290	25.950	166.72	0.0059980	-0.032896	-0.028573	-1.3360	17.078	27.995	908.99	-0.0070029	undefined	undefined	liquid
22.290	25.954	166.72	0.0059979	-0.032896	-0.028573	-1.3360	17.078	27.995	908.99	-0.0070029	undefined	undefined	liquid
22.290	25.958	166.72	0.0059979	-0.032897	-0.028573	-1.3360	17.078	27.995	908.99	-0.0070029	undefined	undefined	liquid
22.290	25.962	166.72	0.0059979	-0.032897	-0.028572	-1.3360	17.078	27.995	908.99	-0.0070029	undefined	undefined	liquid
22.290	25.967	166.72	0.0059979	-0.032897	-0.028572	-1.3360	17.078	27.995	908.99	-0.0070029	undefined	undefined	liquid
22.290	25.971	166.72	0.0059979	-0.032897	-0.028571	-1.3360	17.078	27.995	908.99	-0.0070029	undefined	undefined	liquid
22.290	25.975	166.72	0.0059979	-0.032898	-0.028571	-1.3361	17.078	27.995	908.99	-0.0070029	undefined	undefined	liquid
22.290	25.979	166.72	0.0059979	-0.032898	-0.028570	-1.3361	17.078	27.995	908.99	-0.0070030	undefined	undefined	liquid
22.290	25.983	166.72	0.0059979	-0.032898	-0.028570	-1.3361	17.078	27.995	908.99	-0.0070030	undefined	undefined	liquid
22.290	25.988	166.72	0.0059979	-0.032898	-0.028569	-1.3361	17.078	27.995	908.99	-0.0070030	undefined	undefined	liquid
22.290	25.992	166.72	0.0059979	-0.032899	-0.028569	-1.3361	17.078	27.995	908.99	-0.0070030	undefined	undefined	liquid
22.290	25.996	166.72	0.0059979	-0.032899	-0.028568	-1.3361	17.078	27.995	908.99	-0.0070030	undefined	undefined	liquid
22.290	26.000	166.72	0.0059979	-0.032899	-0.028568	-1.3361	17.078	27.995	908.99	-0.0070030	undefined	undefined	liquid
22.290	26.004	166.72	0.0059979	-0.032899	-0.028567	-1.3361	17.078	27.995	908.99	-0.0070030	undefined	undefined	liquid
22.290	26.009	166.72	0.0059979	-0.032900	-0.028567	-1.3361	17.078	27.995	909.00	-0.0070030	undefined	undefined	liquid
22.290	26.013	166.72	0.0059979	-0.032900	-0.028567	-1.3362	17.078	27.995	909.00	-0.0070031	undefined	undefined	liquid
22.290	26.017	166.72	0.0059979	-0.032900	-0.028566	-1.3362	17.078	27.995	909.00	-0.0070031	undefined	undefined	liquid
22.290	26.021	166.72	0.0059979	-0.032900	-0.028566	-1.3362	17.078	27.995	909.00	-0.0070031	undefined	undefined	liquid
22.290	26.025	166.72	0.0059979	-0.032901	-0.028565	-1.3362	17.078	27.995	909.00	-0.0070031	undefined	undefined	liquid
22.290	26.030	166.72	0.0059979	-0.032901	-0.028565	-1.3362	17.078	27.995	909.00	-0.0070031	undefined	undefined	liquid
22.290	26.034	166.72	0.0059979	-0.032901	-0.028564	-1.3362	17.078	27.995	909.00	-0.0070031	undefined	undefined	liquid
22.290	26.038	166.72	0.0059979	-0.032901	-0.028564	-1.3362	17.078	27.995	909.00	-0.0070031	undefined	undefined	liquid
22.290	26.042	166.72	0.0059979	-0.032902	-0.028563	-1.3362	17.078	27.995	909.00	-0.0070032	undefined	undefined	liquid
22.290	26.046	166.72	0.0059979	-0.032902	-0.028563	-1.3362	17.078	27.995	909.00	-0.0070032	undefined	undefined	liquid
22.290	26.051	166.72	0.0059979	-0.032902	-0.028562	-1.3362	17.078	27.994	909.00	-0.0070032	undefined	undefined	liquid
22.290	26.055	166.73	0.0059979	-0.032902	-0.028562	-1.3363	17.078	27.994	909.00	-0.0070032	undefined	undefined	liquid
22.290	26.059	166.73	0.0059979	-0.032902	-0.028562	-1.3363	17.078	27.994	909.00	-0.0070032	undefined	undefined	liquid
22.290	26.063	166.73	0.0059979	-0.032903	-0.028561	-1.3363	17.078	27.994	909.00	-0.0070032	undefined	undefined	liquid
22.290	26.067	166.73	0.0059979	-0.032903	-0.028561	-1.3363	17.078	27.994	909.00	-0.0070032	undefined	undefined	liquid
22.290	26.072	166.73	0.0059979	-0.032903	-0.028560	-1.3363	17.078	27.994	909.00	-0.0070032	undefined	undefined	liquid
22.290	26.076	166.73	0.0059979	-0.032903	-0.028560	-1.3363	17.078	27.994	909.00	-0.0070033	undefined	undefined	liquid
22.290	26.080	166.73	0.0059979	-0.032904	-0.028559	-1.3363	17.078	27.994	909.00	-0.0070033	undefined	undefined	liquid
22.290	26.084	166.73	0.0059979	-0.032904	-0.028559	-1.3363	17.078	27.994	909.00	-0.0070033	undefined	undefined	liquid
22.290	26.088	166.73	0.0059979	-0.032904	-0.028558	-1.3363	17.078	27.994	909.00	-0.0070033	undefined	undefined	liquid
22.290	26.093	166.73	0.0059979	-0.032904	-0.028558	-1.3364	17.078	27.994	909.01	-0.0070033	undefined	undefined	liquid
22.290	26.097	166.73	0.0059979	-0.032905	-0.028557	-1.3364	17.078	27.994	909.01	-0.0070033	undefined	undefined	liquid
22.290	26.101	166.73	0.0059979	-0.032905	-0.028557	-1.3364	17.078	27.994	909.01	-0.0070033	undefined	undefined	liquid
22.290	26.105	166.73	0.0059979	-0.032905	-0.028556	-1.3364	17.078	27.994	909.01	-0.0070033	undefined	undefined	liquid
22.290	26.109	166.73	0.0059979	-0.032905	-0.028556	-1.3364	17.078	27.994	909.01	-0.0070034	undefined	undefined	liquid
22.290	26.114	166.73	0.0059979	-0.032906	-0.028556	-1.3364	17.078	27.994	909.01	-0.0070034	undefined	undefined	liquid
22.290	26.118	166.73	0.0059979	-0.032906	-0.028555	-1.3364	17.078	27.994	909.01	-0.0070034	undefined	undefined	liquid
22.290	26.122	166.73	0.0059979	-0.032906	-0.028555	-1.3364	17.078	27.994	909.01	-0.0070034	undefined	undefined	liquid
22.290	26.126	166.73	0.0059979	-0.032906	-0.028554	-1.3364	17.078	27.994	909.01	-0.0070034	undefined	undefined	liquid
22.290	26.130	166.73	0.0059979	-0.032907	-0.028554	-1.3365	17.078	27.994	909.01	-0.0070034	undefined	undefined	liquid
22.290	26.135	166.73	0.0059979	-0.032907	-0.028553	-1.3365	17.078	27.994	909.01	-0.0070034	undefined	undefined	liquid
22.290	26.139	166.73	0.0059979	-0.032907	-0.028553	-1.3365	17.078	27.994	909.01	-0.0070035	undefined	undefined	liquid
22.290	26.143	166.73	0.0059979	-0.032907	-0.028552	-1.3365	17.078	27.994	909.01	-0.0070035	undefined	undefined	liquid
22.290	26.147	166.73	0.0059979	-0.032908	-0.028552	-1.3365	17.078	27.994	909.01	-0.0070035	undefined	undefined	liquid
22.290	26.151	166.73	0.0059979	-0.032908	-0.028551	-1.3365	17.078	27.994	909.01	-0.0070035	undefined	undefined	liquid
22.290	26.156	166.73	0.0059979	-0.032908	-0.028551	-1.3365	17.078	27.994	909.01	-0.0070035	undefined	undefined	liquid
22.290	26.160	166.73	0.0059978	-0.032908	-0.028551	-1.3365	17.078	27.994	909.01	-0.0070035	undefined	undefined	liquid
22.290	26.164	166.73	0.0059978	-0.032909	-0.028550	-1.3365	17.078	27.994	909.01	-0.0070035	undefined	undefined	liquid
22.290	26.168	166.73	0.0059978	-0.032909	-0.028550	-1.3366	17.078	27.994	909.01	-0.0070035	undefined	undefined	liquid
22.290	26.172	166.73	0.0059978	-0.032909	-0.028549	-1.3366	17.078	27.994	909.02	-0.0070036	undefined	undefined	liquid
22.290	26.177	166.73	0.0059978	-0.032909	-0.028549	-1.3366	17.078	27.994	909.02	-0.0070036	undefined	undefined	liquid
22.290	26.181	166.73	0.0059978	-0.032909	-0.028548	-1.3366	17.078	27.994	909.02	-0.0070036	undefined	undefined	liquid
22.290	26.185	166.73	0.0059978	-0.032910	-0.028548	-1.3366	17.078	27.994	909.02	-0.0070036	undefined	undefined	liquid
22.290	26.189	166.73	0.0059978	-0.032910	-0.028547	-1.3366	17.078	27.994	909.02	-0.0070036	undefined	undefined	liquid
22.290	26.193	166.73	0.0059978	-0.032910	-0.028547	-1.3366	17.078	27.994	909.02	-0.0070036	undefined	undefined	liquid
22.290	26.198	166.73	0.0059978	-0.032910	-0.028546	-1.3366	17.078	27.994	909.02	-0.0070036	undefined	undefined	liquid
22.290	26.202	166.73	0.0059978	-0.032911	-0.028546	-1.3366	17.078	27.994	909.02	-0.0070036	undefined	undefined	liquid
22.290	26.206	166.73	0.0059978	-0.032911	-0.028546	-1.3367	17.078	27.994	909.02	-0.0070037	undefined	undefined	liquid
22.290	26.210	166.73	0.0059978	-0.032911	-0.028545	-1.3367	17.078	27.994	909.02	-0.0070037	undefined	undefined	liquid
22.290	26.214	166.73	0.0059978	-0.032911	-0.028545	-1.3367	17.079	27.994	909.02	-0.0070037	undefined	undefined	liquid
22.290	26.219	166.73	0.0059978	-0.032912	-0.028544	-1.3367	17.079	27.994	909.02	-0.0070037	undefined	undefined	liquid
22.290	26.223	166.73	0.0059978	-0.032912	-0.028544	-1.3367	17.079	27.994	909.02	-0.0070037	undefined	undefined	liquid
22.290	26.227	166.73	0.0059978	-0.032912	-0.028543	-1.3367	17.079	27.994	909.02	-0.0070037	undefined	undefined	liquid
22.290	26.231	166.73	0.0059978	-0.032912	-0.028543	-1.3367	17.079	27.993	909.02	-0.0070037	undefined	undefined	liquid
22.290	26.235	166.73	0.0059978	-0.032913	-0.028542	-1.3367	17.079	27.993	909.02	-0.0070038	undefined	undefined	liquid
22.290	26.240	166.73	0.0059978	-0.032913	-0.028542	-1.3367	17.079	27.993	909.02	-0.0070038	undefined	undefined	liquid
22.290	26.244	166.73	0.0059978	-0.032913	-0.028541	-1.3367	17.079	27.993	909.02	-0.0070038	undefined	undefined	liquid
22.290	26.248	166.73	0.0059978	-0.032913	-0.028541	-1.3368	17.079	27.993	909.02	-0.0070038	undefined	undefined	liquid
22.290	26.252	166.73	0.0059978	-0.032914	-0.028540	-1.3368	17.079	27.993	909.03	-0.0070038	undefined	undefined	liquid
22.290	26.256	166.73	0.0059978	-0.032914	-0.028540	-1.3368	17.079	27.993	909.03	-0.0070038	undefined	undefined	liquid
22.290	26.261	166.73	0.0059978	-0.032914	-0.028540	-1.3368	17.079	27.993	909.03	-0.0070038	undefined	undefined	liquid
22.290	26.265	166.73	0.0059978	-0.032914	-0.028539	-1.3368	17.079	27.993	909.03	-0.0070038	undefined	undefined	liquid
22.290	26.269	166.73	0.0059978	-0.032915	-0.028539	-1.3368	17.079	27.993	909.03	-0.0070039	undefined	undefined	liquid
22.290	26.273	166.73	0.0059978	-0.032915	-0.028538	-1.3368	17.079	27.993	909.03	-0.0070039	undefined	undefined	liquid
22.290	26.277	166.73	0.0059978	-0.032915	-0.028538	-1.3368	17.079	27.993	909.03	-0.0070039	undefined	undefined	liquid
22.290	26.282	166.73	0.0059978	-0.032915	-0.028537	-1.3368	17.079	27.993	909.03	-0.0070039	undefined	undefined	liquid
22.290	26.286	166.73	0.0059978	-0.032915	-0.028537	-1.3369	17.079	27.993	909.03	-0.0070039	undefined	undefined	liquid
22.290	26.290	166.73	0.0059978	-0.032916	-0.028536	-1.3369	17.079	27.993	909.03	-0.0070039	undefined	undefined	liquid
22.290	26.294	166.73	0.0059978	-0.032916	-0.028536	-1.3369	17.079	27.993	909.03	-0.0070039	undefined	undefined	liquid
22.290	26.298	166.73	0.0059978	-0.032916	-0.028535	-1.3369	17.079	27.993	909.03	-0.0070039	undefined	undefined	liquid
22.290	26.303	166.73	0.0059978	-0.032916	-0.028535	-1.3369	17.079	27.993	909.03	-0.0070040	undefined	undefined	liquid
22.290	26.307	166.73	0.0059978	-0.032917	-0.028535	-1.3369	17.079	27.993	909.03	-0.0070040	undefined	undefined	liquid
22.290	26.311	166.73	0.0059978	-0.032917	-0.028534	-1.3369	17.079	27.993	909.03	-0.0070040	undefined	undefined	liquid
22.290	26.315	166.73	0.0059978	-0.032917	-0.028534	-1.3369	17.079	27.993	909.03	-0.0070040	undefined	undefined	liquid
22.290	26.319	166.73	0.0059978	-0.032917	-0.028533	-1.3369	17.079	27.993	909.03	-0.0070040	undefined	undefined	liquid
22.290	26.324	166.73	0.0059978	-0.032918	-0.028533	-1.3370	17.079	27.993	909.03	-0.0070040	undefined	undefined	liquid
22.290	26.328	166.73	0.0059978	-0.032918	-0.028532	-1.3370	17.079	27.993	909.03	-0.0070040	undefined	undefined	liquid
22.290	26.332	166.73	0.0059978	-0.032918	-0.028532	-1.3370	17.079	27.993	909.04	-0.0070041	undefined	undefined	liquid
22.290	26.336	166.73	0.0059978	-0.032918	-0.028531	-1.3370	17.079	27.993	909.04	-0.0070041	undefined	undefined	liquid
22.290	26.340	166.73	0.0059978	-0.032919	-0.028531	-1.3370	17.079	27.993	909.04	-0.0070041	undefined	undefined	liquid
22.290	26.345	166.73	0.0059978	-0.032919	-0.028530	-1.3370	17.079	27.993	909.04	-0.0070041	undefined	undefined	liquid
22.290	26.349	166.73	0.0059978	-0.032919	-0.028530	-1.3370	17.079	27.993	909.04	-0.0070041	undefined	undefined	liquid
22.290	26.353	166.73	0.0059978	-0.032919	-0.028530	-1.3370	17.079	27.993	909.04	-0.0070041	undefined	undefined	liquid
22.290	26.357	166.73	0.0059978	-0.032920	-0.028529	-1.3370	17.079	27.993	909.04	-0.0070041	undefined	undefined	liquid
22.290	26.361	166.73	0.0059977	-0.032920	-0.028529	-1.3371	17.079	27.993	909.04	-0.0070041	undefined	undefined	liquid
22.290	26.366	166.73	0.0059977	-0.032920	-0.028528	-1.3371	17.079	27.993	909.04	-0.0070042	undefined	undefined	liquid
22.290	26.370	166.73	0.0059977	-0.032920	-0.028528	-1.3371	17.079	27.993	909.04	-0.0070042	undefined	undefined	liquid
22.290	26.374	166.73	0.0059977	-0.032921	-0.028527	-1.3371	17.079	27.993	909.04	-0.0070042	undefined	undefined	liquid
22.290	26.378	166.73	0.0059977	-0.032921	-0.028527	-1.3371	17.079	27.993	909.04	-0.0070042	undefined	undefined	liquid
22.290	26.382	166.73	0.0059977	-0.032921	-0.028526	-1.3371	17.079	27.993	909.04	-0.0070042	undefined	undefined	liquid
22.290	26.387	166.73	0.0059977	-0.032921	-0.028526	-1.3371	17.079	27.993	909.04	-0.0070042	undefined	undefined	liquid
22.290	26.391	166.73	0.0059977	-0.032922	-0.028525	-1.3371	17.079	27.993	909.04	-0.0070042	undefined	undefined	liquid
22.290	26.395	166.73	0.0059977	-0.032922	-0.028525	-1.3371	17.079	27.993	909.04	-0.0070042	undefined	undefined	liquid
22.290	26.399	166.73	0.0059977	-0.032922	-0.028524	-1.3372	17.079	27.993	909.04	-0.0070043	undefined	undefined	liquid
22.290	26.403	166.73	0.0059977	-0.032922	-0.028524	-1.3372	17.079	27.993	909.04	-0.0070043	undefined	undefined	liquid
22.290	26.408	166.73	0.0059977	-0.032922	-0.028524	-1.3372	17.079	27.992	909.04	-0.0070043	undefined	undefined	liquid
22.290	26.412	166.73	0.0059977	-0.032923	-0.028523	-1.3372	17.079	27.992	909.05	-0.0070043	undefined	undefined	liquid
22.290	26.416	166.73	0.0059977	-0.032923	-0.028523	-1.3372	17.079	27.992	909.05	-0.0070043	undefined	undefined	liquid
22.290	26.420	166.73	0.0059977	-0.032923	-0.028522	-1.3372	17.079	27.992	909.05	-0.0070043	undefined	undefined	liquid
22.290	26.424	166.73	0.0059977	-0.032923	-0.028522	-1.3372	17.079	27.992	909.05	-0.0070043	undefined	undefined	liquid
22.290	26.429	166.73	0.0059977	-0.032924	-0.028521	-1.3372	17.079	27.992	909.05	-0.0070044	undefined	undefined	liquid
22.290	26.433	166.73	0.0059977	-0.032924	-0.028521	-1.3372	17.079	27.992	909.05	-0.0070044	undefined	undefined	liquid
22.290	26.437	166.73	0.0059977	-0.032924	-0.028520	-1.3372	17.079	27.992	909.05	-0.0070044	undefined	undefined	liquid
22.290	26.441	166.73	0.0059977	-0.032924	-0.028520	-1.3373	17.079	27.992	909.05	-0.0070044	undefined	undefined	liquid
22.290	26.445	166.73	0.0059977	-0.032925	-0.028519	-1.3373	17.079	27.992	909.05	-0.0070044	undefined	undefined	liquid
22.290	26.450	166.73	0.0059977	-0.032925	-0.028519	-1.3373	17.079	27.992	909.05	-0.0070044	undefined	undefined	liquid
22.290	26.454	166.73	0.0059977	-0.032925	-0.028519	-1.3373	17.079	27.992	909.05	-0.0070044	undefined	undefined	liquid
22.290	26.458	166.73	0.0059977	-0.032925	-0.028518	-1.3373	17.079	27.992	909.05	-0.0070044	undefined	undefined	liquid
22.290	26.462	166.73	0.0059977	-0.032926	-0.028518	-1.3373	17.079	27.992	909.05	-0.0070045	undefined	undefined	liquid
22.290	26.466	166.73	0.0059977	-0.032926	-0.028517	-1.3373	17.079	27.992	909.05	-0.0070045	undefined	undefined	liquid
22.290	26.471	166.73	0.0059977	-0.032926	-0.028517	-1.3373	17.079	27.992	909.05	-0.0070045	undefined	undefined	liquid
22.290	26.475	166.73	0.0059977	-0.032926	-0.028516	-1.3373	17.079	27.992	909.05	-0.0070045	undefined	undefined	liquid
22.290	26.479	166.73	0.0059977	-0.032927	-0.028516	-1.3374	17.079	27.992	909.05	-0.0070045	undefined	undefined	liquid
22.290	26.483	166.73	0.0059977	-0.032927	-0.028515	-1.3374	17.079	27.992	909.05	-0.0070045	undefined	undefined	liquid
22.290	26.487	166.73	0.0059977	-0.032927	-0.028515	-1.3374	17.079	27.992	909.05	-0.0070045	undefined	undefined	liquid
22.290	26.492	166.73	0.0059977	-0.032927	-0.028514	-1.3374	17.079	27.992	909.06	-0.0070045	undefined	undefined	liquid
22.290	26.496	166.73	0.0059977	-0.032928	-0.028514	-1.3374	17.079	27.992	909.06	-0.0070046	undefined	undefined	liquid
22.290	26.500	166.73	0.0059977	-0.032928	-0.028513	-1.3374	17.079	27.992	909.06	-0.0070046	undefined	undefined	liquid
22.290	26.504	166.73	0.0059977	-0.032928	-0.028513	-1.3374	17.079	27.992	909.06	-0.0070046	undefined	undefined	liquid
22.290	26.508	166.73	0.0059977	-0.032928	-0.028513	-1.3374	17.079	27.992	909.06	-0.0070046	undefined	undefined	liquid
22.290	26.513	166.73	0.0059977	-0.032928	-0.028512	-1.3374	17.079	27.992	909.06	-0.0070046	undefined	undefined	liquid
22.290	26.517	166.73	0.0059977	-0.032929	-0.028512	-1.3375	17.079	27.992	909.06	-0.0070046	undefined	undefined	liquid
22.290	26.521	166.73	0.0059977	-0.032929	-0.028511	-1.3375	17.079	27.992	909.06	-0.0070046	undefined	undefined	liquid
22.290	26.525	166.73	0.0059977	-0.032929	-0.028511	-1.3375	17.079	27.992	909.06	-0.0070047	undefined	undefined	liquid
22.290	26.529	166.73	0.0059977	-0.032929	-0.028510	-1.3375	17.079	27.992	909.06	-0.0070047	undefined	undefined	liquid
22.290	26.534	166.73	0.0059977	-0.032930	-0.028510	-1.3375	17.079	27.992	909.06	-0.0070047	undefined	undefined	liquid
22.290	26.538	166.73	0.0059977	-0.032930	-0.028509	-1.3375	17.079	27.992	909.06	-0.0070047	undefined	undefined	liquid
22.290	26.542	166.73	0.0059977	-0.032930	-0.028509	-1.3375	17.079	27.992	909.06	-0.0070047	undefined	undefined	liquid
22.290	26.546	166.73	0.0059977	-0.032930	-0.028508	-1.3375	17.079	27.992	909.06	-0.0070047	undefined	undefined	liquid
22.290	26.550	166.73	0.0059977	-0.032931	-0.028508	-1.3375	17.079	27.992	909.06	-0.0070047	undefined	undefined	liquid
22.290	26.555	166.73	0.0059977	-0.032931	-0.028508	-1.3376	17.079	27.992	909.06	-0.0070047	undefined	undefined	liquid
22.290	26.559	166.73	0.0059977	-0.032931	-0.028507	-1.3376	17.079	27.992	909.06	-0.0070048	undefined	undefined	liquid
22.290	26.563	166.73	0.0059976	-0.032931	-0.028507	-1.3376	17.079	27.992	909.06	-0.0070048	undefined	undefined	liquid
22.290	26.567	166.73	0.0059976	-0.032932	-0.028506	-1.3376	17.079	27.992	909.06	-0.0070048	undefined	undefined	liquid
22.290	26.571	166.73	0.0059976	-0.032932	-0.028506	-1.3376	17.079	27.992	909.06	-0.0070048	undefined	undefined	liquid
22.290	26.576	166.73	0.0059976	-0.032932	-0.028505	-1.3376	17.079	27.992	909.07	-0.0070048	undefined	undefined	liquid
22.290	26.580	166.73	0.0059976	-0.032932	-0.028505	-1.3376	17.079	27.992	909.07	-0.0070048	undefined	undefined	liquid
22.290	26.584	166.73	0.0059976	-0.032933	-0.028504	-1.3376	17.079	27.992	909.07	-0.0070048	undefined	undefined	liquid
22.290	26.588	166.73	0.0059976	-0.032933	-0.028504	-1.3376	17.079	27.991	909.07	-0.0070049	undefined	undefined	liquid
22.290	26.592	166.73	0.0059976	-0.032933	-0.028503	-1.3377	17.079	27.991	909.07	-0.0070049	undefined	undefined	liquid
22.290	26.597	166.73	0.0059976	-0.032933	-0.028503	-1.3377	17.079	27.991	909.07	-0.0070049	undefined	undefined	liquid
22.290	26.601	166.73	0.0059976	-0.032934	-0.028503	-1.3377	17.079	27.991	909.07	-0.0070049	undefined	undefined	liquid
22.290	26.605	166.73	0.0059976	-0.032934	-0.028502	-1.3377	17.079	27.991	909.07	-0.0070049	undefined	undefined	liquid
22.290	26.609	166.73	0.0059976	-0.032934	-0.028502	-1.3377	17.079	27.991	909.07	-0.0070049	undefined	undefined	liquid
22.290	26.613	166.73	0.0059976	-0.032934	-0.028501	-1.3377	17.079	27.991	909.07	-0.0070049	undefined	undefined	liquid
22.290	26.618	166.73	0.0059976	-0.032934	-0.028501	-1.3377	17.079	27.991	909.07	-0.0070049	undefined	undefined	liquid
22.290	26.622	166.73	0.0059976	-0.032935	-0.028500	-1.3377	17.079	27.991	909.07	-0.0070050	undefined	undefined	liquid
22.290	26.626	166.73	0.0059976	-0.032935	-0.028500	-1.3377	17.079	27.991	909.07	-0.0070050	undefined	undefined	liquid
22.290	26.630	166.73	0.0059976	-0.032935	-0.028499	-1.3377	17.079	27.991	909.07	-0.0070050	undefined	undefined	liquid
22.290	26.634	166.73	0.0059976	-0.032935	-0.028499	-1.3378	17.079	27.991	909.07	-0.0070050	undefined	undefined	liquid
22.290	26.639	166.73	0.0059976	-0.032936	-0.028498	-1.3378	17.079	27.991	909.07	-0.0070050	undefined	undefined	liquid
22.290	26.643	166.73	0.0059976	-0.032936	-0.028498	-1.3378	17.079	27.991	909.07	-0.0070050	undefined	undefined	liquid
22.290	26.647	166.73	0.0059976	-0.032936	-0.028497	-1.3378	17.079	27.991	909.07	-0.0070050	undefined	undefined	liquid
22.290	26.651	166.73	0.0059976	-0.032936	-0.028497	-1.3378	17.079	27.991	909.07	-0.0070050	undefined	undefined	liquid
22.290	26.655	166.73	0.0059976	-0.032937	-0.028497	-1.3378	17.079	27.991	909.08	-0.0070051	undefined	undefined	liquid
22.290	26.660	166.73	0.0059976	-0.032937	-0.028496	-1.3378	17.079	27.991	909.08	-0.0070051	undefined	undefined	liquid
22.290	26.664	166.73	0.0059976	-0.032937	-0.028496	-1.3378	17.079	27.991	909.08	-0.0070051	undefined	undefined	liquid
22.290	26.668	166.73	0.0059976	-0.032937	-0.028495	-1.3378	17.079	27.991	909.08	-0.0070051	undefined	undefined	liquid
22.290	26.672	166.73	0.0059976	-0.032938	-0.028495	-1.3379	17.079	27.991	909.08	-0.0070051	undefined	undefined	liquid
22.290	26.676	166.73	0.0059976	-0.032938	-0.028494	-1.3379	17.079	27.991	909.08	-0.0070051	undefined	undefined	liquid
22.290	26.681	166.73	0.0059976	-0.032938	-0.028494	-1.3379	17.079	27.991	909.08	-0.0070051	undefined	undefined	liquid
22.290	26.685	166.73	0.0059976	-0.032938	-0.028493	-1.3379	17.079	27.991	909.08	-0.0070052	undefined	undefined	liquid
22.290	26.689	166.73	0.0059976	-0.032939	-0.028493	-1.3379	17.079	27.991	909.08	-0.0070052	undefined	undefined	liquid
22.290	26.693	166.73	0.0059976	-0.032939	-0.028492	-1.3379	17.079	27.991	909.08	-0.0070052	undefined	undefined	liquid
22.290	26.697	166.73	0.0059976	-0.032939	-0.028492	-1.3379	17.079	27.991	909.08	-0.0070052	undefined	undefined	liquid
22.290	26.702	166.73	0.0059976	-0.032939	-0.028492	-1.3379	17.079	27.991	909.08	-0.0070052	undefined	undefined	liquid
22.290	26.706	166.73	0.0059976	-0.032940	-0.028491	-1.3379	17.079	27.991	909.08	-0.0070052	undefined	undefined	liquid
22.290	26.710	166.73	0.0059976	-0.032940	-0.028491	-1.3380	17.079	27.991	909.08	-0.0070052	undefined	undefined	liquid
22.290	26.714	166.73	0.0059976	-0.032940	-0.028490	-1.3380	17.079	27.991	909.08	-0.0070052	undefined	undefined	liquid
22.290	26.718	166.73	0.0059976	-0.032940	-0.028490	-1.3380	17.079	27.991	909.08	-0.0070053	undefined	undefined	liquid
22.290	26.723	166.73	0.0059976	-0.032941	-0.028489	-1.3380	17.079	27.991	909.08	-0.0070053	undefined	undefined	liquid
22.290	26.727	166.73	0.0059976	-0.032941	-0.028489	-1.3380	17.079	27.991	909.08	-0.0070053	undefined	undefined	liquid
22.290	26.731	166.73	0.0059976	-0.032941	-0.028488	-1.3380	17.079	27.991	909.08	-0.0070053	undefined	undefined	liquid
22.290	26.735	166.73	0.0059976	-0.032941	-0.028488	-1.3380	17.079	27.991	909.09	-0.0070053	undefined	undefined	liquid
22.290	26.739	166.73	0.0059976	-0.032941	-0.028487	-1.3380	17.079	27.991	909.09	-0.0070053	undefined	undefined	liquid
22.290	26.744	166.73	0.0059976	-0.032942	-0.028487	-1.3380	17.079	27.991	909.09	-0.0070053	undefined	undefined	liquid
22.290	26.748	166.73	0.0059976	-0.032942	-0.028486	-1.3381	17.079	27.991	909.09	-0.0070053	undefined	undefined	liquid
22.290	26.752	166.73	0.0059976	-0.032942	-0.028486	-1.3381	17.079	27.991	909.09	-0.0070054	undefined	undefined	liquid
22.290	26.756	166.73	0.0059976	-0.032942	-0.028486	-1.3381	17.079	27.991	909.09	-0.0070054	undefined	undefined	liquid
22.290	26.760	166.73	0.0059976	-0.032943	-0.028485	-1.3381	17.079	27.991	909.09	-0.0070054	undefined	undefined	liquid
22.290	26.765	166.73	0.0059976	-0.032943	-0.028485	-1.3381	17.079	27.991	909.09	-0.0070054	undefined	undefined	liquid
22.290	26.769	166.73	0.0059975	-0.032943	-0.028484	-1.3381	17.079	27.990	909.09	-0.0070054	undefined	undefined	liquid
22.290	26.773	166.73	0.0059975	-0.032943	-0.028484	-1.3381	17.079	27.990	909.09	-0.0070054	undefined	undefined	liquid
22.290	26.777	166.73	0.0059975	-0.032944	-0.028483	-1.3381	17.079	27.990	909.09	-0.0070054	undefined	undefined	liquid
22.290	26.781	166.73	0.0059975	-0.032944	-0.028483	-1.3381	17.079	27.990	909.09	-0.0070055	undefined	undefined	liquid
22.290	26.786	166.74	0.0059975	-0.032944	-0.028482	-1.3382	17.079	27.990	909.09	-0.0070055	undefined	undefined	liquid
22.290	26.790	166.74	0.0059975	-0.032944	-0.028482	-1.3382	17.079	27.990	909.09	-0.0070055	undefined	undefined	liquid
22.290	26.794	166.74	0.0059975	-0.032945	-0.028481	-1.3382	17.079	27.990	909.09	-0.0070055	undefined	undefined	liquid
22.290	26.798	166.74	0.0059975	-0.032945	-0.028481	-1.3382	17.079	27.990	909.09	-0.0070055	undefined	undefined	liquid
22.290	26.802	166.74	0.0059975	-0.032945	-0.028481	-1.3382	17.079	27.990	909.09	-0.0070055	undefined	undefined	liquid
22.290	26.807	166.74	0.0059975	-0.032945	-0.028480	-1.3382	17.079	27.990	909.09	-0.0070055	undefined	undefined	liquid
22.290	26.811	166.74	0.0059975	-0.032946	-0.028480	-1.3382	17.079	27.990	909.09	-0.0070055	undefined	undefined	liquid
22.290	26.815	166.74	0.0059975	-0.032946	-0.028479	-1.3382	17.079	27.990	909.10	-0.0070056	undefined	undefined	liquid
22.290	26.819	166.74	0.0059975	-0.032946	-0.028479	-1.3382	17.080	27.990	909.10	-0.0070056	undefined	undefined	liquid
22.290	26.823	166.74	0.0059975	-0.032946	-0.028478	-1.3382	17.080	27.990	909.10	-0.0070056	undefined	undefined	liquid
22.290	26.828	166.74	0.0059975	-0.032947	-0.028478	-1.3383	17.080	27.990	909.10	-0.0070056	undefined	undefined	liquid
22.290	26.832	166.74	0.0059975	-0.032947	-0.028477	-1.3383	17.080	27.990	909.10	-0.0070056	undefined	undefined	liquid
22.290	26.836	166.74	0.0059975	-0.032947	-0.028477	-1.3383	17.080	27.990	909.10	-0.0070056	undefined	undefined	liquid
22.290	26.840	166.74	0.0059975	-0.032947	-0.028476	-1.3383	17.080	27.990	909.10	-0.0070056	undefined	undefined	liquid
22.290	26.844	166.74	0.0059975	-0.032947	-0.028476	-1.3383	17.080	27.990	909.10	-0.0070056	undefined	undefined	liquid
22.290	26.849	166.74	0.0059975	-0.032948	-0.028476	-1.3383	17.080	27.990	909.10	-0.0070057	undefined	undefined	liquid
22.290	26.853	166.74	0.0059975	-0.032948	-0.028475	-1.3383	17.080	27.990	909.10	-0.0070057	undefined	undefined	liquid
22.290	26.857	166.74	0.0059975	-0.032948	-0.028475	-1.3383	17.080	27.990	909.10	-0.0070057	undefined	undefined	liquid
22.290	26.861	166.74	0.0059975	-0.032948	-0.028474	-1.3383	17.080	27.990	909.10	-0.0070057	undefined	undefined	liquid
22.290	26.865	166.74	0.0059975	-0.032949	-0.028474	-1.3384	17.080	27.990	909.10	-0.0070057	undefined	undefined	liquid
22.290	26.870	166.74	0.0059975	-0.032949	-0.028473	-1.3384	17.080	27.990	909.10	-0.0070057	undefined	undefined	liquid
22.290	26.874	166.74	0.0059975	-0.032949	-0.028473	-1.3384	17.080	27.990	909.10	-0.0070057	undefined	undefined	liquid
22.290	26.878	166.74	0.0059975	-0.032949	-0.028472	-1.3384	17.080	27.990	909.10	-0.0070058	undefined	undefined	liquid
22.290	26.882	166.74	0.0059975	-0.032950	-0.028472	-1.3384	17.080	27.990	909.10	-0.0070058	undefined	undefined	liquid
22.290	26.886	166.74	0.0059975	-0.032950	-0.028471	-1.3384	17.080	27.990	909.10	-0.0070058	undefined	undefined	liquid
22.290	26.891	166.74	0.0059975	-0.032950	-0.028471	-1.3384	17.080	27.990	909.10	-0.0070058	undefined	undefined	liquid
22.290	26.895	166.74	0.0059975	-0.032950	-0.028470	-1.3384	17.080	27.990	909.11	-0.0070058	undefined	undefined	liquid
22.290	26.899	166.74	0.0059975	-0.032951	-0.028470	-1.3384	17.080	27.990	909.11	-0.0070058	undefined	undefined	liquid
22.290	26.903	166.74	0.0059975	-0.032951	-0.028470	-1.3385	17.080	27.990	909.11	-0.0070058	undefined	undefined	liquid
22.290	26.907	166.74	0.0059975	-0.032951	-0.028469	-1.3385	17.080	27.990	909.11	-0.0070058	undefined	undefined	liquid
22.290	26.912	166.74	0.0059975	-0.032951	-0.028469	-1.3385	17.080	27.990	909.11	-0.0070059	undefined	undefined	liquid
22.290	26.916	166.74	0.0059975	-0.032952	-0.028468	-1.3385	17.080	27.990	909.11	-0.0070059	undefined	undefined	liquid
22.290	26.920	166.74	0.0059975	-0.032952	-0.028468	-1.3385	17.080	27.990	909.11	-0.0070059	undefined	undefined	liquid
