Temperature (K)	Pressure (psia)	Density (kg/m3)	Volume (m3/kg)	Internal Energy (kJ/mol)	Enthalpy (kJ/mol)	Entropy (J/mol*K)	Cv (J/mol*K)	Cp (J/mol*K)	Sound Spd. (m/s)	Joule-Thomson (F/psia)	Viscosity (uPa*s)	Therm. Cond. (W/m*K)	Phase
22.180	24.400	166.99	0.0059885	-0.035866	-0.031808	-1.4699	16.938	27.738	913.27	-0.0071051	undefined	undefined	liquid
22.180	24.404	166.99	0.0059885	-0.035866	-0.031808	-1.4699	16.938	27.738	913.27	-0.0071051	undefined	undefined	liquid
22.180	24.408	166.99	0.0059885	-0.035867	-0.031807	-1.4699	16.938	27.738	913.27	-0.0071051	undefined	undefined	liquid
22.180	24.413	166.99	0.0059885	-0.035867	-0.031807	-1.4699	16.938	27.738	913.27	-0.0071052	undefined	undefined	liquid
22.180	24.417	166.99	0.0059885	-0.035867	-0.031806	-1.4699	16.938	27.738	913.27	-0.0071052	undefined	undefined	liquid
22.180	24.421	166.99	0.0059885	-0.035867	-0.031806	-1.4699	16.938	27.738	913.27	-0.0071052	undefined	undefined	liquid
22.180	24.425	166.99	0.0059885	-0.035868	-0.031805	-1.4699	16.938	27.738	913.27	-0.0071052	undefined	undefined	liquid
22.180	24.429	166.99	0.0059885	-0.035868	-0.031805	-1.4699	16.938	27.738	913.27	-0.0071052	undefined	undefined	liquid
22.180	24.434	166.99	0.0059885	-0.035868	-0.031804	-1.4699	16.938	27.738	913.27	-0.0071052	undefined	undefined	liquid
22.180	24.438	166.99	0.0059885	-0.035868	-0.031804	-1.4700	16.938	27.738	913.27	-0.0071052	undefined	undefined	liquid
22.180	24.442	166.99	0.0059885	-0.035869	-0.031803	-1.4700	16.938	27.737	913.27	-0.0071052	undefined	undefined	liquid
22.180	24.446	166.99	0.0059885	-0.035869	-0.031803	-1.4700	16.938	27.737	913.27	-0.0071053	undefined	undefined	liquid
22.180	24.450	166.99	0.0059885	-0.035869	-0.031802	-1.4700	16.938	27.737	913.27	-0.0071053	undefined	undefined	liquid
22.180	24.455	166.99	0.0059885	-0.035869	-0.031802	-1.4700	16.938	27.737	913.28	-0.0071053	undefined	undefined	liquid
22.180	24.459	166.99	0.0059885	-0.035870	-0.031802	-1.4700	16.938	27.737	913.28	-0.0071053	undefined	undefined	liquid
22.180	24.463	166.99	0.0059885	-0.035870	-0.031801	-1.4700	16.938	27.737	913.28	-0.0071053	undefined	undefined	liquid
22.180	24.467	166.99	0.0059885	-0.035870	-0.031801	-1.4700	16.938	27.737	913.28	-0.0071053	undefined	undefined	liquid
22.180	24.471	166.99	0.0059885	-0.035870	-0.031800	-1.4700	16.938	27.737	913.28	-0.0071053	undefined	undefined	liquid
22.180	24.476	166.99	0.0059885	-0.035871	-0.031800	-1.4701	16.938	27.737	913.28	-0.0071054	undefined	undefined	liquid
22.180	24.480	166.99	0.0059885	-0.035871	-0.031799	-1.4701	16.938	27.737	913.28	-0.0071054	undefined	undefined	liquid
22.180	24.484	166.99	0.0059885	-0.035871	-0.031799	-1.4701	16.938	27.737	913.28	-0.0071054	undefined	undefined	liquid
22.180	24.488	166.99	0.0059885	-0.035871	-0.031798	-1.4701	16.938	27.737	913.28	-0.0071054	undefined	undefined	liquid
22.180	24.492	166.99	0.0059885	-0.035871	-0.031798	-1.4701	16.938	27.737	913.28	-0.0071054	undefined	undefined	liquid
22.180	24.497	166.99	0.0059885	-0.035872	-0.031797	-1.4701	16.938	27.737	913.28	-0.0071054	undefined	undefined	liquid
22.180	24.501	166.99	0.0059885	-0.035872	-0.031797	-1.4701	16.938	27.737	913.28	-0.0071054	undefined	undefined	liquid
22.180	24.505	166.99	0.0059885	-0.035872	-0.031796	-1.4701	16.938	27.737	913.28	-0.0071054	undefined	undefined	liquid
22.180	24.509	166.99	0.0059885	-0.035872	-0.031796	-1.4701	16.938	27.737	913.28	-0.0071055	undefined	undefined	liquid
22.180	24.513	166.99	0.0059885	-0.035873	-0.031796	-1.4701	16.938	27.737	913.28	-0.0071055	undefined	undefined	liquid
22.180	24.518	166.99	0.0059885	-0.035873	-0.031795	-1.4702	16.938	27.737	913.28	-0.0071055	undefined	undefined	liquid
22.180	24.522	166.99	0.0059885	-0.035873	-0.031795	-1.4702	16.938	27.737	913.28	-0.0071055	undefined	undefined	liquid
22.180	24.526	166.99	0.0059884	-0.035873	-0.031794	-1.4702	16.938	27.737	913.28	-0.0071055	undefined	undefined	liquid
22.180	24.530	166.99	0.0059884	-0.035874	-0.031794	-1.4702	16.938	27.737	913.28	-0.0071055	undefined	undefined	liquid
22.180	24.534	166.99	0.0059884	-0.035874	-0.031793	-1.4702	16.938	27.737	913.29	-0.0071055	undefined	undefined	liquid
22.180	24.539	166.99	0.0059884	-0.035874	-0.031793	-1.4702	16.938	27.737	913.29	-0.0071056	undefined	undefined	liquid
22.180	24.543	166.99	0.0059884	-0.035874	-0.031792	-1.4702	16.938	27.737	913.29	-0.0071056	undefined	undefined	liquid
22.180	24.547	166.99	0.0059884	-0.035875	-0.031792	-1.4702	16.938	27.737	913.29	-0.0071056	undefined	undefined	liquid
22.180	24.551	166.99	0.0059884	-0.035875	-0.031791	-1.4702	16.938	27.737	913.29	-0.0071056	undefined	undefined	liquid
22.180	24.555	166.99	0.0059884	-0.035875	-0.031791	-1.4703	16.938	27.737	913.29	-0.0071056	undefined	undefined	liquid
22.180	24.560	166.99	0.0059884	-0.035875	-0.031791	-1.4703	16.938	27.737	913.29	-0.0071056	undefined	undefined	liquid
22.180	24.564	166.99	0.0059884	-0.035875	-0.031790	-1.4703	16.938	27.737	913.29	-0.0071056	undefined	undefined	liquid
22.180	24.568	166.99	0.0059884	-0.035876	-0.031790	-1.4703	16.938	27.737	913.29	-0.0071056	undefined	undefined	liquid
22.180	24.572	166.99	0.0059884	-0.035876	-0.031789	-1.4703	16.938	27.737	913.29	-0.0071057	undefined	undefined	liquid
22.180	24.576	166.99	0.0059884	-0.035876	-0.031789	-1.4703	16.938	27.737	913.29	-0.0071057	undefined	undefined	liquid
22.180	24.581	166.99	0.0059884	-0.035876	-0.031788	-1.4703	16.938	27.737	913.29	-0.0071057	undefined	undefined	liquid
22.180	24.585	166.99	0.0059884	-0.035877	-0.031788	-1.4703	16.938	27.737	913.29	-0.0071057	undefined	undefined	liquid
22.180	24.589	166.99	0.0059884	-0.035877	-0.031787	-1.4703	16.938	27.737	913.29	-0.0071057	undefined	undefined	liquid
22.180	24.593	166.99	0.0059884	-0.035877	-0.031787	-1.4704	16.938	27.737	913.29	-0.0071057	undefined	undefined	liquid
22.180	24.597	166.99	0.0059884	-0.035877	-0.031786	-1.4704	16.938	27.737	913.29	-0.0071057	undefined	undefined	liquid
22.180	24.602	166.99	0.0059884	-0.035878	-0.031786	-1.4704	16.938	27.737	913.29	-0.0071058	undefined	undefined	liquid
22.180	24.606	166.99	0.0059884	-0.035878	-0.031785	-1.4704	16.938	27.737	913.29	-0.0071058	undefined	undefined	liquid
22.180	24.610	166.99	0.0059884	-0.035878	-0.031785	-1.4704	16.938	27.737	913.29	-0.0071058	undefined	undefined	liquid
22.180	24.614	166.99	0.0059884	-0.035878	-0.031785	-1.4704	16.938	27.737	913.30	-0.0071058	undefined	undefined	liquid
22.180	24.618	166.99	0.0059884	-0.035879	-0.031784	-1.4704	16.938	27.736	913.30	-0.0071058	undefined	undefined	liquid
22.180	24.623	166.99	0.0059884	-0.035879	-0.031784	-1.4704	16.938	27.736	913.30	-0.0071058	undefined	undefined	liquid
22.180	24.627	166.99	0.0059884	-0.035879	-0.031783	-1.4704	16.938	27.736	913.30	-0.0071058	undefined	undefined	liquid
22.180	24.631	166.99	0.0059884	-0.035879	-0.031783	-1.4705	16.938	27.736	913.30	-0.0071058	undefined	undefined	liquid
22.180	24.635	166.99	0.0059884	-0.035880	-0.031782	-1.4705	16.938	27.736	913.30	-0.0071059	undefined	undefined	liquid
22.180	24.639	166.99	0.0059884	-0.035880	-0.031782	-1.4705	16.938	27.736	913.30	-0.0071059	undefined	undefined	liquid
22.180	24.644	166.99	0.0059884	-0.035880	-0.031781	-1.4705	16.938	27.736	913.30	-0.0071059	undefined	undefined	liquid
22.180	24.648	166.99	0.0059884	-0.035880	-0.031781	-1.4705	16.938	27.736	913.30	-0.0071059	undefined	undefined	liquid
22.180	24.652	166.99	0.0059884	-0.035880	-0.031780	-1.4705	16.938	27.736	913.30	-0.0071059	undefined	undefined	liquid
22.180	24.656	166.99	0.0059884	-0.035881	-0.031780	-1.4705	16.938	27.736	913.30	-0.0071059	undefined	undefined	liquid
22.180	24.660	166.99	0.0059884	-0.035881	-0.031779	-1.4705	16.938	27.736	913.30	-0.0071059	undefined	undefined	liquid
22.180	24.665	166.99	0.0059884	-0.035881	-0.031779	-1.4705	16.938	27.736	913.30	-0.0071060	undefined	undefined	liquid
22.180	24.669	166.99	0.0059884	-0.035881	-0.031779	-1.4705	16.938	27.736	913.30	-0.0071060	undefined	undefined	liquid
22.180	24.673	166.99	0.0059884	-0.035882	-0.031778	-1.4706	16.938	27.736	913.30	-0.0071060	undefined	undefined	liquid
22.180	24.677	166.99	0.0059884	-0.035882	-0.031778	-1.4706	16.938	27.736	913.30	-0.0071060	undefined	undefined	liquid
22.180	24.681	166.99	0.0059884	-0.035882	-0.031777	-1.4706	16.938	27.736	913.30	-0.0071060	undefined	undefined	liquid
22.180	24.686	166.99	0.0059884	-0.035882	-0.031777	-1.4706	16.938	27.736	913.30	-0.0071060	undefined	undefined	liquid
22.180	24.690	166.99	0.0059884	-0.035883	-0.031776	-1.4706	16.938	27.736	913.30	-0.0071060	undefined	undefined	liquid
22.180	24.694	166.99	0.0059884	-0.035883	-0.031776	-1.4706	16.938	27.736	913.31	-0.0071060	undefined	undefined	liquid
22.180	24.698	166.99	0.0059884	-0.035883	-0.031775	-1.4706	16.938	27.736	913.31	-0.0071061	undefined	undefined	liquid
22.180	24.702	166.99	0.0059884	-0.035883	-0.031775	-1.4706	16.938	27.736	913.31	-0.0071061	undefined	undefined	liquid
22.180	24.707	166.99	0.0059884	-0.035884	-0.031774	-1.4706	16.938	27.736	913.31	-0.0071061	undefined	undefined	liquid
22.180	24.711	166.99	0.0059884	-0.035884	-0.031774	-1.4707	16.938	27.736	913.31	-0.0071061	undefined	undefined	liquid
22.180	24.715	166.99	0.0059884	-0.035884	-0.031773	-1.4707	16.938	27.736	913.31	-0.0071061	undefined	undefined	liquid
22.180	24.719	166.99	0.0059884	-0.035884	-0.031773	-1.4707	16.938	27.736	913.31	-0.0071061	undefined	undefined	liquid
22.180	24.723	166.99	0.0059884	-0.035885	-0.031773	-1.4707	16.938	27.736	913.31	-0.0071061	undefined	undefined	liquid
22.180	24.728	166.99	0.0059884	-0.035885	-0.031772	-1.4707	16.938	27.736	913.31	-0.0071062	undefined	undefined	liquid
22.180	24.732	166.99	0.0059883	-0.035885	-0.031772	-1.4707	16.938	27.736	913.31	-0.0071062	undefined	undefined	liquid
22.180	24.736	166.99	0.0059883	-0.035885	-0.031771	-1.4707	16.938	27.736	913.31	-0.0071062	undefined	undefined	liquid
22.180	24.740	166.99	0.0059883	-0.035885	-0.031771	-1.4707	16.938	27.736	913.31	-0.0071062	undefined	undefined	liquid
22.180	24.744	166.99	0.0059883	-0.035886	-0.031770	-1.4707	16.938	27.736	913.31	-0.0071062	undefined	undefined	liquid
22.180	24.749	166.99	0.0059883	-0.035886	-0.031770	-1.4708	16.938	27.736	913.31	-0.0071062	undefined	undefined	liquid
22.180	24.753	166.99	0.0059883	-0.035886	-0.031769	-1.4708	16.938	27.736	913.31	-0.0071062	undefined	undefined	liquid
22.180	24.757	166.99	0.0059883	-0.035886	-0.031769	-1.4708	16.938	27.736	913.31	-0.0071062	undefined	undefined	liquid
22.180	24.761	166.99	0.0059883	-0.035887	-0.031768	-1.4708	16.938	27.736	913.31	-0.0071063	undefined	undefined	liquid
22.180	24.765	166.99	0.0059883	-0.035887	-0.031768	-1.4708	16.938	27.736	913.31	-0.0071063	undefined	undefined	liquid
22.180	24.770	166.99	0.0059883	-0.035887	-0.031768	-1.4708	16.938	27.736	913.31	-0.0071063	undefined	undefined	liquid
22.180	24.774	166.99	0.0059883	-0.035887	-0.031767	-1.4708	16.938	27.736	913.32	-0.0071063	undefined	undefined	liquid
22.180	24.778	166.99	0.0059883	-0.035888	-0.031767	-1.4708	16.938	27.736	913.32	-0.0071063	undefined	undefined	liquid
22.180	24.782	166.99	0.0059883	-0.035888	-0.031766	-1.4708	16.938	27.736	913.32	-0.0071063	undefined	undefined	liquid
22.180	24.786	166.99	0.0059883	-0.035888	-0.031766	-1.4708	16.938	27.736	913.32	-0.0071063	undefined	undefined	liquid
22.180	24.791	166.99	0.0059883	-0.035888	-0.031765	-1.4709	16.938	27.736	913.32	-0.0071064	undefined	undefined	liquid
22.180	24.795	166.99	0.0059883	-0.035889	-0.031765	-1.4709	16.938	27.736	913.32	-0.0071064	undefined	undefined	liquid
22.180	24.799	166.99	0.0059883	-0.035889	-0.031764	-1.4709	16.938	27.735	913.32	-0.0071064	undefined	undefined	liquid
22.180	24.803	166.99	0.0059883	-0.035889	-0.031764	-1.4709	16.938	27.735	913.32	-0.0071064	undefined	undefined	liquid
22.180	24.807	166.99	0.0059883	-0.035889	-0.031763	-1.4709	16.938	27.735	913.32	-0.0071064	undefined	undefined	liquid
22.180	24.812	166.99	0.0059883	-0.035889	-0.031763	-1.4709	16.938	27.735	913.32	-0.0071064	undefined	undefined	liquid
22.180	24.816	166.99	0.0059883	-0.035890	-0.031762	-1.4709	16.938	27.735	913.32	-0.0071064	undefined	undefined	liquid
22.180	24.820	166.99	0.0059883	-0.035890	-0.031762	-1.4709	16.938	27.735	913.32	-0.0071064	undefined	undefined	liquid
22.180	24.824	166.99	0.0059883	-0.035890	-0.031762	-1.4709	16.938	27.735	913.32	-0.0071065	undefined	undefined	liquid
22.180	24.828	166.99	0.0059883	-0.035890	-0.031761	-1.4710	16.938	27.735	913.32	-0.0071065	undefined	undefined	liquid
22.180	24.833	166.99	0.0059883	-0.035891	-0.031761	-1.4710	16.938	27.735	913.32	-0.0071065	undefined	undefined	liquid
22.180	24.837	166.99	0.0059883	-0.035891	-0.031760	-1.4710	16.938	27.735	913.32	-0.0071065	undefined	undefined	liquid
22.180	24.841	166.99	0.0059883	-0.035891	-0.031760	-1.4710	16.938	27.735	913.32	-0.0071065	undefined	undefined	liquid
22.180	24.845	166.99	0.0059883	-0.035891	-0.031759	-1.4710	16.938	27.735	913.32	-0.0071065	undefined	undefined	liquid
22.180	24.849	166.99	0.0059883	-0.035892	-0.031759	-1.4710	16.938	27.735	913.32	-0.0071065	undefined	undefined	liquid
22.180	24.854	166.99	0.0059883	-0.035892	-0.031758	-1.4710	16.938	27.735	913.33	-0.0071066	undefined	undefined	liquid
22.180	24.858	166.99	0.0059883	-0.035892	-0.031758	-1.4710	16.938	27.735	913.33	-0.0071066	undefined	undefined	liquid
22.180	24.862	166.99	0.0059883	-0.035892	-0.031757	-1.4710	16.938	27.735	913.33	-0.0071066	undefined	undefined	liquid
22.180	24.866	166.99	0.0059883	-0.035893	-0.031757	-1.4711	16.938	27.735	913.33	-0.0071066	undefined	undefined	liquid
22.180	24.870	166.99	0.0059883	-0.035893	-0.031756	-1.4711	16.938	27.735	913.33	-0.0071066	undefined	undefined	liquid
22.180	24.875	166.99	0.0059883	-0.035893	-0.031756	-1.4711	16.938	27.735	913.33	-0.0071066	undefined	undefined	liquid
22.180	24.879	166.99	0.0059883	-0.035893	-0.031756	-1.4711	16.938	27.735	913.33	-0.0071066	undefined	undefined	liquid
22.180	24.883	166.99	0.0059883	-0.035894	-0.031755	-1.4711	16.938	27.735	913.33	-0.0071066	undefined	undefined	liquid
22.180	24.887	166.99	0.0059883	-0.035894	-0.031755	-1.4711	16.938	27.735	913.33	-0.0071067	undefined	undefined	liquid
22.180	24.891	166.99	0.0059883	-0.035894	-0.031754	-1.4711	16.938	27.735	913.33	-0.0071067	undefined	undefined	liquid
22.180	24.896	166.99	0.0059883	-0.035894	-0.031754	-1.4711	16.938	27.735	913.33	-0.0071067	undefined	undefined	liquid
22.180	24.900	166.99	0.0059883	-0.035894	-0.031753	-1.4711	16.938	27.735	913.33	-0.0071067	undefined	undefined	liquid
22.180	24.904	166.99	0.0059883	-0.035895	-0.031753	-1.4711	16.938	27.735	913.33	-0.0071067	undefined	undefined	liquid
22.180	24.908	166.99	0.0059883	-0.035895	-0.031752	-1.4712	16.938	27.735	913.33	-0.0071067	undefined	undefined	liquid
22.180	24.912	166.99	0.0059883	-0.035895	-0.031752	-1.4712	16.938	27.735	913.33	-0.0071067	undefined	undefined	liquid
22.180	24.917	166.99	0.0059883	-0.035895	-0.031751	-1.4712	16.938	27.735	913.33	-0.0071067	undefined	undefined	liquid
22.180	24.921	166.99	0.0059883	-0.035896	-0.031751	-1.4712	16.938	27.735	913.33	-0.0071068	undefined	undefined	liquid
22.180	24.925	166.99	0.0059883	-0.035896	-0.031750	-1.4712	16.938	27.735	913.33	-0.0071068	undefined	undefined	liquid
22.180	24.929	166.99	0.0059883	-0.035896	-0.031750	-1.4712	16.938	27.735	913.33	-0.0071068	undefined	undefined	liquid
22.180	24.933	166.99	0.0059883	-0.035896	-0.031750	-1.4712	16.938	27.735	913.34	-0.0071068	undefined	undefined	liquid
22.180	24.938	166.99	0.0059883	-0.035897	-0.031749	-1.4712	16.938	27.735	913.34	-0.0071068	undefined	undefined	liquid
22.180	24.942	166.99	0.0059882	-0.035897	-0.031749	-1.4712	16.938	27.735	913.34	-0.0071068	undefined	undefined	liquid
22.180	24.946	166.99	0.0059882	-0.035897	-0.031748	-1.4713	16.938	27.735	913.34	-0.0071068	undefined	undefined	liquid
22.180	24.950	166.99	0.0059882	-0.035897	-0.031748	-1.4713	16.939	27.735	913.34	-0.0071069	undefined	undefined	liquid
22.180	24.954	166.99	0.0059882	-0.035898	-0.031747	-1.4713	16.939	27.735	913.34	-0.0071069	undefined	undefined	liquid
22.180	24.959	166.99	0.0059882	-0.035898	-0.031747	-1.4713	16.939	27.735	913.34	-0.0071069	undefined	undefined	liquid
22.180	24.963	166.99	0.0059882	-0.035898	-0.031746	-1.4713	16.939	27.735	913.34	-0.0071069	undefined	undefined	liquid
22.180	24.967	166.99	0.0059882	-0.035898	-0.031746	-1.4713	16.939	27.735	913.34	-0.0071069	undefined	undefined	liquid
22.180	24.971	166.99	0.0059882	-0.035898	-0.031745	-1.4713	16.939	27.735	913.34	-0.0071069	undefined	undefined	liquid
22.180	24.975	166.99	0.0059882	-0.035899	-0.031745	-1.4713	16.939	27.734	913.34	-0.0071069	undefined	undefined	liquid
22.180	24.980	166.99	0.0059882	-0.035899	-0.031745	-1.4713	16.939	27.734	913.34	-0.0071069	undefined	undefined	liquid
22.180	24.984	166.99	0.0059882	-0.035899	-0.031744	-1.4714	16.939	27.734	913.34	-0.0071070	undefined	undefined	liquid
22.180	24.988	166.99	0.0059882	-0.035899	-0.031744	-1.4714	16.939	27.734	913.34	-0.0071070	undefined	undefined	liquid
22.180	24.992	166.99	0.0059882	-0.035900	-0.031743	-1.4714	16.939	27.734	913.34	-0.0071070	undefined	undefined	liquid
22.180	24.996	166.99	0.0059882	-0.035900	-0.031743	-1.4714	16.939	27.734	913.34	-0.0071070	undefined	undefined	liquid
22.180	25.001	166.99	0.0059882	-0.035900	-0.031742	-1.4714	16.939	27.734	913.34	-0.0071070	undefined	undefined	liquid
22.180	25.005	166.99	0.0059882	-0.035900	-0.031742	-1.4714	16.939	27.734	913.34	-0.0071070	undefined	undefined	liquid
22.180	25.009	166.99	0.0059882	-0.035901	-0.031741	-1.4714	16.939	27.734	913.35	-0.0071070	undefined	undefined	liquid
22.180	25.013	166.99	0.0059882	-0.035901	-0.031741	-1.4714	16.939	27.734	913.35	-0.0071071	undefined	undefined	liquid
22.180	25.017	166.99	0.0059882	-0.035901	-0.031740	-1.4714	16.939	27.734	913.35	-0.0071071	undefined	undefined	liquid
22.180	25.022	166.99	0.0059882	-0.035901	-0.031740	-1.4715	16.939	27.734	913.35	-0.0071071	undefined	undefined	liquid
22.180	25.026	166.99	0.0059882	-0.035902	-0.031739	-1.4715	16.939	27.734	913.35	-0.0071071	undefined	undefined	liquid
22.180	25.030	166.99	0.0059882	-0.035902	-0.031739	-1.4715	16.939	27.734	913.35	-0.0071071	undefined	undefined	liquid
22.180	25.034	167.00	0.0059882	-0.035902	-0.031739	-1.4715	16.939	27.734	913.35	-0.0071071	undefined	undefined	liquid
22.180	25.038	167.00	0.0059882	-0.035902	-0.031738	-1.4715	16.939	27.734	913.35	-0.0071071	undefined	undefined	liquid
22.180	25.043	167.00	0.0059882	-0.035903	-0.031738	-1.4715	16.939	27.734	913.35	-0.0071071	undefined	undefined	liquid
22.180	25.047	167.00	0.0059882	-0.035903	-0.031737	-1.4715	16.939	27.734	913.35	-0.0071072	undefined	undefined	liquid
22.180	25.051	167.00	0.0059882	-0.035903	-0.031737	-1.4715	16.939	27.734	913.35	-0.0071072	undefined	undefined	liquid
22.180	25.055	167.00	0.0059882	-0.035903	-0.031736	-1.4715	16.939	27.734	913.35	-0.0071072	undefined	undefined	liquid
22.180	25.059	167.00	0.0059882	-0.035903	-0.031736	-1.4715	16.939	27.734	913.35	-0.0071072	undefined	undefined	liquid
22.180	25.064	167.00	0.0059882	-0.035904	-0.031735	-1.4716	16.939	27.734	913.35	-0.0071072	undefined	undefined	liquid
22.180	25.068	167.00	0.0059882	-0.035904	-0.031735	-1.4716	16.939	27.734	913.35	-0.0071072	undefined	undefined	liquid
22.180	25.072	167.00	0.0059882	-0.035904	-0.031734	-1.4716	16.939	27.734	913.35	-0.0071072	undefined	undefined	liquid
22.180	25.076	167.00	0.0059882	-0.035904	-0.031734	-1.4716	16.939	27.734	913.35	-0.0071073	undefined	undefined	liquid
22.180	25.080	167.00	0.0059882	-0.035905	-0.031733	-1.4716	16.939	27.734	913.35	-0.0071073	undefined	undefined	liquid
22.180	25.085	167.00	0.0059882	-0.035905	-0.031733	-1.4716	16.939	27.734	913.35	-0.0071073	undefined	undefined	liquid
22.180	25.089	167.00	0.0059882	-0.035905	-0.031733	-1.4716	16.939	27.734	913.36	-0.0071073	undefined	undefined	liquid
22.180	25.093	167.00	0.0059882	-0.035905	-0.031732	-1.4716	16.939	27.734	913.36	-0.0071073	undefined	undefined	liquid
22.180	25.097	167.00	0.0059882	-0.035906	-0.031732	-1.4716	16.939	27.734	913.36	-0.0071073	undefined	undefined	liquid
22.180	25.101	167.00	0.0059882	-0.035906	-0.031731	-1.4717	16.939	27.734	913.36	-0.0071073	undefined	undefined	liquid
22.180	25.106	167.00	0.0059882	-0.035906	-0.031731	-1.4717	16.939	27.734	913.36	-0.0071073	undefined	undefined	liquid
22.180	25.110	167.00	0.0059882	-0.035906	-0.031730	-1.4717	16.939	27.734	913.36	-0.0071074	undefined	undefined	liquid
22.180	25.114	167.00	0.0059882	-0.035907	-0.031730	-1.4717	16.939	27.734	913.36	-0.0071074	undefined	undefined	liquid
22.180	25.118	167.00	0.0059882	-0.035907	-0.031729	-1.4717	16.939	27.734	913.36	-0.0071074	undefined	undefined	liquid
22.180	25.122	167.00	0.0059882	-0.035907	-0.031729	-1.4717	16.939	27.734	913.36	-0.0071074	undefined	undefined	liquid
22.180	25.127	167.00	0.0059882	-0.035907	-0.031728	-1.4717	16.939	27.734	913.36	-0.0071074	undefined	undefined	liquid
22.180	25.131	167.00	0.0059882	-0.035908	-0.031728	-1.4717	16.939	27.734	913.36	-0.0071074	undefined	undefined	liquid
22.180	25.135	167.00	0.0059882	-0.035908	-0.031728	-1.4717	16.939	27.734	913.36	-0.0071074	undefined	undefined	liquid
22.180	25.139	167.00	0.0059882	-0.035908	-0.031727	-1.4718	16.939	27.734	913.36	-0.0071075	undefined	undefined	liquid
22.180	25.143	167.00	0.0059882	-0.035908	-0.031727	-1.4718	16.939	27.734	913.36	-0.0071075	undefined	undefined	liquid
22.180	25.148	167.00	0.0059881	-0.035908	-0.031726	-1.4718	16.939	27.734	913.36	-0.0071075	undefined	undefined	liquid
22.180	25.152	167.00	0.0059881	-0.035909	-0.031726	-1.4718	16.939	27.734	913.36	-0.0071075	undefined	undefined	liquid
22.180	25.156	167.00	0.0059881	-0.035909	-0.031725	-1.4718	16.939	27.733	913.36	-0.0071075	undefined	undefined	liquid
22.180	25.160	167.00	0.0059881	-0.035909	-0.031725	-1.4718	16.939	27.733	913.36	-0.0071075	undefined	undefined	liquid
22.180	25.164	167.00	0.0059881	-0.035909	-0.031724	-1.4718	16.939	27.733	913.36	-0.0071075	undefined	undefined	liquid
22.180	25.169	167.00	0.0059881	-0.035910	-0.031724	-1.4718	16.939	27.733	913.37	-0.0071075	undefined	undefined	liquid
22.180	25.173	167.00	0.0059881	-0.035910	-0.031723	-1.4718	16.939	27.733	913.37	-0.0071076	undefined	undefined	liquid
22.180	25.177	167.00	0.0059881	-0.035910	-0.031723	-1.4718	16.939	27.733	913.37	-0.0071076	undefined	undefined	liquid
22.180	25.181	167.00	0.0059881	-0.035910	-0.031722	-1.4719	16.939	27.733	913.37	-0.0071076	undefined	undefined	liquid
22.180	25.185	167.00	0.0059881	-0.035911	-0.031722	-1.4719	16.939	27.733	913.37	-0.0071076	undefined	undefined	liquid
22.180	25.190	167.00	0.0059881	-0.035911	-0.031722	-1.4719	16.939	27.733	913.37	-0.0071076	undefined	undefined	liquid
22.180	25.194	167.00	0.0059881	-0.035911	-0.031721	-1.4719	16.939	27.733	913.37	-0.0071076	undefined	undefined	liquid
22.180	25.198	167.00	0.0059881	-0.035911	-0.031721	-1.4719	16.939	27.733	913.37	-0.0071076	undefined	undefined	liquid
22.180	25.202	167.00	0.0059881	-0.035912	-0.031720	-1.4719	16.939	27.733	913.37	-0.0071077	undefined	undefined	liquid
22.180	25.206	167.00	0.0059881	-0.035912	-0.031720	-1.4719	16.939	27.733	913.37	-0.0071077	undefined	undefined	liquid
22.180	25.211	167.00	0.0059881	-0.035912	-0.031719	-1.4719	16.939	27.733	913.37	-0.0071077	undefined	undefined	liquid
22.180	25.215	167.00	0.0059881	-0.035912	-0.031719	-1.4719	16.939	27.733	913.37	-0.0071077	undefined	undefined	liquid
22.180	25.219	167.00	0.0059881	-0.035912	-0.031718	-1.4720	16.939	27.733	913.37	-0.0071077	undefined	undefined	liquid
22.180	25.223	167.00	0.0059881	-0.035913	-0.031718	-1.4720	16.939	27.733	913.37	-0.0071077	undefined	undefined	liquid
22.180	25.227	167.00	0.0059881	-0.035913	-0.031717	-1.4720	16.939	27.733	913.37	-0.0071077	undefined	undefined	liquid
22.180	25.232	167.00	0.0059881	-0.035913	-0.031717	-1.4720	16.939	27.733	913.37	-0.0071077	undefined	undefined	liquid
22.180	25.236	167.00	0.0059881	-0.035913	-0.031716	-1.4720	16.939	27.733	913.37	-0.0071078	undefined	undefined	liquid
22.180	25.240	167.00	0.0059881	-0.035914	-0.031716	-1.4720	16.939	27.733	913.37	-0.0071078	undefined	undefined	liquid
22.180	25.244	167.00	0.0059881	-0.035914	-0.031716	-1.4720	16.939	27.733	913.37	-0.0071078	undefined	undefined	liquid
22.180	25.248	167.00	0.0059881	-0.035914	-0.031715	-1.4720	16.939	27.733	913.38	-0.0071078	undefined	undefined	liquid
22.180	25.253	167.00	0.0059881	-0.035914	-0.031715	-1.4720	16.939	27.733	913.38	-0.0071078	undefined	undefined	liquid
22.180	25.257	167.00	0.0059881	-0.035915	-0.031714	-1.4721	16.939	27.733	913.38	-0.0071078	undefined	undefined	liquid
22.180	25.261	167.00	0.0059881	-0.035915	-0.031714	-1.4721	16.939	27.733	913.38	-0.0071078	undefined	undefined	liquid
22.180	25.265	167.00	0.0059881	-0.035915	-0.031713	-1.4721	16.939	27.733	913.38	-0.0071079	undefined	undefined	liquid
22.180	25.269	167.00	0.0059881	-0.035915	-0.031713	-1.4721	16.939	27.733	913.38	-0.0071079	undefined	undefined	liquid
22.180	25.274	167.00	0.0059881	-0.035916	-0.031712	-1.4721	16.939	27.733	913.38	-0.0071079	undefined	undefined	liquid
22.180	25.278	167.00	0.0059881	-0.035916	-0.031712	-1.4721	16.939	27.733	913.38	-0.0071079	undefined	undefined	liquid
22.180	25.282	167.00	0.0059881	-0.035916	-0.031711	-1.4721	16.939	27.733	913.38	-0.0071079	undefined	undefined	liquid
22.180	25.286	167.00	0.0059881	-0.035916	-0.031711	-1.4721	16.939	27.733	913.38	-0.0071079	undefined	undefined	liquid
22.180	25.290	167.00	0.0059881	-0.035917	-0.031710	-1.4721	16.939	27.733	913.38	-0.0071079	undefined	undefined	liquid
22.180	25.295	167.00	0.0059881	-0.035917	-0.031710	-1.4722	16.939	27.733	913.38	-0.0071079	undefined	undefined	liquid
22.180	25.299	167.00	0.0059881	-0.035917	-0.031710	-1.4722	16.939	27.733	913.38	-0.0071080	undefined	undefined	liquid
22.180	25.303	167.00	0.0059881	-0.035917	-0.031709	-1.4722	16.939	27.733	913.38	-0.0071080	undefined	undefined	liquid
22.180	25.307	167.00	0.0059881	-0.035917	-0.031709	-1.4722	16.939	27.733	913.38	-0.0071080	undefined	undefined	liquid
22.180	25.311	167.00	0.0059881	-0.035918	-0.031708	-1.4722	16.939	27.733	913.38	-0.0071080	undefined	undefined	liquid
22.180	25.316	167.00	0.0059881	-0.035918	-0.031708	-1.4722	16.939	27.733	913.38	-0.0071080	undefined	undefined	liquid
22.180	25.320	167.00	0.0059881	-0.035918	-0.031707	-1.4722	16.939	27.733	913.38	-0.0071080	undefined	undefined	liquid
22.180	25.324	167.00	0.0059881	-0.035918	-0.031707	-1.4722	16.939	27.733	913.38	-0.0071080	undefined	undefined	liquid
22.180	25.328	167.00	0.0059881	-0.035919	-0.031706	-1.4722	16.939	27.733	913.39	-0.0071081	undefined	undefined	liquid
22.180	25.332	167.00	0.0059881	-0.035919	-0.031706	-1.4722	16.939	27.732	913.39	-0.0071081	undefined	undefined	liquid
22.180	25.337	167.00	0.0059881	-0.035919	-0.031705	-1.4723	16.939	27.732	913.39	-0.0071081	undefined	undefined	liquid
22.180	25.341	167.00	0.0059881	-0.035919	-0.031705	-1.4723	16.939	27.732	913.39	-0.0071081	undefined	undefined	liquid
22.180	25.345	167.00	0.0059881	-0.035920	-0.031705	-1.4723	16.939	27.732	913.39	-0.0071081	undefined	undefined	liquid
22.180	25.349	167.00	0.0059881	-0.035920	-0.031704	-1.4723	16.939	27.732	913.39	-0.0071081	undefined	undefined	liquid
22.180	25.353	167.00	0.0059880	-0.035920	-0.031704	-1.4723	16.939	27.732	913.39	-0.0071081	undefined	undefined	liquid
22.180	25.358	167.00	0.0059880	-0.035920	-0.031703	-1.4723	16.939	27.732	913.39	-0.0071081	undefined	undefined	liquid
22.180	25.362	167.00	0.0059880	-0.035921	-0.031703	-1.4723	16.939	27.732	913.39	-0.0071082	undefined	undefined	liquid
22.180	25.366	167.00	0.0059880	-0.035921	-0.031702	-1.4723	16.939	27.732	913.39	-0.0071082	undefined	undefined	liquid
22.180	25.370	167.00	0.0059880	-0.035921	-0.031702	-1.4723	16.939	27.732	913.39	-0.0071082	undefined	undefined	liquid
22.180	25.374	167.00	0.0059880	-0.035921	-0.031701	-1.4724	16.939	27.732	913.39	-0.0071082	undefined	undefined	liquid
22.180	25.379	167.00	0.0059880	-0.035922	-0.031701	-1.4724	16.939	27.732	913.39	-0.0071082	undefined	undefined	liquid
22.180	25.383	167.00	0.0059880	-0.035922	-0.031700	-1.4724	16.939	27.732	913.39	-0.0071082	undefined	undefined	liquid
22.180	25.387	167.00	0.0059880	-0.035922	-0.031700	-1.4724	16.939	27.732	913.39	-0.0071082	undefined	undefined	liquid
22.180	25.391	167.00	0.0059880	-0.035922	-0.031699	-1.4724	16.939	27.732	913.39	-0.0071083	undefined	undefined	liquid
22.180	25.395	167.00	0.0059880	-0.035922	-0.031699	-1.4724	16.939	27.732	913.39	-0.0071083	undefined	undefined	liquid
22.180	25.400	167.00	0.0059880	-0.035923	-0.031699	-1.4724	16.939	27.732	913.39	-0.0071083	undefined	undefined	liquid
22.180	25.404	167.00	0.0059880	-0.035923	-0.031698	-1.4724	16.939	27.732	913.40	-0.0071083	undefined	undefined	liquid
22.180	25.408	167.00	0.0059880	-0.035923	-0.031698	-1.4724	16.939	27.732	913.40	-0.0071083	undefined	undefined	liquid
22.180	25.412	167.00	0.0059880	-0.035923	-0.031697	-1.4725	16.939	27.732	913.40	-0.0071083	undefined	undefined	liquid
22.180	25.416	167.00	0.0059880	-0.035924	-0.031697	-1.4725	16.939	27.732	913.40	-0.0071083	undefined	undefined	liquid
22.180	25.421	167.00	0.0059880	-0.035924	-0.031696	-1.4725	16.939	27.732	913.40	-0.0071083	undefined	undefined	liquid
22.180	25.425	167.00	0.0059880	-0.035924	-0.031696	-1.4725	16.939	27.732	913.40	-0.0071084	undefined	undefined	liquid
22.180	25.429	167.00	0.0059880	-0.035924	-0.031695	-1.4725	16.939	27.732	913.40	-0.0071084	undefined	undefined	liquid
22.180	25.433	167.00	0.0059880	-0.035925	-0.031695	-1.4725	16.939	27.732	913.40	-0.0071084	undefined	undefined	liquid
22.180	25.437	167.00	0.0059880	-0.035925	-0.031694	-1.4725	16.939	27.732	913.40	-0.0071084	undefined	undefined	liquid
22.180	25.442	167.00	0.0059880	-0.035925	-0.031694	-1.4725	16.939	27.732	913.40	-0.0071084	undefined	undefined	liquid
22.180	25.446	167.00	0.0059880	-0.035925	-0.031693	-1.4725	16.939	27.732	913.40	-0.0071084	undefined	undefined	liquid
22.180	25.450	167.00	0.0059880	-0.035926	-0.031693	-1.4725	16.939	27.732	913.40	-0.0071084	undefined	undefined	liquid
22.180	25.454	167.00	0.0059880	-0.035926	-0.031693	-1.4726	16.939	27.732	913.40	-0.0071085	undefined	undefined	liquid
22.180	25.458	167.00	0.0059880	-0.035926	-0.031692	-1.4726	16.939	27.732	913.40	-0.0071085	undefined	undefined	liquid
22.180	25.463	167.00	0.0059880	-0.035926	-0.031692	-1.4726	16.939	27.732	913.40	-0.0071085	undefined	undefined	liquid
22.180	25.467	167.00	0.0059880	-0.035926	-0.031691	-1.4726	16.939	27.732	913.40	-0.0071085	undefined	undefined	liquid
22.180	25.471	167.00	0.0059880	-0.035927	-0.031691	-1.4726	16.939	27.732	913.40	-0.0071085	undefined	undefined	liquid
22.180	25.475	167.00	0.0059880	-0.035927	-0.031690	-1.4726	16.939	27.732	913.40	-0.0071085	undefined	undefined	liquid
22.180	25.479	167.00	0.0059880	-0.035927	-0.031690	-1.4726	16.939	27.732	913.40	-0.0071085	undefined	undefined	liquid
22.180	25.484	167.00	0.0059880	-0.035927	-0.031689	-1.4726	16.939	27.732	913.41	-0.0071085	undefined	undefined	liquid
22.180	25.488	167.00	0.0059880	-0.035928	-0.031689	-1.4726	16.939	27.732	913.41	-0.0071086	undefined	undefined	liquid
22.180	25.492	167.00	0.0059880	-0.035928	-0.031688	-1.4727	16.939	27.732	913.41	-0.0071086	undefined	undefined	liquid
22.180	25.496	167.00	0.0059880	-0.035928	-0.031688	-1.4727	16.939	27.732	913.41	-0.0071086	undefined	undefined	liquid
22.180	25.500	167.00	0.0059880	-0.035928	-0.031687	-1.4727	16.939	27.732	913.41	-0.0071086	undefined	undefined	liquid
22.180	25.505	167.00	0.0059880	-0.035929	-0.031687	-1.4727	16.939	27.732	913.41	-0.0071086	undefined	undefined	liquid
22.180	25.509	167.00	0.0059880	-0.035929	-0.031687	-1.4727	16.939	27.732	913.41	-0.0071086	undefined	undefined	liquid
22.180	25.513	167.00	0.0059880	-0.035929	-0.031686	-1.4727	16.939	27.731	913.41	-0.0071086	undefined	undefined	liquid
22.180	25.517	167.00	0.0059880	-0.035929	-0.031686	-1.4727	16.939	27.731	913.41	-0.0071087	undefined	undefined	liquid
22.180	25.521	167.00	0.0059880	-0.035930	-0.031685	-1.4727	16.939	27.731	913.41	-0.0071087	undefined	undefined	liquid
22.180	25.526	167.00	0.0059880	-0.035930	-0.031685	-1.4727	16.939	27.731	913.41	-0.0071087	undefined	undefined	liquid
22.180	25.530	167.00	0.0059880	-0.035930	-0.031684	-1.4728	16.939	27.731	913.41	-0.0071087	undefined	undefined	liquid
22.180	25.534	167.00	0.0059880	-0.035930	-0.031684	-1.4728	16.939	27.731	913.41	-0.0071087	undefined	undefined	liquid
22.180	25.538	167.00	0.0059880	-0.035931	-0.031683	-1.4728	16.939	27.731	913.41	-0.0071087	undefined	undefined	liquid
22.180	25.542	167.00	0.0059880	-0.035931	-0.031683	-1.4728	16.939	27.731	913.41	-0.0071087	undefined	undefined	liquid
22.180	25.547	167.00	0.0059880	-0.035931	-0.031682	-1.4728	16.939	27.731	913.41	-0.0071087	undefined	undefined	liquid
22.180	25.551	167.00	0.0059880	-0.035931	-0.031682	-1.4728	16.940	27.731	913.41	-0.0071088	undefined	undefined	liquid
22.180	25.555	167.00	0.0059880	-0.035931	-0.031682	-1.4728	16.940	27.731	913.41	-0.0071088	undefined	undefined	liquid
22.180	25.559	167.00	0.0059879	-0.035932	-0.031681	-1.4728	16.940	27.731	913.41	-0.0071088	undefined	undefined	liquid
22.180	25.563	167.00	0.0059879	-0.035932	-0.031681	-1.4728	16.940	27.731	913.42	-0.0071088	undefined	undefined	liquid
22.180	25.568	167.00	0.0059879	-0.035932	-0.031680	-1.4728	16.940	27.731	913.42	-0.0071088	undefined	undefined	liquid
22.180	25.572	167.00	0.0059879	-0.035932	-0.031680	-1.4729	16.940	27.731	913.42	-0.0071088	undefined	undefined	liquid
22.180	25.576	167.00	0.0059879	-0.035933	-0.031679	-1.4729	16.940	27.731	913.42	-0.0071088	undefined	undefined	liquid
22.180	25.580	167.00	0.0059879	-0.035933	-0.031679	-1.4729	16.940	27.731	913.42	-0.0071089	undefined	undefined	liquid
22.180	25.584	167.00	0.0059879	-0.035933	-0.031678	-1.4729	16.940	27.731	913.42	-0.0071089	undefined	undefined	liquid
22.180	25.589	167.00	0.0059879	-0.035933	-0.031678	-1.4729	16.940	27.731	913.42	-0.0071089	undefined	undefined	liquid
22.180	25.593	167.00	0.0059879	-0.035934	-0.031677	-1.4729	16.940	27.731	913.42	-0.0071089	undefined	undefined	liquid
22.180	25.597	167.00	0.0059879	-0.035934	-0.031677	-1.4729	16.940	27.731	913.42	-0.0071089	undefined	undefined	liquid
22.180	25.601	167.00	0.0059879	-0.035934	-0.031676	-1.4729	16.940	27.731	913.42	-0.0071089	undefined	undefined	liquid
22.180	25.605	167.00	0.0059879	-0.035934	-0.031676	-1.4729	16.940	27.731	913.42	-0.0071089	undefined	undefined	liquid
22.180	25.610	167.00	0.0059879	-0.035935	-0.031676	-1.4730	16.940	27.731	913.42	-0.0071089	undefined	undefined	liquid
22.180	25.614	167.00	0.0059879	-0.035935	-0.031675	-1.4730	16.940	27.731	913.42	-0.0071090	undefined	undefined	liquid
22.180	25.618	167.00	0.0059879	-0.035935	-0.031675	-1.4730	16.940	27.731	913.42	-0.0071090	undefined	undefined	liquid
22.180	25.622	167.00	0.0059879	-0.035935	-0.031674	-1.4730	16.940	27.731	913.42	-0.0071090	undefined	undefined	liquid
22.180	25.626	167.00	0.0059879	-0.035935	-0.031674	-1.4730	16.940	27.731	913.42	-0.0071090	undefined	undefined	liquid
22.180	25.631	167.00	0.0059879	-0.035936	-0.031673	-1.4730	16.940	27.731	913.42	-0.0071090	undefined	undefined	liquid
22.180	25.635	167.00	0.0059879	-0.035936	-0.031673	-1.4730	16.940	27.731	913.42	-0.0071090	undefined	undefined	liquid
22.180	25.639	167.00	0.0059879	-0.035936	-0.031672	-1.4730	16.940	27.731	913.43	-0.0071090	undefined	undefined	liquid
22.180	25.643	167.00	0.0059879	-0.035936	-0.031672	-1.4730	16.940	27.731	913.43	-0.0071091	undefined	undefined	liquid
22.180	25.647	167.00	0.0059879	-0.035937	-0.031671	-1.4731	16.940	27.731	913.43	-0.0071091	undefined	undefined	liquid
22.180	25.652	167.00	0.0059879	-0.035937	-0.031671	-1.4731	16.940	27.731	913.43	-0.0071091	undefined	undefined	liquid
22.180	25.656	167.00	0.0059879	-0.035937	-0.031670	-1.4731	16.940	27.731	913.43	-0.0071091	undefined	undefined	liquid
22.180	25.660	167.00	0.0059879	-0.035937	-0.031670	-1.4731	16.940	27.731	913.43	-0.0071091	undefined	undefined	liquid
22.180	25.664	167.00	0.0059879	-0.035938	-0.031670	-1.4731	16.940	27.731	913.43	-0.0071091	undefined	undefined	liquid
22.180	25.668	167.00	0.0059879	-0.035938	-0.031669	-1.4731	16.940	27.731	913.43	-0.0071091	undefined	undefined	liquid
22.180	25.673	167.00	0.0059879	-0.035938	-0.031669	-1.4731	16.940	27.731	913.43	-0.0071091	undefined	undefined	liquid
22.180	25.677	167.00	0.0059879	-0.035938	-0.031668	-1.4731	16.940	27.731	913.43	-0.0071092	undefined	undefined	liquid
22.180	25.681	167.00	0.0059879	-0.035939	-0.031668	-1.4731	16.940	27.731	913.43	-0.0071092	undefined	undefined	liquid
22.180	25.685	167.00	0.0059879	-0.035939	-0.031667	-1.4732	16.940	27.731	913.43	-0.0071092	undefined	undefined	liquid
22.180	25.689	167.00	0.0059879	-0.035939	-0.031667	-1.4732	16.940	27.730	913.43	-0.0071092	undefined	undefined	liquid
22.180	25.694	167.00	0.0059879	-0.035939	-0.031666	-1.4732	16.940	27.730	913.43	-0.0071092	undefined	undefined	liquid
22.180	25.698	167.00	0.0059879	-0.035940	-0.031666	-1.4732	16.940	27.730	913.43	-0.0071092	undefined	undefined	liquid
22.180	25.702	167.00	0.0059879	-0.035940	-0.031665	-1.4732	16.940	27.730	913.43	-0.0071092	undefined	undefined	liquid
22.180	25.706	167.00	0.0059879	-0.035940	-0.031665	-1.4732	16.940	27.730	913.43	-0.0071093	undefined	undefined	liquid
22.180	25.710	167.00	0.0059879	-0.035940	-0.031664	-1.4732	16.940	27.730	913.43	-0.0071093	undefined	undefined	liquid
22.180	25.715	167.00	0.0059879	-0.035940	-0.031664	-1.4732	16.940	27.730	913.43	-0.0071093	undefined	undefined	liquid
22.180	25.719	167.00	0.0059879	-0.035941	-0.031664	-1.4732	16.940	27.730	913.44	-0.0071093	undefined	undefined	liquid
22.180	25.723	167.00	0.0059879	-0.035941	-0.031663	-1.4732	16.940	27.730	913.44	-0.0071093	undefined	undefined	liquid
22.180	25.727	167.00	0.0059879	-0.035941	-0.031663	-1.4733	16.940	27.730	913.44	-0.0071093	undefined	undefined	liquid
22.180	25.731	167.00	0.0059879	-0.035941	-0.031662	-1.4733	16.940	27.730	913.44	-0.0071093	undefined	undefined	liquid
22.180	25.736	167.00	0.0059879	-0.035942	-0.031662	-1.4733	16.940	27.730	913.44	-0.0071093	undefined	undefined	liquid
22.180	25.740	167.00	0.0059879	-0.035942	-0.031661	-1.4733	16.940	27.730	913.44	-0.0071094	undefined	undefined	liquid
22.180	25.744	167.00	0.0059879	-0.035942	-0.031661	-1.4733	16.940	27.730	913.44	-0.0071094	undefined	undefined	liquid
22.180	25.748	167.00	0.0059879	-0.035942	-0.031660	-1.4733	16.940	27.730	913.44	-0.0071094	undefined	undefined	liquid
22.180	25.752	167.00	0.0059879	-0.035943	-0.031660	-1.4733	16.940	27.730	913.44	-0.0071094	undefined	undefined	liquid
22.180	25.757	167.00	0.0059879	-0.035943	-0.031659	-1.4733	16.940	27.730	913.44	-0.0071094	undefined	undefined	liquid
22.180	25.761	167.00	0.0059879	-0.035943	-0.031659	-1.4733	16.940	27.730	913.44	-0.0071094	undefined	undefined	liquid
22.180	25.765	167.00	0.0059878	-0.035943	-0.031659	-1.4734	16.940	27.730	913.44	-0.0071094	undefined	undefined	liquid
22.180	25.769	167.00	0.0059878	-0.035944	-0.031658	-1.4734	16.940	27.730	913.44	-0.0071095	undefined	undefined	liquid
22.180	25.773	167.01	0.0059878	-0.035944	-0.031658	-1.4734	16.940	27.730	913.44	-0.0071095	undefined	undefined	liquid
22.180	25.778	167.01	0.0059878	-0.035944	-0.031657	-1.4734	16.940	27.730	913.44	-0.0071095	undefined	undefined	liquid
22.180	25.782	167.01	0.0059878	-0.035944	-0.031657	-1.4734	16.940	27.730	913.44	-0.0071095	undefined	undefined	liquid
22.180	25.786	167.01	0.0059878	-0.035944	-0.031656	-1.4734	16.940	27.730	913.44	-0.0071095	undefined	undefined	liquid
22.180	25.790	167.01	0.0059878	-0.035945	-0.031656	-1.4734	16.940	27.730	913.44	-0.0071095	undefined	undefined	liquid
22.180	25.794	167.01	0.0059878	-0.035945	-0.031655	-1.4734	16.940	27.730	913.44	-0.0071095	undefined	undefined	liquid
22.180	25.799	167.01	0.0059878	-0.035945	-0.031655	-1.4734	16.940	27.730	913.45	-0.0071095	undefined	undefined	liquid
22.180	25.803	167.01	0.0059878	-0.035945	-0.031654	-1.4735	16.940	27.730	913.45	-0.0071096	undefined	undefined	liquid
22.180	25.807	167.01	0.0059878	-0.035946	-0.031654	-1.4735	16.940	27.730	913.45	-0.0071096	undefined	undefined	liquid
22.180	25.811	167.01	0.0059878	-0.035946	-0.031653	-1.4735	16.940	27.730	913.45	-0.0071096	undefined	undefined	liquid
22.180	25.815	167.01	0.0059878	-0.035946	-0.031653	-1.4735	16.940	27.730	913.45	-0.0071096	undefined	undefined	liquid
22.180	25.820	167.01	0.0059878	-0.035946	-0.031653	-1.4735	16.940	27.730	913.45	-0.0071096	undefined	undefined	liquid
22.180	25.824	167.01	0.0059878	-0.035947	-0.031652	-1.4735	16.940	27.730	913.45	-0.0071096	undefined	undefined	liquid
22.180	25.828	167.01	0.0059878	-0.035947	-0.031652	-1.4735	16.940	27.730	913.45	-0.0071096	undefined	undefined	liquid
22.180	25.832	167.01	0.0059878	-0.035947	-0.031651	-1.4735	16.940	27.730	913.45	-0.0071097	undefined	undefined	liquid
22.180	25.836	167.01	0.0059878	-0.035947	-0.031651	-1.4735	16.940	27.730	913.45	-0.0071097	undefined	undefined	liquid
22.180	25.841	167.01	0.0059878	-0.035948	-0.031650	-1.4735	16.940	27.730	913.45	-0.0071097	undefined	undefined	liquid
22.180	25.845	167.01	0.0059878	-0.035948	-0.031650	-1.4736	16.940	27.730	913.45	-0.0071097	undefined	undefined	liquid
22.180	25.849	167.01	0.0059878	-0.035948	-0.031649	-1.4736	16.940	27.730	913.45	-0.0071097	undefined	undefined	liquid
22.180	25.853	167.01	0.0059878	-0.035948	-0.031649	-1.4736	16.940	27.730	913.45	-0.0071097	undefined	undefined	liquid
22.180	25.857	167.01	0.0059878	-0.035949	-0.031648	-1.4736	16.940	27.730	913.45	-0.0071097	undefined	undefined	liquid
22.180	25.862	167.01	0.0059878	-0.035949	-0.031648	-1.4736	16.940	27.730	913.45	-0.0071097	undefined	undefined	liquid
22.180	25.866	167.01	0.0059878	-0.035949	-0.031647	-1.4736	16.940	27.730	913.45	-0.0071098	undefined	undefined	liquid
22.180	25.870	167.01	0.0059878	-0.035949	-0.031647	-1.4736	16.940	27.729	913.45	-0.0071098	undefined	undefined	liquid
22.180	25.874	167.01	0.0059878	-0.035949	-0.031647	-1.4736	16.940	27.729	913.46	-0.0071098	undefined	undefined	liquid
22.180	25.878	167.01	0.0059878	-0.035950	-0.031646	-1.4736	16.940	27.729	913.46	-0.0071098	undefined	undefined	liquid
22.180	25.883	167.01	0.0059878	-0.035950	-0.031646	-1.4737	16.940	27.729	913.46	-0.0071098	undefined	undefined	liquid
22.180	25.887	167.01	0.0059878	-0.035950	-0.031645	-1.4737	16.940	27.729	913.46	-0.0071098	undefined	undefined	liquid
22.180	25.891	167.01	0.0059878	-0.035950	-0.031645	-1.4737	16.940	27.729	913.46	-0.0071098	undefined	undefined	liquid
22.180	25.895	167.01	0.0059878	-0.035951	-0.031644	-1.4737	16.940	27.729	913.46	-0.0071099	undefined	undefined	liquid
22.180	25.899	167.01	0.0059878	-0.035951	-0.031644	-1.4737	16.940	27.729	913.46	-0.0071099	undefined	undefined	liquid
22.180	25.904	167.01	0.0059878	-0.035951	-0.031643	-1.4737	16.940	27.729	913.46	-0.0071099	undefined	undefined	liquid
22.180	25.908	167.01	0.0059878	-0.035951	-0.031643	-1.4737	16.940	27.729	913.46	-0.0071099	undefined	undefined	liquid
22.180	25.912	167.01	0.0059878	-0.035952	-0.031642	-1.4737	16.940	27.729	913.46	-0.0071099	undefined	undefined	liquid
22.180	25.916	167.01	0.0059878	-0.035952	-0.031642	-1.4737	16.940	27.729	913.46	-0.0071099	undefined	undefined	liquid
22.180	25.920	167.01	0.0059878	-0.035952	-0.031641	-1.4738	16.940	27.729	913.46	-0.0071099	undefined	undefined	liquid
22.180	25.925	167.01	0.0059878	-0.035952	-0.031641	-1.4738	16.940	27.729	913.46	-0.0071099	undefined	undefined	liquid
22.180	25.929	167.01	0.0059878	-0.035953	-0.031641	-1.4738	16.940	27.729	913.46	-0.0071100	undefined	undefined	liquid
22.180	25.933	167.01	0.0059878	-0.035953	-0.031640	-1.4738	16.940	27.729	913.46	-0.0071100	undefined	undefined	liquid
22.180	25.937	167.01	0.0059878	-0.035953	-0.031640	-1.4738	16.940	27.729	913.46	-0.0071100	undefined	undefined	liquid
22.180	25.941	167.01	0.0059878	-0.035953	-0.031639	-1.4738	16.940	27.729	913.46	-0.0071100	undefined	undefined	liquid
22.180	25.946	167.01	0.0059878	-0.035954	-0.031639	-1.4738	16.940	27.729	913.46	-0.0071100	undefined	undefined	liquid
22.180	25.950	167.01	0.0059878	-0.035954	-0.031638	-1.4738	16.940	27.729	913.46	-0.0071100	undefined	undefined	liquid
22.180	25.954	167.01	0.0059878	-0.035954	-0.031638	-1.4738	16.940	27.729	913.47	-0.0071100	undefined	undefined	liquid
22.180	25.958	167.01	0.0059878	-0.035954	-0.031637	-1.4738	16.940	27.729	913.47	-0.0071101	undefined	undefined	liquid
22.180	25.962	167.01	0.0059878	-0.035954	-0.031637	-1.4739	16.940	27.729	913.47	-0.0071101	undefined	undefined	liquid
22.180	25.967	167.01	0.0059878	-0.035955	-0.031636	-1.4739	16.940	27.729	913.47	-0.0071101	undefined	undefined	liquid
22.180	25.971	167.01	0.0059877	-0.035955	-0.031636	-1.4739	16.940	27.729	913.47	-0.0071101	undefined	undefined	liquid
22.180	25.975	167.01	0.0059877	-0.035955	-0.031636	-1.4739	16.940	27.729	913.47	-0.0071101	undefined	undefined	liquid
22.180	25.979	167.01	0.0059877	-0.035955	-0.031635	-1.4739	16.940	27.729	913.47	-0.0071101	undefined	undefined	liquid
22.180	25.983	167.01	0.0059877	-0.035956	-0.031635	-1.4739	16.940	27.729	913.47	-0.0071101	undefined	undefined	liquid
22.180	25.988	167.01	0.0059877	-0.035956	-0.031634	-1.4739	16.940	27.729	913.47	-0.0071101	undefined	undefined	liquid
22.180	25.992	167.01	0.0059877	-0.035956	-0.031634	-1.4739	16.940	27.729	913.47	-0.0071102	undefined	undefined	liquid
22.180	25.996	167.01	0.0059877	-0.035956	-0.031633	-1.4739	16.940	27.729	913.47	-0.0071102	undefined	undefined	liquid
22.180	26.000	167.01	0.0059877	-0.035957	-0.031633	-1.4740	16.940	27.729	913.47	-0.0071102	undefined	undefined	liquid
22.180	26.004	167.01	0.0059877	-0.035957	-0.031632	-1.4740	16.940	27.729	913.47	-0.0071102	undefined	undefined	liquid
22.180	26.009	167.01	0.0059877	-0.035957	-0.031632	-1.4740	16.940	27.729	913.47	-0.0071102	undefined	undefined	liquid
22.180	26.013	167.01	0.0059877	-0.035957	-0.031631	-1.4740	16.940	27.729	913.47	-0.0071102	undefined	undefined	liquid
22.180	26.017	167.01	0.0059877	-0.035958	-0.031631	-1.4740	16.940	27.729	913.47	-0.0071102	undefined	undefined	liquid
22.180	26.021	167.01	0.0059877	-0.035958	-0.031630	-1.4740	16.940	27.729	913.47	-0.0071103	undefined	undefined	liquid
22.180	26.025	167.01	0.0059877	-0.035958	-0.031630	-1.4740	16.940	27.729	913.47	-0.0071103	undefined	undefined	liquid
22.180	26.030	167.01	0.0059877	-0.035958	-0.031630	-1.4740	16.940	27.729	913.47	-0.0071103	undefined	undefined	liquid
22.180	26.034	167.01	0.0059877	-0.035958	-0.031629	-1.4740	16.940	27.729	913.48	-0.0071103	undefined	undefined	liquid
22.180	26.038	167.01	0.0059877	-0.035959	-0.031629	-1.4741	16.940	27.729	913.48	-0.0071103	undefined	undefined	liquid
22.180	26.042	167.01	0.0059877	-0.035959	-0.031628	-1.4741	16.940	27.729	913.48	-0.0071103	undefined	undefined	liquid
22.180	26.046	167.01	0.0059877	-0.035959	-0.031628	-1.4741	16.940	27.728	913.48	-0.0071103	undefined	undefined	liquid
22.180	26.051	167.01	0.0059877	-0.035959	-0.031627	-1.4741	16.940	27.728	913.48	-0.0071103	undefined	undefined	liquid
22.180	26.055	167.01	0.0059877	-0.035960	-0.031627	-1.4741	16.940	27.728	913.48	-0.0071104	undefined	undefined	liquid
22.180	26.059	167.01	0.0059877	-0.035960	-0.031626	-1.4741	16.940	27.728	913.48	-0.0071104	undefined	undefined	liquid
22.180	26.063	167.01	0.0059877	-0.035960	-0.031626	-1.4741	16.940	27.728	913.48	-0.0071104	undefined	undefined	liquid
22.180	26.067	167.01	0.0059877	-0.035960	-0.031625	-1.4741	16.940	27.728	913.48	-0.0071104	undefined	undefined	liquid
22.180	26.072	167.01	0.0059877	-0.035961	-0.031625	-1.4741	16.940	27.728	913.48	-0.0071104	undefined	undefined	liquid
22.180	26.076	167.01	0.0059877	-0.035961	-0.031624	-1.4742	16.940	27.728	913.48	-0.0071104	undefined	undefined	liquid
22.180	26.080	167.01	0.0059877	-0.035961	-0.031624	-1.4742	16.940	27.728	913.48	-0.0071104	undefined	undefined	liquid
22.180	26.084	167.01	0.0059877	-0.035961	-0.031624	-1.4742	16.940	27.728	913.48	-0.0071105	undefined	undefined	liquid
22.180	26.088	167.01	0.0059877	-0.035962	-0.031623	-1.4742	16.940	27.728	913.48	-0.0071105	undefined	undefined	liquid
22.180	26.093	167.01	0.0059877	-0.035962	-0.031623	-1.4742	16.940	27.728	913.48	-0.0071105	undefined	undefined	liquid
22.180	26.097	167.01	0.0059877	-0.035962	-0.031622	-1.4742	16.940	27.728	913.48	-0.0071105	undefined	undefined	liquid
22.180	26.101	167.01	0.0059877	-0.035962	-0.031622	-1.4742	16.940	27.728	913.48	-0.0071105	undefined	undefined	liquid
22.180	26.105	167.01	0.0059877	-0.035963	-0.031621	-1.4742	16.940	27.728	913.48	-0.0071105	undefined	undefined	liquid
22.180	26.109	167.01	0.0059877	-0.035963	-0.031621	-1.4742	16.940	27.728	913.49	-0.0071105	undefined	undefined	liquid
22.180	26.114	167.01	0.0059877	-0.035963	-0.031620	-1.4742	16.940	27.728	913.49	-0.0071105	undefined	undefined	liquid
22.180	26.118	167.01	0.0059877	-0.035963	-0.031620	-1.4743	16.940	27.728	913.49	-0.0071106	undefined	undefined	liquid
22.180	26.122	167.01	0.0059877	-0.035963	-0.031619	-1.4743	16.940	27.728	913.49	-0.0071106	undefined	undefined	liquid
22.180	26.126	167.01	0.0059877	-0.035964	-0.031619	-1.4743	16.940	27.728	913.49	-0.0071106	undefined	undefined	liquid
22.180	26.130	167.01	0.0059877	-0.035964	-0.031618	-1.4743	16.940	27.728	913.49	-0.0071106	undefined	undefined	liquid
22.180	26.135	167.01	0.0059877	-0.035964	-0.031618	-1.4743	16.940	27.728	913.49	-0.0071106	undefined	undefined	liquid
22.180	26.139	167.01	0.0059877	-0.035964	-0.031618	-1.4743	16.940	27.728	913.49	-0.0071106	undefined	undefined	liquid
22.180	26.143	167.01	0.0059877	-0.035965	-0.031617	-1.4743	16.940	27.728	913.49	-0.0071106	undefined	undefined	liquid
22.180	26.147	167.01	0.0059877	-0.035965	-0.031617	-1.4743	16.940	27.728	913.49	-0.0071107	undefined	undefined	liquid
22.180	26.151	167.01	0.0059877	-0.035965	-0.031616	-1.4743	16.941	27.728	913.49	-0.0071107	undefined	undefined	liquid
22.180	26.156	167.01	0.0059877	-0.035965	-0.031616	-1.4744	16.941	27.728	913.49	-0.0071107	undefined	undefined	liquid
22.180	26.160	167.01	0.0059877	-0.035966	-0.031615	-1.4744	16.941	27.728	913.49	-0.0071107	undefined	undefined	liquid
22.180	26.164	167.01	0.0059877	-0.035966	-0.031615	-1.4744	16.941	27.728	913.49	-0.0071107	undefined	undefined	liquid
22.180	26.168	167.01	0.0059877	-0.035966	-0.031614	-1.4744	16.941	27.728	913.49	-0.0071107	undefined	undefined	liquid
22.180	26.172	167.01	0.0059877	-0.035966	-0.031614	-1.4744	16.941	27.728	913.49	-0.0071107	undefined	undefined	liquid
22.180	26.177	167.01	0.0059876	-0.035967	-0.031613	-1.4744	16.941	27.728	913.49	-0.0071107	undefined	undefined	liquid
22.180	26.181	167.01	0.0059876	-0.035967	-0.031613	-1.4744	16.941	27.728	913.49	-0.0071108	undefined	undefined	liquid
22.180	26.185	167.01	0.0059876	-0.035967	-0.031613	-1.4744	16.941	27.728	913.49	-0.0071108	undefined	undefined	liquid
22.180	26.189	167.01	0.0059876	-0.035967	-0.031612	-1.4744	16.941	27.728	913.50	-0.0071108	undefined	undefined	liquid
22.180	26.193	167.01	0.0059876	-0.035967	-0.031612	-1.4745	16.941	27.728	913.50	-0.0071108	undefined	undefined	liquid
22.180	26.198	167.01	0.0059876	-0.035968	-0.031611	-1.4745	16.941	27.728	913.50	-0.0071108	undefined	undefined	liquid
22.180	26.202	167.01	0.0059876	-0.035968	-0.031611	-1.4745	16.941	27.728	913.50	-0.0071108	undefined	undefined	liquid
22.180	26.206	167.01	0.0059876	-0.035968	-0.031610	-1.4745	16.941	27.728	913.50	-0.0071108	undefined	undefined	liquid
22.180	26.210	167.01	0.0059876	-0.035968	-0.031610	-1.4745	16.941	27.728	913.50	-0.0071109	undefined	undefined	liquid
22.180	26.214	167.01	0.0059876	-0.035969	-0.031609	-1.4745	16.941	27.728	913.50	-0.0071109	undefined	undefined	liquid
22.180	26.219	167.01	0.0059876	-0.035969	-0.031609	-1.4745	16.941	27.728	913.50	-0.0071109	undefined	undefined	liquid
22.180	26.223	167.01	0.0059876	-0.035969	-0.031608	-1.4745	16.941	27.728	913.50	-0.0071109	undefined	undefined	liquid
22.180	26.227	167.01	0.0059876	-0.035969	-0.031608	-1.4745	16.941	27.727	913.50	-0.0071109	undefined	undefined	liquid
22.180	26.231	167.01	0.0059876	-0.035970	-0.031607	-1.4745	16.941	27.727	913.50	-0.0071109	undefined	undefined	liquid
22.180	26.235	167.01	0.0059876	-0.035970	-0.031607	-1.4746	16.941	27.727	913.50	-0.0071109	undefined	undefined	liquid
22.180	26.240	167.01	0.0059876	-0.035970	-0.031607	-1.4746	16.941	27.727	913.50	-0.0071109	undefined	undefined	liquid
22.180	26.244	167.01	0.0059876	-0.035970	-0.031606	-1.4746	16.941	27.727	913.50	-0.0071110	undefined	undefined	liquid
22.180	26.248	167.01	0.0059876	-0.035971	-0.031606	-1.4746	16.941	27.727	913.50	-0.0071110	undefined	undefined	liquid
22.180	26.252	167.01	0.0059876	-0.035971	-0.031605	-1.4746	16.941	27.727	913.50	-0.0071110	undefined	undefined	liquid
22.180	26.256	167.01	0.0059876	-0.035971	-0.031605	-1.4746	16.941	27.727	913.50	-0.0071110	undefined	undefined	liquid
22.180	26.261	167.01	0.0059876	-0.035971	-0.031604	-1.4746	16.941	27.727	913.50	-0.0071110	undefined	undefined	liquid
22.180	26.265	167.01	0.0059876	-0.035972	-0.031604	-1.4746	16.941	27.727	913.51	-0.0071110	undefined	undefined	liquid
22.180	26.269	167.01	0.0059876	-0.035972	-0.031603	-1.4746	16.941	27.727	913.51	-0.0071110	undefined	undefined	liquid
22.180	26.273	167.01	0.0059876	-0.035972	-0.031603	-1.4747	16.941	27.727	913.51	-0.0071111	undefined	undefined	liquid
22.180	26.277	167.01	0.0059876	-0.035972	-0.031602	-1.4747	16.941	27.727	913.51	-0.0071111	undefined	undefined	liquid
22.180	26.282	167.01	0.0059876	-0.035972	-0.031602	-1.4747	16.941	27.727	913.51	-0.0071111	undefined	undefined	liquid
22.180	26.286	167.01	0.0059876	-0.035973	-0.031601	-1.4747	16.941	27.727	913.51	-0.0071111	undefined	undefined	liquid
22.180	26.290	167.01	0.0059876	-0.035973	-0.031601	-1.4747	16.941	27.727	913.51	-0.0071111	undefined	undefined	liquid
22.180	26.294	167.01	0.0059876	-0.035973	-0.031601	-1.4747	16.941	27.727	913.51	-0.0071111	undefined	undefined	liquid
22.180	26.298	167.01	0.0059876	-0.035973	-0.031600	-1.4747	16.941	27.727	913.51	-0.0071111	undefined	undefined	liquid
22.180	26.303	167.01	0.0059876	-0.035974	-0.031600	-1.4747	16.941	27.727	913.51	-0.0071111	undefined	undefined	liquid
22.180	26.307	167.01	0.0059876	-0.035974	-0.031599	-1.4747	16.941	27.727	913.51	-0.0071112	undefined	undefined	liquid
22.180	26.311	167.01	0.0059876	-0.035974	-0.031599	-1.4748	16.941	27.727	913.51	-0.0071112	undefined	undefined	liquid
22.180	26.315	167.01	0.0059876	-0.035974	-0.031598	-1.4748	16.941	27.727	913.51	-0.0071112	undefined	undefined	liquid
22.180	26.319	167.01	0.0059876	-0.035975	-0.031598	-1.4748	16.941	27.727	913.51	-0.0071112	undefined	undefined	liquid
22.180	26.324	167.01	0.0059876	-0.035975	-0.031597	-1.4748	16.941	27.727	913.51	-0.0071112	undefined	undefined	liquid
22.180	26.328	167.01	0.0059876	-0.035975	-0.031597	-1.4748	16.941	27.727	913.51	-0.0071112	undefined	undefined	liquid
22.180	26.332	167.01	0.0059876	-0.035975	-0.031596	-1.4748	16.941	27.727	913.51	-0.0071112	undefined	undefined	liquid
22.180	26.336	167.01	0.0059876	-0.035976	-0.031596	-1.4748	16.941	27.727	913.51	-0.0071113	undefined	undefined	liquid
22.180	26.340	167.01	0.0059876	-0.035976	-0.031595	-1.4748	16.941	27.727	913.51	-0.0071113	undefined	undefined	liquid
22.180	26.345	167.01	0.0059876	-0.035976	-0.031595	-1.4748	16.941	27.727	913.52	-0.0071113	undefined	undefined	liquid
22.180	26.349	167.01	0.0059876	-0.035976	-0.031595	-1.4748	16.941	27.727	913.52	-0.0071113	undefined	undefined	liquid
22.180	26.353	167.01	0.0059876	-0.035976	-0.031594	-1.4749	16.941	27.727	913.52	-0.0071113	undefined	undefined	liquid
22.180	26.357	167.01	0.0059876	-0.035977	-0.031594	-1.4749	16.941	27.727	913.52	-0.0071113	undefined	undefined	liquid
22.180	26.361	167.01	0.0059876	-0.035977	-0.031593	-1.4749	16.941	27.727	913.52	-0.0071113	undefined	undefined	liquid
22.180	26.366	167.01	0.0059876	-0.035977	-0.031593	-1.4749	16.941	27.727	913.52	-0.0071113	undefined	undefined	liquid
22.180	26.370	167.01	0.0059876	-0.035977	-0.031592	-1.4749	16.941	27.727	913.52	-0.0071114	undefined	undefined	liquid
22.180	26.374	167.01	0.0059876	-0.035978	-0.031592	-1.4749	16.941	27.727	913.52	-0.0071114	undefined	undefined	liquid
22.180	26.378	167.01	0.0059876	-0.035978	-0.031591	-1.4749	16.941	27.727	913.52	-0.0071114	undefined	undefined	liquid
22.180	26.382	167.01	0.0059875	-0.035978	-0.031591	-1.4749	16.941	27.727	913.52	-0.0071114	undefined	undefined	liquid
22.180	26.387	167.01	0.0059875	-0.035978	-0.031590	-1.4749	16.941	27.727	913.52	-0.0071114	undefined	undefined	liquid
22.180	26.391	167.01	0.0059875	-0.035979	-0.031590	-1.4750	16.941	27.727	913.52	-0.0071114	undefined	undefined	liquid
22.180	26.395	167.01	0.0059875	-0.035979	-0.031590	-1.4750	16.941	27.727	913.52	-0.0071114	undefined	undefined	liquid
22.180	26.399	167.01	0.0059875	-0.035979	-0.031589	-1.4750	16.941	27.727	913.52	-0.0071115	undefined	undefined	liquid
22.180	26.403	167.01	0.0059875	-0.035979	-0.031589	-1.4750	16.941	27.726	913.52	-0.0071115	undefined	undefined	liquid
22.180	26.408	167.01	0.0059875	-0.035980	-0.031588	-1.4750	16.941	27.726	913.52	-0.0071115	undefined	undefined	liquid
22.180	26.412	167.01	0.0059875	-0.035980	-0.031588	-1.4750	16.941	27.726	913.52	-0.0071115	undefined	undefined	liquid
22.180	26.416	167.01	0.0059875	-0.035980	-0.031587	-1.4750	16.941	27.726	913.52	-0.0071115	undefined	undefined	liquid
22.180	26.420	167.01	0.0059875	-0.035980	-0.031587	-1.4750	16.941	27.726	913.52	-0.0071115	undefined	undefined	liquid
22.180	26.424	167.01	0.0059875	-0.035981	-0.031586	-1.4750	16.941	27.726	913.53	-0.0071115	undefined	undefined	liquid
22.180	26.429	167.01	0.0059875	-0.035981	-0.031586	-1.4751	16.941	27.726	913.53	-0.0071115	undefined	undefined	liquid
22.180	26.433	167.01	0.0059875	-0.035981	-0.031585	-1.4751	16.941	27.726	913.53	-0.0071116	undefined	undefined	liquid
22.180	26.437	167.01	0.0059875	-0.035981	-0.031585	-1.4751	16.941	27.726	913.53	-0.0071116	undefined	undefined	liquid
22.180	26.441	167.01	0.0059875	-0.035981	-0.031584	-1.4751	16.941	27.726	913.53	-0.0071116	undefined	undefined	liquid
22.180	26.445	167.01	0.0059875	-0.035982	-0.031584	-1.4751	16.941	27.726	913.53	-0.0071116	undefined	undefined	liquid
22.180	26.450	167.01	0.0059875	-0.035982	-0.031584	-1.4751	16.941	27.726	913.53	-0.0071116	undefined	undefined	liquid
22.180	26.454	167.01	0.0059875	-0.035982	-0.031583	-1.4751	16.941	27.726	913.53	-0.0071116	undefined	undefined	liquid
22.180	26.458	167.01	0.0059875	-0.035982	-0.031583	-1.4751	16.941	27.726	913.53	-0.0071116	undefined	undefined	liquid
22.180	26.462	167.01	0.0059875	-0.035983	-0.031582	-1.4751	16.941	27.726	913.53	-0.0071117	undefined	undefined	liquid
22.180	26.466	167.01	0.0059875	-0.035983	-0.031582	-1.4751	16.941	27.726	913.53	-0.0071117	undefined	undefined	liquid
22.180	26.471	167.01	0.0059875	-0.035983	-0.031581	-1.4752	16.941	27.726	913.53	-0.0071117	undefined	undefined	liquid
22.180	26.475	167.01	0.0059875	-0.035983	-0.031581	-1.4752	16.941	27.726	913.53	-0.0071117	undefined	undefined	liquid
22.180	26.479	167.01	0.0059875	-0.035984	-0.031580	-1.4752	16.941	27.726	913.53	-0.0071117	undefined	undefined	liquid
22.180	26.483	167.01	0.0059875	-0.035984	-0.031580	-1.4752	16.941	27.726	913.53	-0.0071117	undefined	undefined	liquid
22.180	26.487	167.01	0.0059875	-0.035984	-0.031579	-1.4752	16.941	27.726	913.53	-0.0071117	undefined	undefined	liquid
22.180	26.492	167.01	0.0059875	-0.035984	-0.031579	-1.4752	16.941	27.726	913.53	-0.0071117	undefined	undefined	liquid
22.180	26.496	167.01	0.0059875	-0.035985	-0.031578	-1.4752	16.941	27.726	913.53	-0.0071118	undefined	undefined	liquid
22.180	26.500	167.01	0.0059875	-0.035985	-0.031578	-1.4752	16.941	27.726	913.54	-0.0071118	undefined	undefined	liquid
22.180	26.504	167.01	0.0059875	-0.035985	-0.031578	-1.4752	16.941	27.726	913.54	-0.0071118	undefined	undefined	liquid
22.180	26.508	167.01	0.0059875	-0.035985	-0.031577	-1.4753	16.941	27.726	913.54	-0.0071118	undefined	undefined	liquid
22.180	26.513	167.01	0.0059875	-0.035985	-0.031577	-1.4753	16.941	27.726	913.54	-0.0071118	undefined	undefined	liquid
22.180	26.517	167.02	0.0059875	-0.035986	-0.031576	-1.4753	16.941	27.726	913.54	-0.0071118	undefined	undefined	liquid
22.180	26.521	167.02	0.0059875	-0.035986	-0.031576	-1.4753	16.941	27.726	913.54	-0.0071118	undefined	undefined	liquid
22.180	26.525	167.02	0.0059875	-0.035986	-0.031575	-1.4753	16.941	27.726	913.54	-0.0071119	undefined	undefined	liquid
22.180	26.529	167.02	0.0059875	-0.035986	-0.031575	-1.4753	16.941	27.726	913.54	-0.0071119	undefined	undefined	liquid
22.180	26.534	167.02	0.0059875	-0.035987	-0.031574	-1.4753	16.941	27.726	913.54	-0.0071119	undefined	undefined	liquid
22.180	26.538	167.02	0.0059875	-0.035987	-0.031574	-1.4753	16.941	27.726	913.54	-0.0071119	undefined	undefined	liquid
22.180	26.542	167.02	0.0059875	-0.035987	-0.031573	-1.4753	16.941	27.726	913.54	-0.0071119	undefined	undefined	liquid
22.180	26.546	167.02	0.0059875	-0.035987	-0.031573	-1.4754	16.941	27.726	913.54	-0.0071119	undefined	undefined	liquid
22.180	26.550	167.02	0.0059875	-0.035988	-0.031572	-1.4754	16.941	27.726	913.54	-0.0071119	undefined	undefined	liquid
22.180	26.555	167.02	0.0059875	-0.035988	-0.031572	-1.4754	16.941	27.726	913.54	-0.0071119	undefined	undefined	liquid
22.180	26.559	167.02	0.0059875	-0.035988	-0.031572	-1.4754	16.941	27.726	913.54	-0.0071120	undefined	undefined	liquid
22.180	26.563	167.02	0.0059875	-0.035988	-0.031571	-1.4754	16.941	27.726	913.54	-0.0071120	undefined	undefined	liquid
22.180	26.567	167.02	0.0059875	-0.035989	-0.031571	-1.4754	16.941	27.726	913.54	-0.0071120	undefined	undefined	liquid
22.180	26.571	167.02	0.0059875	-0.035989	-0.031570	-1.4754	16.941	27.726	913.54	-0.0071120	undefined	undefined	liquid
22.180	26.576	167.02	0.0059875	-0.035989	-0.031570	-1.4754	16.941	27.726	913.54	-0.0071120	undefined	undefined	liquid
22.180	26.580	167.02	0.0059875	-0.035989	-0.031569	-1.4754	16.941	27.725	913.55	-0.0071120	undefined	undefined	liquid
22.180	26.584	167.02	0.0059875	-0.035990	-0.031569	-1.4755	16.941	27.725	913.55	-0.0071120	undefined	undefined	liquid
22.180	26.588	167.02	0.0059874	-0.035990	-0.031568	-1.4755	16.941	27.725	913.55	-0.0071121	undefined	undefined	liquid
22.180	26.592	167.02	0.0059874	-0.035990	-0.031568	-1.4755	16.941	27.725	913.55	-0.0071121	undefined	undefined	liquid
22.180	26.597	167.02	0.0059874	-0.035990	-0.031567	-1.4755	16.941	27.725	913.55	-0.0071121	undefined	undefined	liquid
22.180	26.601	167.02	0.0059874	-0.035990	-0.031567	-1.4755	16.941	27.725	913.55	-0.0071121	undefined	undefined	liquid
22.180	26.605	167.02	0.0059874	-0.035991	-0.031566	-1.4755	16.941	27.725	913.55	-0.0071121	undefined	undefined	liquid
22.180	26.609	167.02	0.0059874	-0.035991	-0.031566	-1.4755	16.941	27.725	913.55	-0.0071121	undefined	undefined	liquid
22.180	26.613	167.02	0.0059874	-0.035991	-0.031566	-1.4755	16.941	27.725	913.55	-0.0071121	undefined	undefined	liquid
22.180	26.618	167.02	0.0059874	-0.035991	-0.031565	-1.4755	16.941	27.725	913.55	-0.0071121	undefined	undefined	liquid
22.180	26.622	167.02	0.0059874	-0.035992	-0.031565	-1.4755	16.941	27.725	913.55	-0.0071122	undefined	undefined	liquid
22.180	26.626	167.02	0.0059874	-0.035992	-0.031564	-1.4756	16.941	27.725	913.55	-0.0071122	undefined	undefined	liquid
22.180	26.630	167.02	0.0059874	-0.035992	-0.031564	-1.4756	16.941	27.725	913.55	-0.0071122	undefined	undefined	liquid
22.180	26.634	167.02	0.0059874	-0.035992	-0.031563	-1.4756	16.941	27.725	913.55	-0.0071122	undefined	undefined	liquid
22.180	26.639	167.02	0.0059874	-0.035993	-0.031563	-1.4756	16.941	27.725	913.55	-0.0071122	undefined	undefined	liquid
22.180	26.643	167.02	0.0059874	-0.035993	-0.031562	-1.4756	16.941	27.725	913.55	-0.0071122	undefined	undefined	liquid
22.180	26.647	167.02	0.0059874	-0.035993	-0.031562	-1.4756	16.941	27.725	913.55	-0.0071122	undefined	undefined	liquid
22.180	26.651	167.02	0.0059874	-0.035993	-0.031561	-1.4756	16.941	27.725	913.55	-0.0071123	undefined	undefined	liquid
22.180	26.655	167.02	0.0059874	-0.035994	-0.031561	-1.4756	16.941	27.725	913.56	-0.0071123	undefined	undefined	liquid
22.180	26.660	167.02	0.0059874	-0.035994	-0.031561	-1.4756	16.941	27.725	913.56	-0.0071123	undefined	undefined	liquid
22.180	26.664	167.02	0.0059874	-0.035994	-0.031560	-1.4757	16.941	27.725	913.56	-0.0071123	undefined	undefined	liquid
22.180	26.668	167.02	0.0059874	-0.035994	-0.031560	-1.4757	16.941	27.725	913.56	-0.0071123	undefined	undefined	liquid
22.180	26.672	167.02	0.0059874	-0.035994	-0.031559	-1.4757	16.941	27.725	913.56	-0.0071123	undefined	undefined	liquid
22.180	26.676	167.02	0.0059874	-0.035995	-0.031559	-1.4757	16.941	27.725	913.56	-0.0071123	undefined	undefined	liquid
22.180	26.681	167.02	0.0059874	-0.035995	-0.031558	-1.4757	16.941	27.725	913.56	-0.0071123	undefined	undefined	liquid
22.180	26.685	167.02	0.0059874	-0.035995	-0.031558	-1.4757	16.941	27.725	913.56	-0.0071124	undefined	undefined	liquid
22.180	26.689	167.02	0.0059874	-0.035995	-0.031557	-1.4757	16.941	27.725	913.56	-0.0071124	undefined	undefined	liquid
22.180	26.693	167.02	0.0059874	-0.035996	-0.031557	-1.4757	16.941	27.725	913.56	-0.0071124	undefined	undefined	liquid
22.180	26.697	167.02	0.0059874	-0.035996	-0.031556	-1.4757	16.941	27.725	913.56	-0.0071124	undefined	undefined	liquid
22.180	26.702	167.02	0.0059874	-0.035996	-0.031556	-1.4758	16.941	27.725	913.56	-0.0071124	undefined	undefined	liquid
22.180	26.706	167.02	0.0059874	-0.035996	-0.031555	-1.4758	16.941	27.725	913.56	-0.0071124	undefined	undefined	liquid
22.180	26.710	167.02	0.0059874	-0.035997	-0.031555	-1.4758	16.941	27.725	913.56	-0.0071124	undefined	undefined	liquid
22.180	26.714	167.02	0.0059874	-0.035997	-0.031555	-1.4758	16.941	27.725	913.56	-0.0071125	undefined	undefined	liquid
22.180	26.718	167.02	0.0059874	-0.035997	-0.031554	-1.4758	16.941	27.725	913.56	-0.0071125	undefined	undefined	liquid
22.180	26.723	167.02	0.0059874	-0.035997	-0.031554	-1.4758	16.941	27.725	913.56	-0.0071125	undefined	undefined	liquid
22.180	26.727	167.02	0.0059874	-0.035998	-0.031553	-1.4758	16.941	27.725	913.56	-0.0071125	undefined	undefined	liquid
22.180	26.731	167.02	0.0059874	-0.035998	-0.031553	-1.4758	16.941	27.725	913.56	-0.0071125	undefined	undefined	liquid
22.180	26.735	167.02	0.0059874	-0.035998	-0.031552	-1.4758	16.941	27.725	913.57	-0.0071125	undefined	undefined	liquid
22.180	26.739	167.02	0.0059874	-0.035998	-0.031552	-1.4758	16.941	27.725	913.57	-0.0071125	undefined	undefined	liquid
22.180	26.744	167.02	0.0059874	-0.035999	-0.031551	-1.4759	16.941	27.725	913.57	-0.0071125	undefined	undefined	liquid
22.180	26.748	167.02	0.0059874	-0.035999	-0.031551	-1.4759	16.941	27.725	913.57	-0.0071126	undefined	undefined	liquid
22.180	26.752	167.02	0.0059874	-0.035999	-0.031550	-1.4759	16.941	27.725	913.57	-0.0071126	undefined	undefined	liquid
22.180	26.756	167.02	0.0059874	-0.035999	-0.031550	-1.4759	16.941	27.725	913.57	-0.0071126	undefined	undefined	liquid
22.180	26.760	167.02	0.0059874	-0.035999	-0.031549	-1.4759	16.942	27.724	913.57	-0.0071126	undefined	undefined	liquid
22.180	26.765	167.02	0.0059874	-0.036000	-0.031549	-1.4759	16.942	27.724	913.57	-0.0071126	undefined	undefined	liquid
22.180	26.769	167.02	0.0059874	-0.036000	-0.031549	-1.4759	16.942	27.724	913.57	-0.0071126	undefined	undefined	liquid
22.180	26.773	167.02	0.0059874	-0.036000	-0.031548	-1.4759	16.942	27.724	913.57	-0.0071126	undefined	undefined	liquid
22.180	26.777	167.02	0.0059874	-0.036000	-0.031548	-1.4759	16.942	27.724	913.57	-0.0071127	undefined	undefined	liquid
22.180	26.781	167.02	0.0059874	-0.036001	-0.031547	-1.4760	16.942	27.724	913.57	-0.0071127	undefined	undefined	liquid
22.180	26.786	167.02	0.0059874	-0.036001	-0.031547	-1.4760	16.942	27.724	913.57	-0.0071127	undefined	undefined	liquid
22.180	26.790	167.02	0.0059874	-0.036001	-0.031546	-1.4760	16.942	27.724	913.57	-0.0071127	undefined	undefined	liquid
22.180	26.794	167.02	0.0059873	-0.036001	-0.031546	-1.4760	16.942	27.724	913.57	-0.0071127	undefined	undefined	liquid
22.180	26.798	167.02	0.0059873	-0.036002	-0.031545	-1.4760	16.942	27.724	913.57	-0.0071127	undefined	undefined	liquid
22.180	26.802	167.02	0.0059873	-0.036002	-0.031545	-1.4760	16.942	27.724	913.57	-0.0071127	undefined	undefined	liquid
22.180	26.807	167.02	0.0059873	-0.036002	-0.031544	-1.4760	16.942	27.724	913.57	-0.0071127	undefined	undefined	liquid
22.180	26.811	167.02	0.0059873	-0.036002	-0.031544	-1.4760	16.942	27.724	913.58	-0.0071128	undefined	undefined	liquid
22.180	26.815	167.02	0.0059873	-0.036003	-0.031543	-1.4760	16.942	27.724	913.58	-0.0071128	undefined	undefined	liquid
22.180	26.819	167.02	0.0059873	-0.036003	-0.031543	-1.4761	16.942	27.724	913.58	-0.0071128	undefined	undefined	liquid
22.180	26.823	167.02	0.0059873	-0.036003	-0.031543	-1.4761	16.942	27.724	913.58	-0.0071128	undefined	undefined	liquid
22.180	26.828	167.02	0.0059873	-0.036003	-0.031542	-1.4761	16.942	27.724	913.58	-0.0071128	undefined	undefined	liquid
22.180	26.832	167.02	0.0059873	-0.036003	-0.031542	-1.4761	16.942	27.724	913.58	-0.0071128	undefined	undefined	liquid
22.180	26.836	167.02	0.0059873	-0.036004	-0.031541	-1.4761	16.942	27.724	913.58	-0.0071128	undefined	undefined	liquid
22.180	26.840	167.02	0.0059873	-0.036004	-0.031541	-1.4761	16.942	27.724	913.58	-0.0071129	undefined	undefined	liquid
22.180	26.844	167.02	0.0059873	-0.036004	-0.031540	-1.4761	16.942	27.724	913.58	-0.0071129	undefined	undefined	liquid
22.180	26.849	167.02	0.0059873	-0.036004	-0.031540	-1.4761	16.942	27.724	913.58	-0.0071129	undefined	undefined	liquid
22.180	26.853	167.02	0.0059873	-0.036005	-0.031539	-1.4761	16.942	27.724	913.58	-0.0071129	undefined	undefined	liquid
22.180	26.857	167.02	0.0059873	-0.036005	-0.031539	-1.4761	16.942	27.724	913.58	-0.0071129	undefined	undefined	liquid
22.180	26.861	167.02	0.0059873	-0.036005	-0.031538	-1.4762	16.942	27.724	913.58	-0.0071129	undefined	undefined	liquid
22.180	26.865	167.02	0.0059873	-0.036005	-0.031538	-1.4762	16.942	27.724	913.58	-0.0071129	undefined	undefined	liquid
22.180	26.870	167.02	0.0059873	-0.036006	-0.031538	-1.4762	16.942	27.724	913.58	-0.0071129	undefined	undefined	liquid
22.180	26.874	167.02	0.0059873	-0.036006	-0.031537	-1.4762	16.942	27.724	913.58	-0.0071130	undefined	undefined	liquid
22.180	26.878	167.02	0.0059873	-0.036006	-0.031537	-1.4762	16.942	27.724	913.58	-0.0071130	undefined	undefined	liquid
22.180	26.882	167.02	0.0059873	-0.036006	-0.031536	-1.4762	16.942	27.724	913.58	-0.0071130	undefined	undefined	liquid
22.180	26.886	167.02	0.0059873	-0.036007	-0.031536	-1.4762	16.942	27.724	913.58	-0.0071130	undefined	undefined	liquid
22.180	26.891	167.02	0.0059873	-0.036007	-0.031535	-1.4762	16.942	27.724	913.59	-0.0071130	undefined	undefined	liquid
22.180	26.895	167.02	0.0059873	-0.036007	-0.031535	-1.4762	16.942	27.724	913.59	-0.0071130	undefined	undefined	liquid
22.180	26.899	167.02	0.0059873	-0.036007	-0.031534	-1.4763	16.942	27.724	913.59	-0.0071130	undefined	undefined	liquid
22.180	26.903	167.02	0.0059873	-0.036008	-0.031534	-1.4763	16.942	27.724	913.59	-0.0071131	undefined	undefined	liquid
22.180	26.907	167.02	0.0059873	-0.036008	-0.031533	-1.4763	16.942	27.724	913.59	-0.0071131	undefined	undefined	liquid
22.180	26.912	167.02	0.0059873	-0.036008	-0.031533	-1.4763	16.942	27.724	913.59	-0.0071131	undefined	undefined	liquid
22.180	26.916	167.02	0.0059873	-0.036008	-0.031532	-1.4763	16.942	27.724	913.59	-0.0071131	undefined	undefined	liquid
22.180	26.920	167.02	0.0059873	-0.036008	-0.031532	-1.4763	16.942	27.724	913.59	-0.0071131	undefined	undefined	liquid
