Temperature (K)	Pressure (psia)	Density (kg/m3)	Volume (m3/kg)	Internal Energy (kJ/mol)	Enthalpy (kJ/mol)	Entropy (J/mol*K)	Cv (J/mol*K)	Cp (J/mol*K)	Sound Spd. (m/s)	Joule-Thomson (F/psia)	Viscosity (uPa*s)	Therm. Cond. (W/m*K)	Phase
22.390	25.600	68.399	0.014620	0.038414	0.043617	1.9380	11.671	22.255	1057.8	-0.0090793	11.402	0.10531	liquid
22.390	25.604	68.399	0.014620	0.038414	0.043617	1.9380	11.671	22.255	1057.8	-0.0090794	11.402	0.10531	liquid
22.390	25.607	68.399	0.014620	0.038414	0.043617	1.9379	11.671	22.255	1057.8	-0.0090794	11.402	0.10531	liquid
22.390	25.610	68.399	0.014620	0.038413	0.043618	1.9379	11.671	22.255	1057.8	-0.0090795	11.402	0.10531	liquid
22.390	25.614	68.399	0.014620	0.038413	0.043618	1.9379	11.671	22.255	1057.8	-0.0090795	11.402	0.10531	liquid
22.390	25.617	68.399	0.014620	0.038413	0.043619	1.9379	11.671	22.255	1057.8	-0.0090795	11.402	0.10531	liquid
22.390	25.621	68.399	0.014620	0.038412	0.043619	1.9379	11.671	22.255	1057.8	-0.0090796	11.402	0.10531	liquid
22.390	25.624	68.399	0.014620	0.038412	0.043619	1.9379	11.671	22.255	1057.8	-0.0090796	11.402	0.10531	liquid
22.390	25.628	68.399	0.014620	0.038412	0.043620	1.9379	11.671	22.255	1057.8	-0.0090797	11.402	0.10531	liquid
22.390	25.631	68.399	0.014620	0.038412	0.043620	1.9378	11.671	22.255	1057.8	-0.0090797	11.402	0.10531	liquid
22.390	25.635	68.399	0.014620	0.038411	0.043621	1.9378	11.671	22.255	1057.8	-0.0090798	11.402	0.10531	liquid
22.390	25.638	68.399	0.014620	0.038411	0.043621	1.9378	11.671	22.254	1057.8	-0.0090798	11.402	0.10531	liquid
22.390	25.642	68.399	0.014620	0.038411	0.043621	1.9378	11.671	22.254	1057.8	-0.0090798	11.402	0.10531	liquid
22.390	25.645	68.399	0.014620	0.038410	0.043622	1.9378	11.671	22.254	1057.8	-0.0090799	11.402	0.10531	liquid
22.390	25.649	68.399	0.014620	0.038410	0.043622	1.9378	11.671	22.254	1057.8	-0.0090799	11.402	0.10531	liquid
22.390	25.652	68.399	0.014620	0.038410	0.043622	1.9378	11.671	22.254	1057.8	-0.0090800	11.402	0.10531	liquid
22.390	25.656	68.400	0.014620	0.038409	0.043623	1.9377	11.671	22.254	1057.8	-0.0090800	11.402	0.10531	liquid
22.390	25.659	68.400	0.014620	0.038409	0.043623	1.9377	11.671	22.254	1057.8	-0.0090801	11.402	0.10531	liquid
22.390	25.663	68.400	0.014620	0.038409	0.043624	1.9377	11.671	22.254	1057.8	-0.0090801	11.402	0.10531	liquid
22.390	25.666	68.400	0.014620	0.038408	0.043624	1.9377	11.671	22.254	1057.8	-0.0090801	11.402	0.10531	liquid
22.390	25.670	68.400	0.014620	0.038408	0.043624	1.9377	11.671	22.254	1057.8	-0.0090802	11.403	0.10531	liquid
22.390	25.673	68.400	0.014620	0.038408	0.043625	1.9377	11.671	22.254	1057.8	-0.0090802	11.403	0.10531	liquid
22.390	25.677	68.400	0.014620	0.038407	0.043625	1.9377	11.671	22.254	1057.8	-0.0090803	11.403	0.10531	liquid
22.390	25.680	68.400	0.014620	0.038407	0.043626	1.9376	11.671	22.254	1057.8	-0.0090803	11.403	0.10531	liquid
22.390	25.684	68.400	0.014620	0.038407	0.043626	1.9376	11.671	22.254	1057.8	-0.0090804	11.403	0.10531	liquid
22.390	25.687	68.400	0.014620	0.038407	0.043626	1.9376	11.671	22.254	1057.8	-0.0090804	11.403	0.10531	liquid
22.390	25.691	68.400	0.014620	0.038406	0.043627	1.9376	11.671	22.254	1057.8	-0.0090804	11.403	0.10531	liquid
22.390	25.694	68.400	0.014620	0.038406	0.043627	1.9376	11.671	22.254	1057.8	-0.0090805	11.403	0.10531	liquid
22.390	25.698	68.400	0.014620	0.038406	0.043628	1.9376	11.671	22.254	1057.8	-0.0090805	11.403	0.10531	liquid
22.390	25.701	68.400	0.014620	0.038405	0.043628	1.9376	11.671	22.254	1057.8	-0.0090806	11.403	0.10531	liquid
22.390	25.705	68.400	0.014620	0.038405	0.043628	1.9375	11.671	22.254	1057.8	-0.0090806	11.403	0.10531	liquid
22.390	25.708	68.400	0.014620	0.038405	0.043629	1.9375	11.671	22.254	1057.8	-0.0090806	11.403	0.10531	liquid
22.390	25.712	68.400	0.014620	0.038404	0.043629	1.9375	11.671	22.254	1057.8	-0.0090807	11.403	0.10531	liquid
22.390	25.715	68.400	0.014620	0.038404	0.043630	1.9375	11.671	22.254	1057.8	-0.0090807	11.403	0.10531	liquid
22.390	25.719	68.400	0.014620	0.038404	0.043630	1.9375	11.671	22.254	1057.8	-0.0090808	11.403	0.10531	liquid
22.390	25.722	68.400	0.014620	0.038403	0.043630	1.9375	11.671	22.254	1057.8	-0.0090808	11.403	0.10531	liquid
22.390	25.726	68.400	0.014620	0.038403	0.043631	1.9375	11.671	22.254	1057.8	-0.0090809	11.403	0.10531	liquid
22.390	25.729	68.400	0.014620	0.038403	0.043631	1.9374	11.671	22.253	1057.8	-0.0090809	11.403	0.10531	liquid
22.390	25.733	68.400	0.014620	0.038402	0.043632	1.9374	11.671	22.253	1057.8	-0.0090809	11.403	0.10531	liquid
22.390	25.736	68.400	0.014620	0.038402	0.043632	1.9374	11.671	22.253	1057.8	-0.0090810	11.403	0.10531	liquid
22.390	25.740	68.401	0.014620	0.038402	0.043632	1.9374	11.671	22.253	1057.8	-0.0090810	11.403	0.10531	liquid
22.390	25.743	68.401	0.014620	0.038401	0.043633	1.9374	11.671	22.253	1057.8	-0.0090811	11.403	0.10531	liquid
22.390	25.747	68.401	0.014620	0.038401	0.043633	1.9374	11.671	22.253	1057.8	-0.0090811	11.403	0.10531	liquid
22.390	25.750	68.401	0.014620	0.038401	0.043633	1.9374	11.671	22.253	1057.8	-0.0090812	11.403	0.10531	liquid
22.390	25.754	68.401	0.014620	0.038401	0.043634	1.9373	11.671	22.253	1057.8	-0.0090812	11.403	0.10531	liquid
22.390	25.757	68.401	0.014620	0.038400	0.043634	1.9373	11.671	22.253	1057.9	-0.0090812	11.403	0.10531	liquid
22.390	25.761	68.401	0.014620	0.038400	0.043635	1.9373	11.671	22.253	1057.9	-0.0090813	11.403	0.10531	liquid
22.390	25.764	68.401	0.014620	0.038400	0.043635	1.9373	11.671	22.253	1057.9	-0.0090813	11.403	0.10531	liquid
22.390	25.768	68.401	0.014620	0.038399	0.043635	1.9373	11.671	22.253	1057.9	-0.0090814	11.403	0.10531	liquid
22.390	25.771	68.401	0.014620	0.038399	0.043636	1.9373	11.671	22.253	1057.9	-0.0090814	11.403	0.10531	liquid
22.390	25.775	68.401	0.014620	0.038399	0.043636	1.9373	11.671	22.253	1057.9	-0.0090815	11.403	0.10531	liquid
22.390	25.778	68.401	0.014620	0.038398	0.043637	1.9372	11.671	22.253	1057.9	-0.0090815	11.403	0.10531	liquid
22.390	25.782	68.401	0.014620	0.038398	0.043637	1.9372	11.671	22.253	1057.9	-0.0090815	11.403	0.10531	liquid
22.390	25.785	68.401	0.014620	0.038398	0.043637	1.9372	11.671	22.253	1057.9	-0.0090816	11.403	0.10531	liquid
22.390	25.789	68.401	0.014620	0.038397	0.043638	1.9372	11.671	22.253	1057.9	-0.0090816	11.403	0.10531	liquid
22.390	25.792	68.401	0.014620	0.038397	0.043638	1.9372	11.671	22.253	1057.9	-0.0090817	11.403	0.10531	liquid
22.390	25.796	68.401	0.014620	0.038397	0.043639	1.9372	11.671	22.253	1057.9	-0.0090817	11.403	0.10531	liquid
22.390	25.799	68.401	0.014620	0.038396	0.043639	1.9372	11.671	22.253	1057.9	-0.0090818	11.403	0.10531	liquid
22.390	25.803	68.401	0.014620	0.038396	0.043639	1.9372	11.671	22.253	1057.9	-0.0090818	11.403	0.10531	liquid
22.390	25.806	68.401	0.014620	0.038396	0.043640	1.9371	11.671	22.253	1057.9	-0.0090818	11.403	0.10531	liquid
22.390	25.810	68.401	0.014620	0.038395	0.043640	1.9371	11.671	22.253	1057.9	-0.0090819	11.403	0.10531	liquid
22.390	25.813	68.401	0.014620	0.038395	0.043641	1.9371	11.671	22.253	1057.9	-0.0090819	11.403	0.10531	liquid
22.390	25.817	68.401	0.014620	0.038395	0.043641	1.9371	11.671	22.252	1057.9	-0.0090820	11.403	0.10531	liquid
22.390	25.820	68.401	0.014620	0.038395	0.043641	1.9371	11.671	22.252	1057.9	-0.0090820	11.403	0.10531	liquid
22.390	25.824	68.402	0.014620	0.038394	0.043642	1.9371	11.671	22.252	1057.9	-0.0090820	11.403	0.10531	liquid
22.390	25.827	68.402	0.014620	0.038394	0.043642	1.9371	11.671	22.252	1057.9	-0.0090821	11.404	0.10531	liquid
22.390	25.831	68.402	0.014620	0.038394	0.043643	1.9370	11.671	22.252	1057.9	-0.0090821	11.404	0.10531	liquid
22.390	25.834	68.402	0.014620	0.038393	0.043643	1.9370	11.671	22.252	1057.9	-0.0090822	11.404	0.10531	liquid
22.390	25.838	68.402	0.014620	0.038393	0.043643	1.9370	11.671	22.252	1057.9	-0.0090822	11.404	0.10531	liquid
22.390	25.841	68.402	0.014620	0.038393	0.043644	1.9370	11.671	22.252	1057.9	-0.0090823	11.404	0.10531	liquid
22.390	25.845	68.402	0.014620	0.038392	0.043644	1.9370	11.671	22.252	1057.9	-0.0090823	11.404	0.10531	liquid
22.390	25.848	68.402	0.014619	0.038392	0.043644	1.9370	11.671	22.252	1057.9	-0.0090823	11.404	0.10531	liquid
22.390	25.852	68.402	0.014619	0.038392	0.043645	1.9370	11.671	22.252	1057.9	-0.0090824	11.404	0.10531	liquid
22.390	25.855	68.402	0.014619	0.038391	0.043645	1.9369	11.671	22.252	1057.9	-0.0090824	11.404	0.10531	liquid
22.390	25.859	68.402	0.014619	0.038391	0.043646	1.9369	11.671	22.252	1057.9	-0.0090825	11.404	0.10531	liquid
22.390	25.862	68.402	0.014619	0.038391	0.043646	1.9369	11.671	22.252	1057.9	-0.0090825	11.404	0.10531	liquid
22.390	25.866	68.402	0.014619	0.038390	0.043646	1.9369	11.671	22.252	1057.9	-0.0090826	11.404	0.10531	liquid
22.390	25.869	68.402	0.014619	0.038390	0.043647	1.9369	11.671	22.252	1057.9	-0.0090826	11.404	0.10531	liquid
22.390	25.873	68.402	0.014619	0.038390	0.043647	1.9369	11.671	22.252	1057.9	-0.0090826	11.404	0.10531	liquid
22.390	25.876	68.402	0.014619	0.038389	0.043648	1.9369	11.671	22.252	1057.9	-0.0090827	11.404	0.10531	liquid
22.390	25.880	68.402	0.014619	0.038389	0.043648	1.9368	11.671	22.252	1057.9	-0.0090827	11.404	0.10531	liquid
22.390	25.883	68.402	0.014619	0.038389	0.043648	1.9368	11.671	22.252	1057.9	-0.0090828	11.404	0.10531	liquid
22.390	25.887	68.402	0.014619	0.038389	0.043649	1.9368	11.671	22.252	1057.9	-0.0090828	11.404	0.10531	liquid
22.390	25.890	68.402	0.014619	0.038388	0.043649	1.9368	11.671	22.252	1057.9	-0.0090829	11.404	0.10531	liquid
22.390	25.894	68.402	0.014619	0.038388	0.043650	1.9368	11.671	22.252	1057.9	-0.0090829	11.404	0.10531	liquid
22.390	25.897	68.402	0.014619	0.038388	0.043650	1.9368	11.671	22.252	1057.9	-0.0090829	11.404	0.10531	liquid
22.390	25.901	68.402	0.014619	0.038387	0.043650	1.9368	11.671	22.252	1057.9	-0.0090830	11.404	0.10531	liquid
22.390	25.904	68.402	0.014619	0.038387	0.043651	1.9367	11.671	22.251	1057.9	-0.0090830	11.404	0.10531	liquid
22.390	25.908	68.402	0.014619	0.038387	0.043651	1.9367	11.671	22.251	1057.9	-0.0090831	11.404	0.10531	liquid
22.390	25.911	68.403	0.014619	0.038386	0.043652	1.9367	11.671	22.251	1057.9	-0.0090831	11.404	0.10531	liquid
22.390	25.915	68.403	0.014619	0.038386	0.043652	1.9367	11.671	22.251	1057.9	-0.0090832	11.404	0.10531	liquid
22.390	25.918	68.403	0.014619	0.038386	0.043652	1.9367	11.671	22.251	1057.9	-0.0090832	11.404	0.10531	liquid
22.390	25.922	68.403	0.014619	0.038385	0.043653	1.9367	11.671	22.251	1057.9	-0.0090832	11.404	0.10531	liquid
22.390	25.925	68.403	0.014619	0.038385	0.043653	1.9367	11.671	22.251	1057.9	-0.0090833	11.404	0.10531	liquid
22.390	25.929	68.403	0.014619	0.038385	0.043654	1.9366	11.671	22.251	1057.9	-0.0090833	11.404	0.10531	liquid
22.390	25.932	68.403	0.014619	0.038384	0.043654	1.9366	11.671	22.251	1057.9	-0.0090834	11.404	0.10531	liquid
22.390	25.936	68.403	0.014619	0.038384	0.043654	1.9366	11.671	22.251	1057.9	-0.0090834	11.404	0.10531	liquid
22.390	25.939	68.403	0.014619	0.038384	0.043655	1.9366	11.671	22.251	1057.9	-0.0090834	11.404	0.10531	liquid
22.390	25.943	68.403	0.014619	0.038384	0.043655	1.9366	11.671	22.251	1057.9	-0.0090835	11.404	0.10531	liquid
22.390	25.946	68.403	0.014619	0.038383	0.043655	1.9366	11.671	22.251	1057.9	-0.0090835	11.404	0.10531	liquid
22.390	25.950	68.403	0.014619	0.038383	0.043656	1.9366	11.671	22.251	1057.9	-0.0090836	11.404	0.10531	liquid
22.390	25.953	68.403	0.014619	0.038383	0.043656	1.9365	11.671	22.251	1057.9	-0.0090836	11.404	0.10531	liquid
22.390	25.957	68.403	0.014619	0.038382	0.043657	1.9365	11.671	22.251	1057.9	-0.0090837	11.404	0.10531	liquid
22.390	25.960	68.403	0.014619	0.038382	0.043657	1.9365	11.671	22.251	1057.9	-0.0090837	11.404	0.10531	liquid
22.390	25.964	68.403	0.014619	0.038382	0.043657	1.9365	11.671	22.251	1057.9	-0.0090837	11.404	0.10531	liquid
22.390	25.967	68.403	0.014619	0.038381	0.043658	1.9365	11.671	22.251	1057.9	-0.0090838	11.404	0.10531	liquid
22.390	25.971	68.403	0.014619	0.038381	0.043658	1.9365	11.671	22.251	1057.9	-0.0090838	11.404	0.10531	liquid
22.390	25.974	68.403	0.014619	0.038381	0.043659	1.9365	11.671	22.251	1057.9	-0.0090839	11.404	0.10531	liquid
22.390	25.978	68.403	0.014619	0.038380	0.043659	1.9364	11.671	22.251	1058.0	-0.0090839	11.404	0.10531	liquid
22.390	25.981	68.403	0.014619	0.038380	0.043659	1.9364	11.671	22.251	1058.0	-0.0090840	11.405	0.10531	liquid
22.390	25.985	68.403	0.014619	0.038380	0.043660	1.9364	11.671	22.251	1058.0	-0.0090840	11.405	0.10531	liquid
22.390	25.988	68.403	0.014619	0.038379	0.043660	1.9364	11.671	22.251	1058.0	-0.0090840	11.405	0.10531	liquid
22.390	25.992	68.403	0.014619	0.038379	0.043661	1.9364	11.671	22.251	1058.0	-0.0090841	11.405	0.10531	liquid
22.390	25.995	68.404	0.014619	0.038379	0.043661	1.9364	11.671	22.250	1058.0	-0.0090841	11.405	0.10531	liquid
22.390	25.999	68.404	0.014619	0.038378	0.043661	1.9364	11.671	22.250	1058.0	-0.0090842	11.405	0.10531	liquid
22.390	26.002	68.404	0.014619	0.038378	0.043662	1.9363	11.671	22.250	1058.0	-0.0090842	11.405	0.10531	liquid
22.390	26.006	68.404	0.014619	0.038378	0.043662	1.9363	11.671	22.250	1058.0	-0.0090843	11.405	0.10531	liquid
22.390	26.009	68.404	0.014619	0.038378	0.043663	1.9363	11.671	22.250	1058.0	-0.0090843	11.405	0.10531	liquid
22.390	26.013	68.404	0.014619	0.038377	0.043663	1.9363	11.671	22.250	1058.0	-0.0090843	11.405	0.10531	liquid
22.390	26.016	68.404	0.014619	0.038377	0.043663	1.9363	11.671	22.250	1058.0	-0.0090844	11.405	0.10531	liquid
22.390	26.020	68.404	0.014619	0.038377	0.043664	1.9363	11.671	22.250	1058.0	-0.0090844	11.405	0.10531	liquid
22.390	26.023	68.404	0.014619	0.038376	0.043664	1.9363	11.671	22.250	1058.0	-0.0090845	11.405	0.10532	liquid
22.390	26.027	68.404	0.014619	0.038376	0.043665	1.9362	11.671	22.250	1058.0	-0.0090845	11.405	0.10532	liquid
22.390	26.030	68.404	0.014619	0.038376	0.043665	1.9362	11.671	22.250	1058.0	-0.0090846	11.405	0.10532	liquid
22.390	26.034	68.404	0.014619	0.038375	0.043665	1.9362	11.671	22.250	1058.0	-0.0090846	11.405	0.10532	liquid
22.390	26.037	68.404	0.014619	0.038375	0.043666	1.9362	11.671	22.250	1058.0	-0.0090846	11.405	0.10532	liquid
22.390	26.041	68.404	0.014619	0.038375	0.043666	1.9362	11.671	22.250	1058.0	-0.0090847	11.405	0.10532	liquid
22.390	26.044	68.404	0.014619	0.038374	0.043667	1.9362	11.671	22.250	1058.0	-0.0090847	11.405	0.10532	liquid
22.390	26.048	68.404	0.014619	0.038374	0.043667	1.9362	11.671	22.250	1058.0	-0.0090848	11.405	0.10532	liquid
22.390	26.051	68.404	0.014619	0.038374	0.043667	1.9361	11.671	22.250	1058.0	-0.0090848	11.405	0.10532	liquid
22.390	26.055	68.404	0.014619	0.038373	0.043668	1.9361	11.671	22.250	1058.0	-0.0090848	11.405	0.10532	liquid
22.390	26.058	68.404	0.014619	0.038373	0.043668	1.9361	11.671	22.250	1058.0	-0.0090849	11.405	0.10532	liquid
22.390	26.062	68.404	0.014619	0.038373	0.043668	1.9361	11.671	22.250	1058.0	-0.0090849	11.405	0.10532	liquid
22.390	26.065	68.404	0.014619	0.038372	0.043669	1.9361	11.671	22.250	1058.0	-0.0090850	11.405	0.10532	liquid
22.390	26.069	68.404	0.014619	0.038372	0.043669	1.9361	11.671	22.250	1058.0	-0.0090850	11.405	0.10532	liquid
22.390	26.072	68.404	0.014619	0.038372	0.043670	1.9361	11.671	22.250	1058.0	-0.0090851	11.405	0.10532	liquid
22.390	26.076	68.404	0.014619	0.038372	0.043670	1.9360	11.671	22.250	1058.0	-0.0090851	11.405	0.10532	liquid
22.390	26.079	68.405	0.014619	0.038371	0.043670	1.9360	11.671	22.250	1058.0	-0.0090851	11.405	0.10532	liquid
22.390	26.083	68.405	0.014619	0.038371	0.043671	1.9360	11.671	22.249	1058.0	-0.0090852	11.405	0.10532	liquid
22.390	26.086	68.405	0.014619	0.038371	0.043671	1.9360	11.671	22.249	1058.0	-0.0090852	11.405	0.10532	liquid
22.390	26.090	68.405	0.014619	0.038370	0.043672	1.9360	11.671	22.249	1058.0	-0.0090853	11.405	0.10532	liquid
22.390	26.093	68.405	0.014619	0.038370	0.043672	1.9360	11.671	22.249	1058.0	-0.0090853	11.405	0.10532	liquid
22.390	26.097	68.405	0.014619	0.038370	0.043672	1.9360	11.671	22.249	1058.0	-0.0090854	11.405	0.10532	liquid
22.390	26.100	68.405	0.014619	0.038369	0.043673	1.9359	11.671	22.249	1058.0	-0.0090854	11.405	0.10532	liquid
22.390	26.104	68.405	0.014619	0.038369	0.043673	1.9359	11.671	22.249	1058.0	-0.0090854	11.405	0.10532	liquid
22.390	26.107	68.405	0.014619	0.038369	0.043674	1.9359	11.671	22.249	1058.0	-0.0090855	11.405	0.10532	liquid
22.390	26.111	68.405	0.014619	0.038368	0.043674	1.9359	11.671	22.249	1058.0	-0.0090855	11.405	0.10532	liquid
22.390	26.114	68.405	0.014619	0.038368	0.043674	1.9359	11.671	22.249	1058.0	-0.0090856	11.405	0.10532	liquid
22.390	26.118	68.405	0.014619	0.038368	0.043675	1.9359	11.671	22.249	1058.0	-0.0090856	11.405	0.10532	liquid
22.390	26.121	68.405	0.014619	0.038367	0.043675	1.9359	11.671	22.249	1058.0	-0.0090857	11.405	0.10532	liquid
22.390	26.125	68.405	0.014619	0.038367	0.043676	1.9358	11.671	22.249	1058.0	-0.0090857	11.405	0.10532	liquid
22.390	26.128	68.405	0.014619	0.038367	0.043676	1.9358	11.671	22.249	1058.0	-0.0090857	11.405	0.10532	liquid
22.390	26.132	68.405	0.014619	0.038366	0.043676	1.9358	11.671	22.249	1058.0	-0.0090858	11.405	0.10532	liquid
22.390	26.135	68.405	0.014619	0.038366	0.043677	1.9358	11.671	22.249	1058.0	-0.0090858	11.405	0.10532	liquid
22.390	26.139	68.405	0.014619	0.038366	0.043677	1.9358	11.671	22.249	1058.0	-0.0090859	11.406	0.10532	liquid
22.390	26.142	68.405	0.014619	0.038366	0.043678	1.9358	11.671	22.249	1058.0	-0.0090859	11.406	0.10532	liquid
22.390	26.146	68.405	0.014619	0.038365	0.043678	1.9358	11.671	22.249	1058.0	-0.0090859	11.406	0.10532	liquid
22.390	26.149	68.405	0.014619	0.038365	0.043678	1.9357	11.671	22.249	1058.0	-0.0090860	11.406	0.10532	liquid
22.390	26.153	68.405	0.014619	0.038365	0.043679	1.9357	11.671	22.249	1058.0	-0.0090860	11.406	0.10532	liquid
22.390	26.156	68.405	0.014619	0.038364	0.043679	1.9357	11.671	22.249	1058.0	-0.0090861	11.406	0.10532	liquid
22.390	26.160	68.405	0.014619	0.038364	0.043679	1.9357	11.671	22.249	1058.0	-0.0090861	11.406	0.10532	liquid
22.390	26.163	68.405	0.014619	0.038364	0.043680	1.9357	11.671	22.249	1058.0	-0.0090862	11.406	0.10532	liquid
22.390	26.167	68.406	0.014619	0.038363	0.043680	1.9357	11.671	22.249	1058.0	-0.0090862	11.406	0.10532	liquid
22.390	26.170	68.406	0.014619	0.038363	0.043681	1.9357	11.671	22.248	1058.0	-0.0090862	11.406	0.10532	liquid
22.390	26.174	68.406	0.014619	0.038363	0.043681	1.9356	11.671	22.248	1058.0	-0.0090863	11.406	0.10532	liquid
22.390	26.177	68.406	0.014619	0.038362	0.043681	1.9356	11.671	22.248	1058.0	-0.0090863	11.406	0.10532	liquid
22.390	26.181	68.406	0.014619	0.038362	0.043682	1.9356	11.671	22.248	1058.0	-0.0090864	11.406	0.10532	liquid
22.390	26.184	68.406	0.014619	0.038362	0.043682	1.9356	11.671	22.248	1058.0	-0.0090864	11.406	0.10532	liquid
22.390	26.188	68.406	0.014619	0.038361	0.043683	1.9356	11.671	22.248	1058.0	-0.0090865	11.406	0.10532	liquid
22.390	26.191	68.406	0.014619	0.038361	0.043683	1.9356	11.671	22.248	1058.0	-0.0090865	11.406	0.10532	liquid
22.390	26.195	68.406	0.014619	0.038361	0.043683	1.9356	11.671	22.248	1058.0	-0.0090865	11.406	0.10532	liquid
22.390	26.198	68.406	0.014619	0.038361	0.043684	1.9355	11.671	22.248	1058.1	-0.0090866	11.406	0.10532	liquid
22.390	26.202	68.406	0.014619	0.038360	0.043684	1.9355	11.671	22.248	1058.1	-0.0090866	11.406	0.10532	liquid
22.390	26.205	68.406	0.014619	0.038360	0.043685	1.9355	11.671	22.248	1058.1	-0.0090867	11.406	0.10532	liquid
22.390	26.209	68.406	0.014619	0.038360	0.043685	1.9355	11.671	22.248	1058.1	-0.0090867	11.406	0.10532	liquid
22.390	26.212	68.406	0.014619	0.038359	0.043685	1.9355	11.671	22.248	1058.1	-0.0090868	11.406	0.10532	liquid
22.390	26.216	68.406	0.014619	0.038359	0.043686	1.9355	11.671	22.248	1058.1	-0.0090868	11.406	0.10532	liquid
22.390	26.219	68.406	0.014619	0.038359	0.043686	1.9355	11.671	22.248	1058.1	-0.0090868	11.406	0.10532	liquid
22.390	26.223	68.406	0.014619	0.038358	0.043687	1.9354	11.671	22.248	1058.1	-0.0090869	11.406	0.10532	liquid
22.390	26.226	68.406	0.014619	0.038358	0.043687	1.9354	11.671	22.248	1058.1	-0.0090869	11.406	0.10532	liquid
22.390	26.230	68.406	0.014619	0.038358	0.043687	1.9354	11.671	22.248	1058.1	-0.0090870	11.406	0.10532	liquid
22.390	26.233	68.406	0.014619	0.038357	0.043688	1.9354	11.671	22.248	1058.1	-0.0090870	11.406	0.10532	liquid
22.390	26.237	68.406	0.014619	0.038357	0.043688	1.9354	11.671	22.248	1058.1	-0.0090870	11.406	0.10532	liquid
22.390	26.240	68.406	0.014619	0.038357	0.043689	1.9354	11.671	22.248	1058.1	-0.0090871	11.406	0.10532	liquid
22.390	26.244	68.406	0.014619	0.038356	0.043689	1.9354	11.671	22.248	1058.1	-0.0090871	11.406	0.10532	liquid
22.390	26.247	68.406	0.014618	0.038356	0.043689	1.9353	11.671	22.248	1058.1	-0.0090872	11.406	0.10532	liquid
22.390	26.251	68.407	0.014618	0.038356	0.043690	1.9353	11.671	22.248	1058.1	-0.0090872	11.406	0.10532	liquid
22.390	26.254	68.407	0.014618	0.038355	0.043690	1.9353	11.671	22.248	1058.1	-0.0090873	11.406	0.10532	liquid
22.390	26.258	68.407	0.014618	0.038355	0.043690	1.9353	11.671	22.248	1058.1	-0.0090873	11.406	0.10532	liquid
22.390	26.261	68.407	0.014618	0.038355	0.043691	1.9353	11.671	22.247	1058.1	-0.0090873	11.406	0.10532	liquid
22.390	26.265	68.407	0.014618	0.038355	0.043691	1.9353	11.671	22.247	1058.1	-0.0090874	11.406	0.10532	liquid
22.390	26.268	68.407	0.014618	0.038354	0.043692	1.9353	11.671	22.247	1058.1	-0.0090874	11.406	0.10532	liquid
22.390	26.272	68.407	0.014618	0.038354	0.043692	1.9352	11.671	22.247	1058.1	-0.0090875	11.406	0.10532	liquid
22.390	26.275	68.407	0.014618	0.038354	0.043692	1.9352	11.671	22.247	1058.1	-0.0090875	11.406	0.10532	liquid
22.390	26.279	68.407	0.014618	0.038353	0.043693	1.9352	11.671	22.247	1058.1	-0.0090876	11.406	0.10532	liquid
22.390	26.282	68.407	0.014618	0.038353	0.043693	1.9352	11.671	22.247	1058.1	-0.0090876	11.406	0.10532	liquid
22.390	26.286	68.407	0.014618	0.038353	0.043694	1.9352	11.671	22.247	1058.1	-0.0090876	11.406	0.10532	liquid
22.390	26.289	68.407	0.014618	0.038352	0.043694	1.9352	11.671	22.247	1058.1	-0.0090877	11.406	0.10532	liquid
22.390	26.293	68.407	0.014618	0.038352	0.043694	1.9352	11.671	22.247	1058.1	-0.0090877	11.406	0.10532	liquid
22.390	26.296	68.407	0.014618	0.038352	0.043695	1.9351	11.671	22.247	1058.1	-0.0090878	11.407	0.10532	liquid
22.390	26.300	68.407	0.014618	0.038351	0.043695	1.9351	11.671	22.247	1058.1	-0.0090878	11.407	0.10532	liquid
22.390	26.303	68.407	0.014618	0.038351	0.043696	1.9351	11.671	22.247	1058.1	-0.0090879	11.407	0.10532	liquid
22.390	26.307	68.407	0.014618	0.038351	0.043696	1.9351	11.671	22.247	1058.1	-0.0090879	11.407	0.10532	liquid
22.390	26.310	68.407	0.014618	0.038350	0.043696	1.9351	11.671	22.247	1058.1	-0.0090879	11.407	0.10532	liquid
22.390	26.314	68.407	0.014618	0.038350	0.043697	1.9351	11.671	22.247	1058.1	-0.0090880	11.407	0.10532	liquid
22.390	26.317	68.407	0.014618	0.038350	0.043697	1.9351	11.671	22.247	1058.1	-0.0090880	11.407	0.10532	liquid
22.390	26.321	68.407	0.014618	0.038349	0.043698	1.9350	11.671	22.247	1058.1	-0.0090881	11.407	0.10532	liquid
22.390	26.324	68.407	0.014618	0.038349	0.043698	1.9350	11.671	22.247	1058.1	-0.0090881	11.407	0.10532	liquid
22.390	26.328	68.407	0.014618	0.038349	0.043698	1.9350	11.671	22.247	1058.1	-0.0090882	11.407	0.10532	liquid
22.390	26.331	68.407	0.014618	0.038349	0.043699	1.9350	11.671	22.247	1058.1	-0.0090882	11.407	0.10532	liquid
22.390	26.335	68.408	0.014618	0.038348	0.043699	1.9350	11.671	22.247	1058.1	-0.0090882	11.407	0.10532	liquid
22.390	26.338	68.408	0.014618	0.038348	0.043700	1.9350	11.671	22.247	1058.1	-0.0090883	11.407	0.10532	liquid
22.390	26.342	68.408	0.014618	0.038348	0.043700	1.9350	11.671	22.247	1058.1	-0.0090883	11.407	0.10532	liquid
22.390	26.345	68.408	0.014618	0.038347	0.043700	1.9349	11.671	22.247	1058.1	-0.0090884	11.407	0.10532	liquid
22.390	26.349	68.408	0.014618	0.038347	0.043701	1.9349	11.671	22.246	1058.1	-0.0090884	11.407	0.10532	liquid
22.390	26.352	68.408	0.014618	0.038347	0.043701	1.9349	11.671	22.246	1058.1	-0.0090884	11.407	0.10532	liquid
22.390	26.356	68.408	0.014618	0.038346	0.043701	1.9349	11.671	22.246	1058.1	-0.0090885	11.407	0.10532	liquid
22.390	26.359	68.408	0.014618	0.038346	0.043702	1.9349	11.671	22.246	1058.1	-0.0090885	11.407	0.10532	liquid
22.390	26.363	68.408	0.014618	0.038346	0.043702	1.9349	11.671	22.246	1058.1	-0.0090886	11.407	0.10532	liquid
22.390	26.366	68.408	0.014618	0.038345	0.043703	1.9349	11.671	22.246	1058.1	-0.0090886	11.407	0.10532	liquid
22.390	26.370	68.408	0.014618	0.038345	0.043703	1.9348	11.671	22.246	1058.1	-0.0090887	11.407	0.10532	liquid
22.390	26.373	68.408	0.014618	0.038345	0.043703	1.9348	11.671	22.246	1058.1	-0.0090887	11.407	0.10532	liquid
22.390	26.377	68.408	0.014618	0.038344	0.043704	1.9348	11.671	22.246	1058.1	-0.0090887	11.407	0.10532	liquid
22.390	26.380	68.408	0.014618	0.038344	0.043704	1.9348	11.671	22.246	1058.1	-0.0090888	11.407	0.10532	liquid
22.390	26.384	68.408	0.014618	0.038344	0.043705	1.9348	11.671	22.246	1058.1	-0.0090888	11.407	0.10532	liquid
22.390	26.387	68.408	0.014618	0.038344	0.043705	1.9348	11.671	22.246	1058.1	-0.0090889	11.407	0.10532	liquid
22.390	26.391	68.408	0.014618	0.038343	0.043705	1.9348	11.671	22.246	1058.1	-0.0090889	11.407	0.10532	liquid
22.390	26.394	68.408	0.014618	0.038343	0.043706	1.9347	11.671	22.246	1058.1	-0.0090890	11.407	0.10532	liquid
22.390	26.398	68.408	0.014618	0.038343	0.043706	1.9347	11.671	22.246	1058.1	-0.0090890	11.407	0.10532	liquid
22.390	26.401	68.408	0.014618	0.038342	0.043707	1.9347	11.671	22.246	1058.1	-0.0090890	11.407	0.10532	liquid
22.390	26.405	68.408	0.014618	0.038342	0.043707	1.9347	11.671	22.246	1058.1	-0.0090891	11.407	0.10532	liquid
22.390	26.408	68.408	0.014618	0.038342	0.043707	1.9347	11.671	22.246	1058.1	-0.0090891	11.407	0.10532	liquid
22.390	26.412	68.408	0.014618	0.038341	0.043708	1.9347	11.671	22.246	1058.1	-0.0090892	11.407	0.10532	liquid
22.390	26.415	68.408	0.014618	0.038341	0.043708	1.9347	11.671	22.246	1058.1	-0.0090892	11.407	0.10532	liquid
22.390	26.419	68.408	0.014618	0.038341	0.043709	1.9346	11.671	22.246	1058.1	-0.0090893	11.407	0.10532	liquid
22.390	26.422	68.409	0.014618	0.038340	0.043709	1.9346	11.671	22.246	1058.2	-0.0090893	11.407	0.10532	liquid
22.390	26.426	68.409	0.014618	0.038340	0.043709	1.9346	11.671	22.246	1058.2	-0.0090893	11.407	0.10532	liquid
22.390	26.429	68.409	0.014618	0.038340	0.043710	1.9346	11.671	22.246	1058.2	-0.0090894	11.407	0.10532	liquid
22.390	26.433	68.409	0.014618	0.038339	0.043710	1.9346	11.671	22.246	1058.2	-0.0090894	11.407	0.10532	liquid
22.390	26.436	68.409	0.014618	0.038339	0.043711	1.9346	11.671	22.245	1058.2	-0.0090895	11.407	0.10532	liquid
22.390	26.440	68.409	0.014618	0.038339	0.043711	1.9346	11.671	22.245	1058.2	-0.0090895	11.407	0.10532	liquid
22.390	26.443	68.409	0.014618	0.038338	0.043711	1.9346	11.671	22.245	1058.2	-0.0090895	11.407	0.10532	liquid
22.390	26.447	68.409	0.014618	0.038338	0.043712	1.9345	11.671	22.245	1058.2	-0.0090896	11.407	0.10532	liquid
22.390	26.450	68.409	0.014618	0.038338	0.043712	1.9345	11.671	22.245	1058.2	-0.0090896	11.408	0.10532	liquid
22.390	26.454	68.409	0.014618	0.038338	0.043712	1.9345	11.671	22.245	1058.2	-0.0090897	11.408	0.10532	liquid
22.390	26.457	68.409	0.014618	0.038337	0.043713	1.9345	11.671	22.245	1058.2	-0.0090897	11.408	0.10532	liquid
22.390	26.461	68.409	0.014618	0.038337	0.043713	1.9345	11.671	22.245	1058.2	-0.0090898	11.408	0.10532	liquid
22.390	26.464	68.409	0.014618	0.038337	0.043714	1.9345	11.671	22.245	1058.2	-0.0090898	11.408	0.10533	liquid
22.390	26.468	68.409	0.014618	0.038336	0.043714	1.9345	11.671	22.245	1058.2	-0.0090898	11.408	0.10533	liquid
22.390	26.471	68.409	0.014618	0.038336	0.043714	1.9344	11.671	22.245	1058.2	-0.0090899	11.408	0.10533	liquid
22.390	26.475	68.409	0.014618	0.038336	0.043715	1.9344	11.671	22.245	1058.2	-0.0090899	11.408	0.10533	liquid
22.390	26.478	68.409	0.014618	0.038335	0.043715	1.9344	11.671	22.245	1058.2	-0.0090900	11.408	0.10533	liquid
22.390	26.482	68.409	0.014618	0.038335	0.043716	1.9344	11.671	22.245	1058.2	-0.0090900	11.408	0.10533	liquid
22.390	26.485	68.409	0.014618	0.038335	0.043716	1.9344	11.671	22.245	1058.2	-0.0090901	11.408	0.10533	liquid
22.390	26.489	68.409	0.014618	0.038334	0.043716	1.9344	11.671	22.245	1058.2	-0.0090901	11.408	0.10533	liquid
22.390	26.492	68.409	0.014618	0.038334	0.043717	1.9344	11.671	22.245	1058.2	-0.0090901	11.408	0.10533	liquid
22.390	26.496	68.409	0.014618	0.038334	0.043717	1.9343	11.671	22.245	1058.2	-0.0090902	11.408	0.10533	liquid
22.390	26.499	68.409	0.014618	0.038333	0.043718	1.9343	11.671	22.245	1058.2	-0.0090902	11.408	0.10533	liquid
22.390	26.503	68.409	0.014618	0.038333	0.043718	1.9343	11.671	22.245	1058.2	-0.0090903	11.408	0.10533	liquid
22.390	26.506	68.410	0.014618	0.038333	0.043718	1.9343	11.671	22.245	1058.2	-0.0090903	11.408	0.10533	liquid
22.390	26.510	68.410	0.014618	0.038332	0.043719	1.9343	11.671	22.245	1058.2	-0.0090904	11.408	0.10533	liquid
22.390	26.513	68.410	0.014618	0.038332	0.043719	1.9343	11.671	22.245	1058.2	-0.0090904	11.408	0.10533	liquid
22.390	26.517	68.410	0.014618	0.038332	0.043720	1.9343	11.671	22.245	1058.2	-0.0090904	11.408	0.10533	liquid
22.390	26.520	68.410	0.014618	0.038332	0.043720	1.9342	11.671	22.245	1058.2	-0.0090905	11.408	0.10533	liquid
22.390	26.524	68.410	0.014618	0.038331	0.043720	1.9342	11.671	22.245	1058.2	-0.0090905	11.408	0.10533	liquid
22.390	26.527	68.410	0.014618	0.038331	0.043721	1.9342	11.671	22.244	1058.2	-0.0090906	11.408	0.10533	liquid
22.390	26.531	68.410	0.014618	0.038331	0.043721	1.9342	11.671	22.244	1058.2	-0.0090906	11.408	0.10533	liquid
22.390	26.534	68.410	0.014618	0.038330	0.043722	1.9342	11.671	22.244	1058.2	-0.0090906	11.408	0.10533	liquid
22.390	26.538	68.410	0.014618	0.038330	0.043722	1.9342	11.671	22.244	1058.2	-0.0090907	11.408	0.10533	liquid
22.390	26.541	68.410	0.014618	0.038330	0.043722	1.9342	11.671	22.244	1058.2	-0.0090907	11.408	0.10533	liquid
22.390	26.545	68.410	0.014618	0.038329	0.043723	1.9341	11.671	22.244	1058.2	-0.0090908	11.408	0.10533	liquid
22.390	26.548	68.410	0.014618	0.038329	0.043723	1.9341	11.671	22.244	1058.2	-0.0090908	11.408	0.10533	liquid
22.390	26.552	68.410	0.014618	0.038329	0.043724	1.9341	11.671	22.244	1058.2	-0.0090909	11.408	0.10533	liquid
22.390	26.555	68.410	0.014618	0.038328	0.043724	1.9341	11.671	22.244	1058.2	-0.0090909	11.408	0.10533	liquid
22.390	26.559	68.410	0.014618	0.038328	0.043724	1.9341	11.671	22.244	1058.2	-0.0090909	11.408	0.10533	liquid
22.390	26.562	68.410	0.014618	0.038328	0.043725	1.9341	11.671	22.244	1058.2	-0.0090910	11.408	0.10533	liquid
22.390	26.566	68.410	0.014618	0.038327	0.043725	1.9341	11.671	22.244	1058.2	-0.0090910	11.408	0.10533	liquid
22.390	26.569	68.410	0.014618	0.038327	0.043725	1.9340	11.671	22.244	1058.2	-0.0090911	11.408	0.10533	liquid
22.390	26.573	68.410	0.014618	0.038327	0.043726	1.9340	11.671	22.244	1058.2	-0.0090911	11.408	0.10533	liquid
22.390	26.576	68.410	0.014618	0.038327	0.043726	1.9340	11.671	22.244	1058.2	-0.0090912	11.408	0.10533	liquid
22.390	26.580	68.410	0.014618	0.038326	0.043727	1.9340	11.671	22.244	1058.2	-0.0090912	11.408	0.10533	liquid
22.390	26.583	68.410	0.014618	0.038326	0.043727	1.9340	11.671	22.244	1058.2	-0.0090912	11.408	0.10533	liquid
22.390	26.587	68.410	0.014618	0.038326	0.043727	1.9340	11.671	22.244	1058.2	-0.0090913	11.408	0.10533	liquid
22.390	26.590	68.411	0.014618	0.038325	0.043728	1.9340	11.671	22.244	1058.2	-0.0090913	11.408	0.10533	liquid
22.390	26.594	68.411	0.014618	0.038325	0.043728	1.9339	11.671	22.244	1058.2	-0.0090914	11.408	0.10533	liquid
22.390	26.597	68.411	0.014618	0.038325	0.043729	1.9339	11.671	22.244	1058.2	-0.0090914	11.408	0.10533	liquid
22.390	26.601	68.411	0.014618	0.038324	0.043729	1.9339	11.671	22.244	1058.2	-0.0090915	11.408	0.10533	liquid
22.390	26.604	68.411	0.014618	0.038324	0.043729	1.9339	11.671	22.244	1058.2	-0.0090915	11.408	0.10533	liquid
22.390	26.608	68.411	0.014618	0.038324	0.043730	1.9339	11.671	22.244	1058.2	-0.0090915	11.409	0.10533	liquid
22.390	26.611	68.411	0.014618	0.038323	0.043730	1.9339	11.671	22.244	1058.2	-0.0090916	11.409	0.10533	liquid
22.390	26.615	68.411	0.014618	0.038323	0.043731	1.9339	11.671	22.243	1058.2	-0.0090916	11.409	0.10533	liquid
22.390	26.618	68.411	0.014618	0.038323	0.043731	1.9338	11.671	22.243	1058.2	-0.0090917	11.409	0.10533	liquid
22.390	26.622	68.411	0.014618	0.038322	0.043731	1.9338	11.671	22.243	1058.2	-0.0090917	11.409	0.10533	liquid
22.390	26.625	68.411	0.014618	0.038322	0.043732	1.9338	11.671	22.243	1058.2	-0.0090917	11.409	0.10533	liquid
22.390	26.629	68.411	0.014618	0.038322	0.043732	1.9338	11.671	22.243	1058.2	-0.0090918	11.409	0.10533	liquid
22.390	26.632	68.411	0.014618	0.038321	0.043733	1.9338	11.671	22.243	1058.2	-0.0090918	11.409	0.10533	liquid
22.390	26.636	68.411	0.014618	0.038321	0.043733	1.9338	11.671	22.243	1058.2	-0.0090919	11.409	0.10533	liquid
22.390	26.639	68.411	0.014618	0.038321	0.043733	1.9338	11.671	22.243	1058.2	-0.0090919	11.409	0.10533	liquid
22.390	26.643	68.411	0.014618	0.038321	0.043734	1.9337	11.671	22.243	1058.3	-0.0090920	11.409	0.10533	liquid
22.390	26.646	68.411	0.014617	0.038320	0.043734	1.9337	11.671	22.243	1058.3	-0.0090920	11.409	0.10533	liquid
22.390	26.650	68.411	0.014617	0.038320	0.043735	1.9337	11.671	22.243	1058.3	-0.0090920	11.409	0.10533	liquid
22.390	26.653	68.411	0.014617	0.038320	0.043735	1.9337	11.671	22.243	1058.3	-0.0090921	11.409	0.10533	liquid
22.390	26.657	68.411	0.014617	0.038319	0.043735	1.9337	11.671	22.243	1058.3	-0.0090921	11.409	0.10533	liquid
22.390	26.660	68.411	0.014617	0.038319	0.043736	1.9337	11.671	22.243	1058.3	-0.0090922	11.409	0.10533	liquid
22.390	26.664	68.411	0.014617	0.038319	0.043736	1.9337	11.671	22.243	1058.3	-0.0090922	11.409	0.10533	liquid
22.390	26.667	68.411	0.014617	0.038318	0.043736	1.9336	11.671	22.243	1058.3	-0.0090923	11.409	0.10533	liquid
22.390	26.671	68.411	0.014617	0.038318	0.043737	1.9336	11.671	22.243	1058.3	-0.0090923	11.409	0.10533	liquid
22.390	26.674	68.411	0.014617	0.038318	0.043737	1.9336	11.671	22.243	1058.3	-0.0090923	11.409	0.10533	liquid
22.390	26.678	68.412	0.014617	0.038317	0.043738	1.9336	11.671	22.243	1058.3	-0.0090924	11.409	0.10533	liquid
22.390	26.681	68.412	0.014617	0.038317	0.043738	1.9336	11.671	22.243	1058.3	-0.0090924	11.409	0.10533	liquid
22.390	26.685	68.412	0.014617	0.038317	0.043738	1.9336	11.671	22.243	1058.3	-0.0090925	11.409	0.10533	liquid
22.390	26.688	68.412	0.014617	0.038316	0.043739	1.9336	11.671	22.243	1058.3	-0.0090925	11.409	0.10533	liquid
22.390	26.692	68.412	0.014617	0.038316	0.043739	1.9335	11.671	22.243	1058.3	-0.0090926	11.409	0.10533	liquid
22.390	26.695	68.412	0.014617	0.038316	0.043740	1.9335	11.671	22.243	1058.3	-0.0090926	11.409	0.10533	liquid
22.390	26.699	68.412	0.014617	0.038316	0.043740	1.9335	11.671	22.243	1058.3	-0.0090926	11.409	0.10533	liquid
22.390	26.702	68.412	0.014617	0.038315	0.043740	1.9335	11.671	22.242	1058.3	-0.0090927	11.409	0.10533	liquid
22.390	26.706	68.412	0.014617	0.038315	0.043741	1.9335	11.671	22.242	1058.3	-0.0090927	11.409	0.10533	liquid
22.390	26.709	68.412	0.014617	0.038315	0.043741	1.9335	11.671	22.242	1058.3	-0.0090928	11.409	0.10533	liquid
22.390	26.713	68.412	0.014617	0.038314	0.043742	1.9335	11.671	22.242	1058.3	-0.0090928	11.409	0.10533	liquid
22.390	26.716	68.412	0.014617	0.038314	0.043742	1.9334	11.671	22.242	1058.3	-0.0090928	11.409	0.10533	liquid
22.390	26.720	68.412	0.014617	0.038314	0.043742	1.9334	11.671	22.242	1058.3	-0.0090929	11.409	0.10533	liquid
22.390	26.723	68.412	0.014617	0.038313	0.043743	1.9334	11.671	22.242	1058.3	-0.0090929	11.409	0.10533	liquid
22.390	26.727	68.412	0.014617	0.038313	0.043743	1.9334	11.671	22.242	1058.3	-0.0090930	11.409	0.10533	liquid
22.390	26.730	68.412	0.014617	0.038313	0.043744	1.9334	11.671	22.242	1058.3	-0.0090930	11.409	0.10533	liquid
22.390	26.734	68.412	0.014617	0.038312	0.043744	1.9334	11.671	22.242	1058.3	-0.0090931	11.409	0.10533	liquid
22.390	26.737	68.412	0.014617	0.038312	0.043744	1.9334	11.671	22.242	1058.3	-0.0090931	11.409	0.10533	liquid
22.390	26.741	68.412	0.014617	0.038312	0.043745	1.9333	11.671	22.242	1058.3	-0.0090931	11.409	0.10533	liquid
22.390	26.744	68.412	0.014617	0.038311	0.043745	1.9333	11.671	22.242	1058.3	-0.0090932	11.409	0.10533	liquid
22.390	26.748	68.412	0.014617	0.038311	0.043746	1.9333	11.671	22.242	1058.3	-0.0090932	11.409	0.10533	liquid
22.390	26.751	68.412	0.014617	0.038311	0.043746	1.9333	11.671	22.242	1058.3	-0.0090933	11.409	0.10533	liquid
22.390	26.755	68.412	0.014617	0.038310	0.043746	1.9333	11.671	22.242	1058.3	-0.0090933	11.409	0.10533	liquid
22.390	26.758	68.412	0.014617	0.038310	0.043747	1.9333	11.671	22.242	1058.3	-0.0090934	11.409	0.10533	liquid
22.390	26.762	68.413	0.014617	0.038310	0.043747	1.9333	11.671	22.242	1058.3	-0.0090934	11.410	0.10533	liquid
22.390	26.765	68.413	0.014617	0.038310	0.043747	1.9332	11.671	22.242	1058.3	-0.0090934	11.410	0.10533	liquid
22.390	26.769	68.413	0.014617	0.038309	0.043748	1.9332	11.671	22.242	1058.3	-0.0090935	11.410	0.10533	liquid
22.390	26.772	68.413	0.014617	0.038309	0.043748	1.9332	11.671	22.242	1058.3	-0.0090935	11.410	0.10533	liquid
22.390	26.776	68.413	0.014617	0.038309	0.043749	1.9332	11.671	22.242	1058.3	-0.0090936	11.410	0.10533	liquid
22.390	26.779	68.413	0.014617	0.038308	0.043749	1.9332	11.671	22.242	1058.3	-0.0090936	11.410	0.10533	liquid
22.390	26.783	68.413	0.014617	0.038308	0.043749	1.9332	11.671	22.242	1058.3	-0.0090937	11.410	0.10533	liquid
22.390	26.786	68.413	0.014617	0.038308	0.043750	1.9332	11.671	22.242	1058.3	-0.0090937	11.410	0.10533	liquid
22.390	26.790	68.413	0.014617	0.038307	0.043750	1.9331	11.671	22.242	1058.3	-0.0090937	11.410	0.10533	liquid
22.390	26.793	68.413	0.014617	0.038307	0.043751	1.9331	11.671	22.241	1058.3	-0.0090938	11.410	0.10533	liquid
22.390	26.797	68.413	0.014617	0.038307	0.043751	1.9331	11.671	22.241	1058.3	-0.0090938	11.410	0.10533	liquid
22.390	26.800	68.413	0.014617	0.038306	0.043751	1.9331	11.671	22.241	1058.3	-0.0090939	11.410	0.10533	liquid
22.390	26.804	68.413	0.014617	0.038306	0.043752	1.9331	11.671	22.241	1058.3	-0.0090939	11.410	0.10533	liquid
22.390	26.807	68.413	0.014617	0.038306	0.043752	1.9331	11.671	22.241	1058.3	-0.0090939	11.410	0.10533	liquid
22.390	26.811	68.413	0.014617	0.038305	0.043753	1.9331	11.671	22.241	1058.3	-0.0090940	11.410	0.10533	liquid
22.390	26.814	68.413	0.014617	0.038305	0.043753	1.9330	11.671	22.241	1058.3	-0.0090940	11.410	0.10533	liquid
22.390	26.818	68.413	0.014617	0.038305	0.043753	1.9330	11.671	22.241	1058.3	-0.0090941	11.410	0.10533	liquid
22.390	26.821	68.413	0.014617	0.038304	0.043754	1.9330	11.671	22.241	1058.3	-0.0090941	11.410	0.10533	liquid
22.390	26.825	68.413	0.014617	0.038304	0.043754	1.9330	11.671	22.241	1058.3	-0.0090942	11.410	0.10533	liquid
22.390	26.828	68.413	0.014617	0.038304	0.043755	1.9330	11.671	22.241	1058.3	-0.0090942	11.410	0.10533	liquid
22.390	26.832	68.413	0.014617	0.038304	0.043755	1.9330	11.671	22.241	1058.3	-0.0090942	11.410	0.10533	liquid
22.390	26.835	68.413	0.014617	0.038303	0.043755	1.9330	11.671	22.241	1058.3	-0.0090943	11.410	0.10533	liquid
22.390	26.839	68.413	0.014617	0.038303	0.043756	1.9329	11.671	22.241	1058.3	-0.0090943	11.410	0.10533	liquid
22.390	26.842	68.413	0.014617	0.038303	0.043756	1.9329	11.671	22.241	1058.3	-0.0090944	11.410	0.10533	liquid
22.390	26.846	68.414	0.014617	0.038302	0.043757	1.9329	11.671	22.241	1058.3	-0.0090944	11.410	0.10533	liquid
22.390	26.849	68.414	0.014617	0.038302	0.043757	1.9329	11.671	22.241	1058.3	-0.0090945	11.410	0.10533	liquid
22.390	26.853	68.414	0.014617	0.038302	0.043757	1.9329	11.671	22.241	1058.3	-0.0090945	11.410	0.10533	liquid
22.390	26.856	68.414	0.014617	0.038301	0.043758	1.9329	11.671	22.241	1058.3	-0.0090945	11.410	0.10533	liquid
22.390	26.860	68.414	0.014617	0.038301	0.043758	1.9329	11.671	22.241	1058.3	-0.0090946	11.410	0.10533	liquid
22.390	26.863	68.414	0.014617	0.038301	0.043759	1.9328	11.671	22.241	1058.4	-0.0090946	11.410	0.10533	liquid
22.390	26.867	68.414	0.014617	0.038300	0.043759	1.9328	11.671	22.241	1058.4	-0.0090947	11.410	0.10533	liquid
22.390	26.870	68.414	0.014617	0.038300	0.043759	1.9328	11.671	22.241	1058.4	-0.0090947	11.410	0.10533	liquid
22.390	26.874	68.414	0.014617	0.038300	0.043760	1.9328	11.671	22.241	1058.4	-0.0090948	11.410	0.10533	liquid
22.390	26.877	68.414	0.014617	0.038299	0.043760	1.9328	11.671	22.241	1058.4	-0.0090948	11.410	0.10533	liquid
22.390	26.881	68.414	0.014617	0.038299	0.043760	1.9328	11.671	22.240	1058.4	-0.0090948	11.410	0.10533	liquid
22.390	26.884	68.414	0.014617	0.038299	0.043761	1.9328	11.671	22.240	1058.4	-0.0090949	11.410	0.10533	liquid
22.390	26.888	68.414	0.014617	0.038299	0.043761	1.9327	11.671	22.240	1058.4	-0.0090949	11.410	0.10533	liquid
22.390	26.891	68.414	0.014617	0.038298	0.043762	1.9327	11.671	22.240	1058.4	-0.0090950	11.410	0.10533	liquid
22.390	26.895	68.414	0.014617	0.038298	0.043762	1.9327	11.671	22.240	1058.4	-0.0090950	11.410	0.10533	liquid
22.390	26.898	68.414	0.014617	0.038298	0.043762	1.9327	11.671	22.240	1058.4	-0.0090950	11.410	0.10533	liquid
22.390	26.902	68.414	0.014617	0.038297	0.043763	1.9327	11.671	22.240	1058.4	-0.0090951	11.410	0.10533	liquid
22.390	26.905	68.414	0.014617	0.038297	0.043763	1.9327	11.671	22.240	1058.4	-0.0090951	11.410	0.10534	liquid
22.390	26.909	68.414	0.014617	0.038297	0.043764	1.9327	11.671	22.240	1058.4	-0.0090952	11.410	0.10534	liquid
22.390	26.912	68.414	0.014617	0.038296	0.043764	1.9326	11.671	22.240	1058.4	-0.0090952	11.410	0.10534	liquid
22.390	26.916	68.414	0.014617	0.038296	0.043764	1.9326	11.671	22.240	1058.4	-0.0090953	11.410	0.10534	liquid
22.390	26.919	68.414	0.014617	0.038296	0.043765	1.9326	11.671	22.240	1058.4	-0.0090953	11.411	0.10534	liquid
22.390	26.923	68.414	0.014617	0.038295	0.043765	1.9326	11.671	22.240	1058.4	-0.0090953	11.411	0.10534	liquid
22.390	26.926	68.414	0.014617	0.038295	0.043766	1.9326	11.671	22.240	1058.4	-0.0090954	11.411	0.10534	liquid
22.390	26.930	68.414	0.014617	0.038295	0.043766	1.9326	11.671	22.240	1058.4	-0.0090954	11.411	0.10534	liquid
22.390	26.933	68.415	0.014617	0.038294	0.043766	1.9326	11.671	22.240	1058.4	-0.0090955	11.411	0.10534	liquid
22.390	26.937	68.415	0.014617	0.038294	0.043767	1.9325	11.671	22.240	1058.4	-0.0090955	11.411	0.10534	liquid
22.390	26.940	68.415	0.014617	0.038294	0.043767	1.9325	11.671	22.240	1058.4	-0.0090956	11.411	0.10534	liquid
22.390	26.944	68.415	0.014617	0.038293	0.043768	1.9325	11.671	22.240	1058.4	-0.0090956	11.411	0.10534	liquid
22.390	26.947	68.415	0.014617	0.038293	0.043768	1.9325	11.671	22.240	1058.4	-0.0090956	11.411	0.10534	liquid
22.390	26.951	68.415	0.014617	0.038293	0.043768	1.9325	11.671	22.240	1058.4	-0.0090957	11.411	0.10534	liquid
22.390	26.954	68.415	0.014617	0.038293	0.043769	1.9325	11.671	22.240	1058.4	-0.0090957	11.411	0.10534	liquid
22.390	26.958	68.415	0.014617	0.038292	0.043769	1.9325	11.671	22.240	1058.4	-0.0090958	11.411	0.10534	liquid
22.390	26.961	68.415	0.014617	0.038292	0.043770	1.9324	11.671	22.240	1058.4	-0.0090958	11.411	0.10534	liquid
22.390	26.965	68.415	0.014617	0.038292	0.043770	1.9324	11.671	22.240	1058.4	-0.0090959	11.411	0.10534	liquid
22.390	26.968	68.415	0.014617	0.038291	0.043770	1.9324	11.671	22.240	1058.4	-0.0090959	11.411	0.10534	liquid
22.390	26.972	68.415	0.014617	0.038291	0.043771	1.9324	11.671	22.239	1058.4	-0.0090959	11.411	0.10534	liquid
22.390	26.975	68.415	0.014617	0.038291	0.043771	1.9324	11.671	22.239	1058.4	-0.0090960	11.411	0.10534	liquid
22.390	26.979	68.415	0.014617	0.038290	0.043771	1.9324	11.671	22.239	1058.4	-0.0090960	11.411	0.10534	liquid
22.390	26.982	68.415	0.014617	0.038290	0.043772	1.9324	11.671	22.239	1058.4	-0.0090961	11.411	0.10534	liquid
22.390	26.986	68.415	0.014617	0.038290	0.043772	1.9323	11.671	22.239	1058.4	-0.0090961	11.411	0.10534	liquid
22.390	26.989	68.415	0.014617	0.038289	0.043773	1.9323	11.671	22.239	1058.4	-0.0090961	11.411	0.10534	liquid
22.390	26.993	68.415	0.014617	0.038289	0.043773	1.9323	11.671	22.239	1058.4	-0.0090962	11.411	0.10534	liquid
22.390	26.996	68.415	0.014617	0.038289	0.043773	1.9323	11.671	22.239	1058.4	-0.0090962	11.411	0.10534	liquid
22.390	27.000	68.415	0.014617	0.038288	0.043774	1.9323	11.671	22.239	1058.4	-0.0090963	11.411	0.10534	liquid
22.390	27.003	68.415	0.014617	0.038288	0.043774	1.9323	11.671	22.239	1058.4	-0.0090963	11.411	0.10534	liquid
22.390	27.007	68.415	0.014617	0.038288	0.043775	1.9323	11.671	22.239	1058.4	-0.0090964	11.411	0.10534	liquid
22.390	27.010	68.415	0.014617	0.038288	0.043775	1.9323	11.671	22.239	1058.4	-0.0090964	11.411	0.10534	liquid
22.390	27.014	68.415	0.014617	0.038287	0.043775	1.9322	11.671	22.239	1058.4	-0.0090964	11.411	0.10534	liquid
22.390	27.017	68.416	0.014617	0.038287	0.043776	1.9322	11.671	22.239	1058.4	-0.0090965	11.411	0.10534	liquid
22.390	27.021	68.416	0.014617	0.038287	0.043776	1.9322	11.671	22.239	1058.4	-0.0090965	11.411	0.10534	liquid
22.390	27.024	68.416	0.014617	0.038286	0.043777	1.9322	11.671	22.239	1058.4	-0.0090966	11.411	0.10534	liquid
22.390	27.028	68.416	0.014617	0.038286	0.043777	1.9322	11.671	22.239	1058.4	-0.0090966	11.411	0.10534	liquid
22.390	27.031	68.416	0.014617	0.038286	0.043777	1.9322	11.671	22.239	1058.4	-0.0090967	11.411	0.10534	liquid
22.390	27.035	68.416	0.014617	0.038285	0.043778	1.9322	11.671	22.239	1058.4	-0.0090967	11.411	0.10534	liquid
22.390	27.038	68.416	0.014617	0.038285	0.043778	1.9321	11.671	22.239	1058.4	-0.0090967	11.411	0.10534	liquid
22.390	27.042	68.416	0.014617	0.038285	0.043779	1.9321	11.671	22.239	1058.4	-0.0090968	11.411	0.10534	liquid
22.390	27.045	68.416	0.014616	0.038284	0.043779	1.9321	11.671	22.239	1058.4	-0.0090968	11.411	0.10534	liquid
22.390	27.049	68.416	0.014616	0.038284	0.043779	1.9321	11.671	22.239	1058.4	-0.0090969	11.411	0.10534	liquid
22.390	27.052	68.416	0.014616	0.038284	0.043780	1.9321	11.671	22.239	1058.4	-0.0090969	11.411	0.10534	liquid
22.390	27.056	68.416	0.014616	0.038283	0.043780	1.9321	11.671	22.239	1058.4	-0.0090970	11.411	0.10534	liquid
22.390	27.059	68.416	0.014616	0.038283	0.043781	1.9321	11.671	22.238	1058.4	-0.0090970	11.411	0.10534	liquid
22.390	27.063	68.416	0.014616	0.038283	0.043781	1.9320	11.671	22.238	1058.4	-0.0090970	11.411	0.10534	liquid
22.390	27.066	68.416	0.014616	0.038282	0.043781	1.9320	11.671	22.238	1058.4	-0.0090971	11.411	0.10534	liquid
22.390	27.070	68.416	0.014616	0.038282	0.043782	1.9320	11.671	22.238	1058.4	-0.0090971	11.411	0.10534	liquid
22.390	27.073	68.416	0.014616	0.038282	0.043782	1.9320	11.671	22.238	1058.4	-0.0090972	11.412	0.10534	liquid
22.390	27.077	68.416	0.014616	0.038282	0.043782	1.9320	11.671	22.238	1058.4	-0.0090972	11.412	0.10534	liquid
22.390	27.080	68.416	0.014616	0.038281	0.043783	1.9320	11.671	22.238	1058.4	-0.0090972	11.412	0.10534	liquid
22.390	27.084	68.416	0.014616	0.038281	0.043783	1.9320	11.671	22.238	1058.4	-0.0090973	11.412	0.10534	liquid
22.390	27.087	68.416	0.014616	0.038281	0.043784	1.9319	11.671	22.238	1058.5	-0.0090973	11.412	0.10534	liquid
22.390	27.091	68.416	0.014616	0.038280	0.043784	1.9319	11.671	22.238	1058.5	-0.0090974	11.412	0.10534	liquid
22.390	27.094	68.416	0.014616	0.038280	0.043784	1.9319	11.671	22.238	1058.5	-0.0090974	11.412	0.10534	liquid
22.390	27.098	68.416	0.014616	0.038280	0.043785	1.9319	11.671	22.238	1058.5	-0.0090975	11.412	0.10534	liquid
22.390	27.101	68.417	0.014616	0.038279	0.043785	1.9319	11.671	22.238	1058.5	-0.0090975	11.412	0.10534	liquid
22.390	27.105	68.417	0.014616	0.038279	0.043786	1.9319	11.671	22.238	1058.5	-0.0090975	11.412	0.10534	liquid
22.390	27.108	68.417	0.014616	0.038279	0.043786	1.9319	11.671	22.238	1058.5	-0.0090976	11.412	0.10534	liquid
22.390	27.112	68.417	0.014616	0.038278	0.043786	1.9318	11.671	22.238	1058.5	-0.0090976	11.412	0.10534	liquid
22.390	27.115	68.417	0.014616	0.038278	0.043787	1.9318	11.671	22.238	1058.5	-0.0090977	11.412	0.10534	liquid
22.390	27.119	68.417	0.014616	0.038278	0.043787	1.9318	11.671	22.238	1058.5	-0.0090977	11.412	0.10534	liquid
22.390	27.122	68.417	0.014616	0.038277	0.043788	1.9318	11.671	22.238	1058.5	-0.0090978	11.412	0.10534	liquid
22.390	27.126	68.417	0.014616	0.038277	0.043788	1.9318	11.671	22.238	1058.5	-0.0090978	11.412	0.10534	liquid
22.390	27.129	68.417	0.014616	0.038277	0.043788	1.9318	11.671	22.238	1058.5	-0.0090978	11.412	0.10534	liquid
22.390	27.133	68.417	0.014616	0.038277	0.043789	1.9318	11.671	22.238	1058.5	-0.0090979	11.412	0.10534	liquid
22.390	27.136	68.417	0.014616	0.038276	0.043789	1.9317	11.671	22.238	1058.5	-0.0090979	11.412	0.10534	liquid
22.390	27.140	68.417	0.014616	0.038276	0.043790	1.9317	11.671	22.238	1058.5	-0.0090980	11.412	0.10534	liquid
22.390	27.143	68.417	0.014616	0.038276	0.043790	1.9317	11.671	22.238	1058.5	-0.0090980	11.412	0.10534	liquid
22.390	27.147	68.417	0.014616	0.038275	0.043790	1.9317	11.671	22.237	1058.5	-0.0090980	11.412	0.10534	liquid
22.390	27.150	68.417	0.014616	0.038275	0.043791	1.9317	11.671	22.237	1058.5	-0.0090981	11.412	0.10534	liquid
22.390	27.154	68.417	0.014616	0.038275	0.043791	1.9317	11.671	22.237	1058.5	-0.0090981	11.412	0.10534	liquid
22.390	27.157	68.417	0.014616	0.038274	0.043792	1.9317	11.671	22.237	1058.5	-0.0090982	11.412	0.10534	liquid
22.390	27.161	68.417	0.014616	0.038274	0.043792	1.9316	11.671	22.237	1058.5	-0.0090982	11.412	0.10534	liquid
22.390	27.164	68.417	0.014616	0.038274	0.043792	1.9316	11.671	22.237	1058.5	-0.0090983	11.412	0.10534	liquid
22.390	27.168	68.417	0.014616	0.038273	0.043793	1.9316	11.671	22.237	1058.5	-0.0090983	11.412	0.10534	liquid
22.390	27.171	68.417	0.014616	0.038273	0.043793	1.9316	11.671	22.237	1058.5	-0.0090983	11.412	0.10534	liquid
22.390	27.175	68.417	0.014616	0.038273	0.043794	1.9316	11.671	22.237	1058.5	-0.0090984	11.412	0.10534	liquid
22.390	27.178	68.417	0.014616	0.038272	0.043794	1.9316	11.671	22.237	1058.5	-0.0090984	11.412	0.10534	liquid
22.390	27.182	68.417	0.014616	0.038272	0.043794	1.9316	11.671	22.237	1058.5	-0.0090985	11.412	0.10534	liquid
22.390	27.185	68.417	0.014616	0.038272	0.043795	1.9315	11.671	22.237	1058.5	-0.0090985	11.412	0.10534	liquid
22.390	27.189	68.418	0.014616	0.038271	0.043795	1.9315	11.671	22.237	1058.5	-0.0090986	11.412	0.10534	liquid
22.390	27.192	68.418	0.014616	0.038271	0.043795	1.9315	11.671	22.237	1058.5	-0.0090986	11.412	0.10534	liquid
22.390	27.196	68.418	0.014616	0.038271	0.043796	1.9315	11.671	22.237	1058.5	-0.0090986	11.412	0.10534	liquid
22.390	27.199	68.418	0.014616	0.038271	0.043796	1.9315	11.671	22.237	1058.5	-0.0090987	11.412	0.10534	liquid
22.390	27.203	68.418	0.014616	0.038270	0.043797	1.9315	11.671	22.237	1058.5	-0.0090987	11.412	0.10534	liquid
22.390	27.206	68.418	0.014616	0.038270	0.043797	1.9315	11.671	22.237	1058.5	-0.0090988	11.412	0.10534	liquid
22.390	27.210	68.418	0.014616	0.038270	0.043797	1.9314	11.671	22.237	1058.5	-0.0090988	11.412	0.10534	liquid
22.390	27.213	68.418	0.014616	0.038269	0.043798	1.9314	11.671	22.237	1058.5	-0.0090989	11.412	0.10534	liquid
22.390	27.217	68.418	0.014616	0.038269	0.043798	1.9314	11.671	22.237	1058.5	-0.0090989	11.412	0.10534	liquid
22.390	27.220	68.418	0.014616	0.038269	0.043799	1.9314	11.671	22.237	1058.5	-0.0090989	11.412	0.10534	liquid
22.390	27.224	68.418	0.014616	0.038268	0.043799	1.9314	11.671	22.237	1058.5	-0.0090990	11.412	0.10534	liquid
22.390	27.227	68.418	0.014616	0.038268	0.043799	1.9314	11.671	22.237	1058.5	-0.0090990	11.412	0.10534	liquid
22.390	27.231	68.418	0.014616	0.038268	0.043800	1.9314	11.671	22.237	1058.5	-0.0090991	11.413	0.10534	liquid
22.390	27.234	68.418	0.014616	0.038267	0.043800	1.9313	11.671	22.237	1058.5	-0.0090991	11.413	0.10534	liquid
22.390	27.238	68.418	0.014616	0.038267	0.043801	1.9313	11.671	22.236	1058.5	-0.0090991	11.413	0.10534	liquid
22.390	27.241	68.418	0.014616	0.038267	0.043801	1.9313	11.671	22.236	1058.5	-0.0090992	11.413	0.10534	liquid
22.390	27.245	68.418	0.014616	0.038266	0.043801	1.9313	11.671	22.236	1058.5	-0.0090992	11.413	0.10534	liquid
22.390	27.248	68.418	0.014616	0.038266	0.043802	1.9313	11.671	22.236	1058.5	-0.0090993	11.413	0.10534	liquid
22.390	27.252	68.418	0.014616	0.038266	0.043802	1.9313	11.671	22.236	1058.5	-0.0090993	11.413	0.10534	liquid
22.390	27.255	68.418	0.014616	0.038266	0.043803	1.9313	11.671	22.236	1058.5	-0.0090994	11.413	0.10534	liquid
22.390	27.259	68.418	0.014616	0.038265	0.043803	1.9312	11.671	22.236	1058.5	-0.0090994	11.413	0.10534	liquid
22.390	27.262	68.418	0.014616	0.038265	0.043803	1.9312	11.671	22.236	1058.5	-0.0090994	11.413	0.10534	liquid
22.390	27.266	68.418	0.014616	0.038265	0.043804	1.9312	11.671	22.236	1058.5	-0.0090995	11.413	0.10534	liquid
22.390	27.269	68.418	0.014616	0.038264	0.043804	1.9312	11.671	22.236	1058.5	-0.0090995	11.413	0.10534	liquid
22.390	27.273	68.419	0.014616	0.038264	0.043805	1.9312	11.671	22.236	1058.5	-0.0090996	11.413	0.10534	liquid
22.390	27.276	68.419	0.014616	0.038264	0.043805	1.9312	11.671	22.236	1058.5	-0.0090996	11.413	0.10534	liquid
22.390	27.280	68.419	0.014616	0.038263	0.043805	1.9312	11.671	22.236	1058.5	-0.0090997	11.413	0.10534	liquid
22.390	27.283	68.419	0.014616	0.038263	0.043806	1.9311	11.671	22.236	1058.5	-0.0090997	11.413	0.10534	liquid
22.390	27.287	68.419	0.014616	0.038263	0.043806	1.9311	11.671	22.236	1058.5	-0.0090997	11.413	0.10534	liquid
22.390	27.290	68.419	0.014616	0.038262	0.043806	1.9311	11.671	22.236	1058.5	-0.0090998	11.413	0.10534	liquid
22.390	27.294	68.419	0.014616	0.038262	0.043807	1.9311	11.671	22.236	1058.5	-0.0090998	11.413	0.10534	liquid
22.390	27.297	68.419	0.014616	0.038262	0.043807	1.9311	11.671	22.236	1058.5	-0.0090999	11.413	0.10534	liquid
22.390	27.301	68.419	0.014616	0.038261	0.043808	1.9311	11.671	22.236	1058.5	-0.0090999	11.413	0.10534	liquid
22.390	27.304	68.419	0.014616	0.038261	0.043808	1.9311	11.671	22.236	1058.5	-0.0090999	11.413	0.10534	liquid
22.390	27.308	68.419	0.014616	0.038261	0.043808	1.9310	11.671	22.236	1058.6	-0.0091000	11.413	0.10534	liquid
22.390	27.311	68.419	0.014616	0.038260	0.043809	1.9310	11.671	22.236	1058.6	-0.0091000	11.413	0.10534	liquid
22.390	27.315	68.419	0.014616	0.038260	0.043809	1.9310	11.671	22.236	1058.6	-0.0091001	11.413	0.10534	liquid
22.390	27.318	68.419	0.014616	0.038260	0.043810	1.9310	11.671	22.236	1058.6	-0.0091001	11.413	0.10534	liquid
22.390	27.322	68.419	0.014616	0.038260	0.043810	1.9310	11.671	22.236	1058.6	-0.0091002	11.413	0.10534	liquid
22.390	27.325	68.419	0.014616	0.038259	0.043810	1.9310	11.671	22.235	1058.6	-0.0091002	11.413	0.10534	liquid
22.390	27.329	68.419	0.014616	0.038259	0.043811	1.9310	11.671	22.235	1058.6	-0.0091002	11.413	0.10534	liquid
22.390	27.332	68.419	0.014616	0.038259	0.043811	1.9309	11.671	22.235	1058.6	-0.0091003	11.413	0.10534	liquid
22.390	27.336	68.419	0.014616	0.038258	0.043812	1.9309	11.671	22.235	1058.6	-0.0091003	11.413	0.10534	liquid
22.390	27.339	68.419	0.014616	0.038258	0.043812	1.9309	11.671	22.235	1058.6	-0.0091004	11.413	0.10534	liquid
22.390	27.343	68.419	0.014616	0.038258	0.043812	1.9309	11.671	22.235	1058.6	-0.0091004	11.413	0.10534	liquid
22.390	27.346	68.419	0.014616	0.038257	0.043813	1.9309	11.671	22.235	1058.6	-0.0091005	11.413	0.10534	liquid
22.390	27.350	68.419	0.014616	0.038257	0.043813	1.9309	11.671	22.235	1058.6	-0.0091005	11.413	0.10535	liquid
22.390	27.353	68.419	0.014616	0.038257	0.043814	1.9309	11.671	22.235	1058.6	-0.0091005	11.413	0.10535	liquid
22.390	27.357	68.419	0.014616	0.038256	0.043814	1.9308	11.671	22.235	1058.6	-0.0091006	11.413	0.10535	liquid
22.390	27.360	68.420	0.014616	0.038256	0.043814	1.9308	11.671	22.235	1058.6	-0.0091006	11.413	0.10535	liquid
22.390	27.364	68.420	0.014616	0.038256	0.043815	1.9308	11.671	22.235	1058.6	-0.0091007	11.413	0.10535	liquid
22.390	27.367	68.420	0.014616	0.038255	0.043815	1.9308	11.671	22.235	1058.6	-0.0091007	11.413	0.10535	liquid
22.390	27.371	68.420	0.014616	0.038255	0.043816	1.9308	11.671	22.235	1058.6	-0.0091008	11.413	0.10535	liquid
22.390	27.374	68.420	0.014616	0.038255	0.043816	1.9308	11.671	22.235	1058.6	-0.0091008	11.413	0.10535	liquid
22.390	27.378	68.420	0.014616	0.038255	0.043816	1.9308	11.671	22.235	1058.6	-0.0091008	11.413	0.10535	liquid
22.390	27.381	68.420	0.014616	0.038254	0.043817	1.9307	11.671	22.235	1058.6	-0.0091009	11.413	0.10535	liquid
22.390	27.385	68.420	0.014616	0.038254	0.043817	1.9307	11.671	22.235	1058.6	-0.0091009	11.413	0.10535	liquid
22.390	27.388	68.420	0.014616	0.038254	0.043818	1.9307	11.671	22.235	1058.6	-0.0091010	11.414	0.10535	liquid
22.390	27.392	68.420	0.014616	0.038253	0.043818	1.9307	11.671	22.235	1058.6	-0.0091010	11.414	0.10535	liquid
22.390	27.395	68.420	0.014616	0.038253	0.043818	1.9307	11.671	22.235	1058.6	-0.0091010	11.414	0.10535	liquid
22.390	27.399	68.420	0.014616	0.038253	0.043819	1.9307	11.671	22.235	1058.6	-0.0091011	11.414	0.10535	liquid
22.390	27.402	68.420	0.014616	0.038252	0.043819	1.9307	11.671	22.235	1058.6	-0.0091011	11.414	0.10535	liquid
22.390	27.406	68.420	0.014616	0.038252	0.043819	1.9306	11.671	22.235	1058.6	-0.0091012	11.414	0.10535	liquid
22.390	27.409	68.420	0.014616	0.038252	0.043820	1.9306	11.671	22.235	1058.6	-0.0091012	11.414	0.10535	liquid
22.390	27.413	68.420	0.014616	0.038251	0.043820	1.9306	11.671	22.235	1058.6	-0.0091013	11.414	0.10535	liquid
22.390	27.416	68.420	0.014616	0.038251	0.043821	1.9306	11.671	22.234	1058.6	-0.0091013	11.414	0.10535	liquid
22.390	27.420	68.420	0.014616	0.038251	0.043821	1.9306	11.671	22.234	1058.6	-0.0091013	11.414	0.10535	liquid
22.390	27.423	68.420	0.014616	0.038250	0.043821	1.9306	11.671	22.234	1058.6	-0.0091014	11.414	0.10535	liquid
22.390	27.427	68.420	0.014616	0.038250	0.043822	1.9306	11.671	22.234	1058.6	-0.0091014	11.414	0.10535	liquid
22.390	27.430	68.420	0.014616	0.038250	0.043822	1.9305	11.671	22.234	1058.6	-0.0091015	11.414	0.10535	liquid
22.390	27.434	68.420	0.014616	0.038249	0.043823	1.9305	11.671	22.234	1058.6	-0.0091015	11.414	0.10535	liquid
22.390	27.437	68.420	0.014616	0.038249	0.043823	1.9305	11.671	22.234	1058.6	-0.0091016	11.414	0.10535	liquid
22.390	27.441	68.420	0.014616	0.038249	0.043823	1.9305	11.671	22.234	1058.6	-0.0091016	11.414	0.10535	liquid
22.390	27.444	68.421	0.014615	0.038249	0.043824	1.9305	11.671	22.234	1058.6	-0.0091016	11.414	0.10535	liquid
22.390	27.448	68.421	0.014615	0.038248	0.043824	1.9305	11.671	22.234	1058.6	-0.0091017	11.414	0.10535	liquid
22.390	27.451	68.421	0.014615	0.038248	0.043825	1.9305	11.671	22.234	1058.6	-0.0091017	11.414	0.10535	liquid
22.390	27.455	68.421	0.014615	0.038248	0.043825	1.9304	11.671	22.234	1058.6	-0.0091018	11.414	0.10535	liquid
22.390	27.458	68.421	0.014615	0.038247	0.043825	1.9304	11.671	22.234	1058.6	-0.0091018	11.414	0.10535	liquid
22.390	27.462	68.421	0.014615	0.038247	0.043826	1.9304	11.671	22.234	1058.6	-0.0091018	11.414	0.10535	liquid
22.390	27.465	68.421	0.014615	0.038247	0.043826	1.9304	11.671	22.234	1058.6	-0.0091019	11.414	0.10535	liquid
22.390	27.469	68.421	0.014615	0.038246	0.043827	1.9304	11.671	22.234	1058.6	-0.0091019	11.414	0.10535	liquid
22.390	27.472	68.421	0.014615	0.038246	0.043827	1.9304	11.671	22.234	1058.6	-0.0091020	11.414	0.10535	liquid
22.390	27.476	68.421	0.014615	0.038246	0.043827	1.9304	11.671	22.234	1058.6	-0.0091020	11.414	0.10535	liquid
22.390	27.479	68.421	0.014615	0.038245	0.043828	1.9303	11.671	22.234	1058.6	-0.0091021	11.414	0.10535	liquid
22.390	27.483	68.421	0.014615	0.038245	0.043828	1.9303	11.671	22.234	1058.6	-0.0091021	11.414	0.10535	liquid
22.390	27.486	68.421	0.014615	0.038245	0.043829	1.9303	11.671	22.234	1058.6	-0.0091021	11.414	0.10535	liquid
22.390	27.490	68.421	0.014615	0.038244	0.043829	1.9303	11.671	22.234	1058.6	-0.0091022	11.414	0.10535	liquid
22.390	27.493	68.421	0.014615	0.038244	0.043829	1.9303	11.671	22.234	1058.6	-0.0091022	11.414	0.10535	liquid
22.390	27.497	68.421	0.014615	0.038244	0.043830	1.9303	11.671	22.234	1058.6	-0.0091023	11.414	0.10535	liquid
22.390	27.500	68.421	0.014615	0.038244	0.043830	1.9303	11.671	22.234	1058.6	-0.0091023	11.414	0.10535	liquid
22.390	27.504	68.421	0.014615	0.038243	0.043830	1.9303	11.671	22.233	1058.6	-0.0091024	11.414	0.10535	liquid
22.390	27.507	68.421	0.014615	0.038243	0.043831	1.9302	11.671	22.233	1058.6	-0.0091024	11.414	0.10535	liquid
22.390	27.511	68.421	0.014615	0.038243	0.043831	1.9302	11.671	22.233	1058.6	-0.0091024	11.414	0.10535	liquid
22.390	27.514	68.421	0.014615	0.038242	0.043832	1.9302	11.671	22.233	1058.6	-0.0091025	11.414	0.10535	liquid
22.390	27.518	68.421	0.014615	0.038242	0.043832	1.9302	11.671	22.233	1058.6	-0.0091025	11.414	0.10535	liquid
22.390	27.521	68.421	0.014615	0.038242	0.043832	1.9302	11.671	22.233	1058.6	-0.0091026	11.414	0.10535	liquid
22.390	27.525	68.421	0.014615	0.038241	0.043833	1.9302	11.671	22.233	1058.6	-0.0091026	11.414	0.10535	liquid
22.390	27.528	68.422	0.014615	0.038241	0.043833	1.9302	11.671	22.233	1058.7	-0.0091027	11.414	0.10535	liquid
22.390	27.532	68.422	0.014615	0.038241	0.043834	1.9301	11.671	22.233	1058.7	-0.0091027	11.414	0.10535	liquid
22.390	27.535	68.422	0.014615	0.038240	0.043834	1.9301	11.671	22.233	1058.7	-0.0091027	11.414	0.10535	liquid
22.390	27.539	68.422	0.014615	0.038240	0.043834	1.9301	11.671	22.233	1058.7	-0.0091028	11.414	0.10535	liquid
22.390	27.542	68.422	0.014615	0.038240	0.043835	1.9301	11.671	22.233	1058.7	-0.0091028	11.415	0.10535	liquid
22.390	27.546	68.422	0.014615	0.038239	0.043835	1.9301	11.671	22.233	1058.7	-0.0091029	11.415	0.10535	liquid
22.390	27.549	68.422	0.014615	0.038239	0.043836	1.9301	11.671	22.233	1058.7	-0.0091029	11.415	0.10535	liquid
22.390	27.553	68.422	0.014615	0.038239	0.043836	1.9301	11.671	22.233	1058.7	-0.0091029	11.415	0.10535	liquid
22.390	27.556	68.422	0.014615	0.038238	0.043836	1.9300	11.671	22.233	1058.7	-0.0091030	11.415	0.10535	liquid
22.390	27.560	68.422	0.014615	0.038238	0.043837	1.9300	11.671	22.233	1058.7	-0.0091030	11.415	0.10535	liquid
22.390	27.563	68.422	0.014615	0.038238	0.043837	1.9300	11.671	22.233	1058.7	-0.0091031	11.415	0.10535	liquid
22.390	27.567	68.422	0.014615	0.038238	0.043838	1.9300	11.671	22.233	1058.7	-0.0091031	11.415	0.10535	liquid
22.390	27.570	68.422	0.014615	0.038237	0.043838	1.9300	11.671	22.233	1058.7	-0.0091032	11.415	0.10535	liquid
22.390	27.574	68.422	0.014615	0.038237	0.043838	1.9300	11.671	22.233	1058.7	-0.0091032	11.415	0.10535	liquid
22.390	27.577	68.422	0.014615	0.038237	0.043839	1.9300	11.671	22.233	1058.7	-0.0091032	11.415	0.10535	liquid
22.390	27.581	68.422	0.014615	0.038236	0.043839	1.9299	11.671	22.233	1058.7	-0.0091033	11.415	0.10535	liquid
22.390	27.584	68.422	0.014615	0.038236	0.043840	1.9299	11.671	22.233	1058.7	-0.0091033	11.415	0.10535	liquid
22.390	27.588	68.422	0.014615	0.038236	0.043840	1.9299	11.671	22.233	1058.7	-0.0091034	11.415	0.10535	liquid
22.390	27.591	68.422	0.014615	0.038235	0.043840	1.9299	11.671	22.232	1058.7	-0.0091034	11.415	0.10535	liquid
22.390	27.595	68.422	0.014615	0.038235	0.043841	1.9299	11.671	22.232	1058.7	-0.0091035	11.415	0.10535	liquid
22.390	27.598	68.422	0.014615	0.038235	0.043841	1.9299	11.671	22.232	1058.7	-0.0091035	11.415	0.10535	liquid
22.390	27.602	68.422	0.014615	0.038234	0.043842	1.9299	11.671	22.232	1058.7	-0.0091035	11.415	0.10535	liquid
22.390	27.605	68.422	0.014615	0.038234	0.043842	1.9298	11.671	22.232	1058.7	-0.0091036	11.415	0.10535	liquid
22.390	27.609	68.422	0.014615	0.038234	0.043842	1.9298	11.671	22.232	1058.7	-0.0091036	11.415	0.10535	liquid
22.390	27.612	68.422	0.014615	0.038233	0.043843	1.9298	11.671	22.232	1058.7	-0.0091037	11.415	0.10535	liquid
22.390	27.616	68.423	0.014615	0.038233	0.043843	1.9298	11.671	22.232	1058.7	-0.0091037	11.415	0.10535	liquid
22.390	27.619	68.423	0.014615	0.038233	0.043843	1.9298	11.671	22.232	1058.7	-0.0091037	11.415	0.10535	liquid
22.390	27.623	68.423	0.014615	0.038233	0.043844	1.9298	11.671	22.232	1058.7	-0.0091038	11.415	0.10535	liquid
22.390	27.626	68.423	0.014615	0.038232	0.043844	1.9298	11.671	22.232	1058.7	-0.0091038	11.415	0.10535	liquid
22.390	27.630	68.423	0.014615	0.038232	0.043845	1.9297	11.671	22.232	1058.7	-0.0091039	11.415	0.10535	liquid
22.390	27.633	68.423	0.014615	0.038232	0.043845	1.9297	11.671	22.232	1058.7	-0.0091039	11.415	0.10535	liquid
22.390	27.637	68.423	0.014615	0.038231	0.043845	1.9297	11.671	22.232	1058.7	-0.0091040	11.415	0.10535	liquid
22.390	27.640	68.423	0.014615	0.038231	0.043846	1.9297	11.671	22.232	1058.7	-0.0091040	11.415	0.10535	liquid
22.390	27.644	68.423	0.014615	0.038231	0.043846	1.9297	11.671	22.232	1058.7	-0.0091040	11.415	0.10535	liquid
22.390	27.647	68.423	0.014615	0.038230	0.043847	1.9297	11.671	22.232	1058.7	-0.0091041	11.415	0.10535	liquid
22.390	27.651	68.423	0.014615	0.038230	0.043847	1.9297	11.671	22.232	1058.7	-0.0091041	11.415	0.10535	liquid
22.390	27.654	68.423	0.014615	0.038230	0.043847	1.9296	11.671	22.232	1058.7	-0.0091042	11.415	0.10535	liquid
22.390	27.658	68.423	0.014615	0.038229	0.043848	1.9296	11.671	22.232	1058.7	-0.0091042	11.415	0.10535	liquid
22.390	27.661	68.423	0.014615	0.038229	0.043848	1.9296	11.671	22.232	1058.7	-0.0091043	11.415	0.10535	liquid
22.390	27.665	68.423	0.014615	0.038229	0.043849	1.9296	11.671	22.232	1058.7	-0.0091043	11.415	0.10535	liquid
22.390	27.668	68.423	0.014615	0.038228	0.043849	1.9296	11.671	22.232	1058.7	-0.0091043	11.415	0.10535	liquid
22.390	27.672	68.423	0.014615	0.038228	0.043849	1.9296	11.671	22.232	1058.7	-0.0091044	11.415	0.10535	liquid
22.390	27.675	68.423	0.014615	0.038228	0.043850	1.9296	11.671	22.232	1058.7	-0.0091044	11.415	0.10535	liquid
22.390	27.679	68.423	0.014615	0.038227	0.043850	1.9295	11.671	22.232	1058.7	-0.0091045	11.415	0.10535	liquid
22.390	27.682	68.423	0.014615	0.038227	0.043851	1.9295	11.671	22.231	1058.7	-0.0091045	11.415	0.10535	liquid
22.390	27.686	68.423	0.014615	0.038227	0.043851	1.9295	11.671	22.231	1058.7	-0.0091046	11.415	0.10535	liquid
22.390	27.689	68.423	0.014615	0.038227	0.043851	1.9295	11.671	22.231	1058.7	-0.0091046	11.415	0.10535	liquid
22.390	27.693	68.423	0.014615	0.038226	0.043852	1.9295	11.671	22.231	1058.7	-0.0091046	11.415	0.10535	liquid
22.390	27.696	68.423	0.014615	0.038226	0.043852	1.9295	11.671	22.231	1058.7	-0.0091047	11.415	0.10535	liquid
22.390	27.700	68.424	0.014615	0.038226	0.043853	1.9295	11.671	22.231	1058.7	-0.0091047	11.416	0.10535	liquid
