Temperature (K)	Pressure (psia)	Density (kg/m3)	Volume (m3/kg)	Internal Energy (kJ/mol)	Enthalpy (kJ/mol)	Entropy (J/mol*K)	Cv (J/mol*K)	Cp (J/mol*K)	Sound Spd. (m/s)	Joule-Thomson (F/psia)	Viscosity (uPa*s)	Therm. Cond. (W/m*K)	Phase
22.380	25.600	68.413	0.014617	0.038193	0.043394	1.9280	11.670	22.240	1058.1	-0.0090946	11.411	0.10531	liquid
22.380	25.603	68.413	0.014617	0.038193	0.043394	1.9280	11.670	22.240	1058.1	-0.0090946	11.411	0.10531	liquid
22.380	25.606	68.413	0.014617	0.038192	0.043395	1.9280	11.670	22.240	1058.1	-0.0090946	11.411	0.10531	liquid
22.380	25.609	68.413	0.014617	0.038192	0.043395	1.9280	11.670	22.240	1058.1	-0.0090947	11.411	0.10531	liquid
22.380	25.612	68.413	0.014617	0.038192	0.043395	1.9280	11.670	22.240	1058.1	-0.0090947	11.411	0.10531	liquid
22.380	25.615	68.413	0.014617	0.038192	0.043396	1.9280	11.670	22.240	1058.1	-0.0090948	11.411	0.10531	liquid
22.380	25.618	68.413	0.014617	0.038191	0.043396	1.9280	11.670	22.240	1058.1	-0.0090948	11.411	0.10531	liquid
22.380	25.621	68.413	0.014617	0.038191	0.043396	1.9280	11.670	22.240	1058.1	-0.0090948	11.411	0.10531	liquid
22.380	25.624	68.413	0.014617	0.038191	0.043397	1.9279	11.670	22.240	1058.1	-0.0090949	11.411	0.10531	liquid
22.380	25.627	68.413	0.014617	0.038191	0.043397	1.9279	11.670	22.240	1058.1	-0.0090949	11.411	0.10531	liquid
22.380	25.630	68.413	0.014617	0.038190	0.043397	1.9279	11.670	22.240	1058.1	-0.0090949	11.411	0.10531	liquid
22.380	25.633	68.413	0.014617	0.038190	0.043398	1.9279	11.670	22.240	1058.1	-0.0090950	11.411	0.10531	liquid
22.380	25.636	68.413	0.014617	0.038190	0.043398	1.9279	11.670	22.240	1058.2	-0.0090950	11.411	0.10531	liquid
22.380	25.639	68.413	0.014617	0.038189	0.043399	1.9279	11.670	22.240	1058.2	-0.0090950	11.411	0.10531	liquid
22.380	25.642	68.413	0.014617	0.038189	0.043399	1.9279	11.670	22.239	1058.2	-0.0090951	11.411	0.10531	liquid
22.380	25.645	68.413	0.014617	0.038189	0.043399	1.9279	11.670	22.239	1058.2	-0.0090951	11.411	0.10531	liquid
22.380	25.648	68.413	0.014617	0.038189	0.043400	1.9278	11.670	22.239	1058.2	-0.0090952	11.411	0.10531	liquid
22.380	25.651	68.413	0.014617	0.038188	0.043400	1.9278	11.670	22.239	1058.2	-0.0090952	11.411	0.10531	liquid
22.380	25.654	68.413	0.014617	0.038188	0.043400	1.9278	11.670	22.239	1058.2	-0.0090952	11.411	0.10531	liquid
22.380	25.657	68.413	0.014617	0.038188	0.043401	1.9278	11.670	22.239	1058.2	-0.0090953	11.411	0.10531	liquid
22.380	25.660	68.413	0.014617	0.038188	0.043401	1.9278	11.670	22.239	1058.2	-0.0090953	11.411	0.10531	liquid
22.380	25.663	68.413	0.014617	0.038187	0.043401	1.9278	11.670	22.239	1058.2	-0.0090953	11.411	0.10531	liquid
22.380	25.666	68.413	0.014617	0.038187	0.043402	1.9278	11.670	22.239	1058.2	-0.0090954	11.411	0.10531	liquid
22.380	25.669	68.413	0.014617	0.038187	0.043402	1.9278	11.670	22.239	1058.2	-0.0090954	11.411	0.10531	liquid
22.380	25.672	68.413	0.014617	0.038186	0.043402	1.9277	11.670	22.239	1058.2	-0.0090954	11.411	0.10531	liquid
22.380	25.675	68.413	0.014617	0.038186	0.043403	1.9277	11.670	22.239	1058.2	-0.0090955	11.411	0.10531	liquid
22.380	25.678	68.413	0.014617	0.038186	0.043403	1.9277	11.670	22.239	1058.2	-0.0090955	11.411	0.10531	liquid
22.380	25.681	68.413	0.014617	0.038186	0.043403	1.9277	11.670	22.239	1058.2	-0.0090956	11.411	0.10531	liquid
22.380	25.684	68.414	0.014617	0.038185	0.043404	1.9277	11.670	22.239	1058.2	-0.0090956	11.411	0.10531	liquid
22.380	25.687	68.414	0.014617	0.038185	0.043404	1.9277	11.670	22.239	1058.2	-0.0090956	11.411	0.10531	liquid
22.380	25.690	68.414	0.014617	0.038185	0.043404	1.9277	11.670	22.239	1058.2	-0.0090957	11.411	0.10531	liquid
22.380	25.693	68.414	0.014617	0.038185	0.043405	1.9277	11.670	22.239	1058.2	-0.0090957	11.412	0.10531	liquid
22.380	25.696	68.414	0.014617	0.038184	0.043405	1.9276	11.670	22.239	1058.2	-0.0090957	11.412	0.10531	liquid
22.380	25.699	68.414	0.014617	0.038184	0.043405	1.9276	11.670	22.239	1058.2	-0.0090958	11.412	0.10531	liquid
22.380	25.702	68.414	0.014617	0.038184	0.043406	1.9276	11.670	22.239	1058.2	-0.0090958	11.412	0.10531	liquid
22.380	25.705	68.414	0.014617	0.038184	0.043406	1.9276	11.670	22.239	1058.2	-0.0090958	11.412	0.10531	liquid
22.380	25.708	68.414	0.014617	0.038183	0.043406	1.9276	11.670	22.239	1058.2	-0.0090959	11.412	0.10531	liquid
22.380	25.711	68.414	0.014617	0.038183	0.043407	1.9276	11.670	22.239	1058.2	-0.0090959	11.412	0.10531	liquid
22.380	25.714	68.414	0.014617	0.038183	0.043407	1.9276	11.670	22.239	1058.2	-0.0090960	11.412	0.10531	liquid
22.380	25.717	68.414	0.014617	0.038182	0.043407	1.9276	11.670	22.239	1058.2	-0.0090960	11.412	0.10531	liquid
22.380	25.720	68.414	0.014617	0.038182	0.043408	1.9275	11.670	22.239	1058.2	-0.0090960	11.412	0.10531	liquid
22.380	25.723	68.414	0.014617	0.038182	0.043408	1.9275	11.670	22.239	1058.2	-0.0090961	11.412	0.10531	liquid
22.380	25.726	68.414	0.014617	0.038182	0.043408	1.9275	11.670	22.239	1058.2	-0.0090961	11.412	0.10531	liquid
22.380	25.729	68.414	0.014617	0.038181	0.043409	1.9275	11.670	22.239	1058.2	-0.0090961	11.412	0.10531	liquid
22.380	25.732	68.414	0.014617	0.038181	0.043409	1.9275	11.670	22.238	1058.2	-0.0090962	11.412	0.10531	liquid
22.380	25.735	68.414	0.014617	0.038181	0.043409	1.9275	11.670	22.238	1058.2	-0.0090962	11.412	0.10531	liquid
22.380	25.738	68.414	0.014617	0.038181	0.043410	1.9275	11.670	22.238	1058.2	-0.0090962	11.412	0.10531	liquid
22.380	25.741	68.414	0.014617	0.038180	0.043410	1.9275	11.670	22.238	1058.2	-0.0090963	11.412	0.10531	liquid
22.380	25.744	68.414	0.014617	0.038180	0.043410	1.9275	11.670	22.238	1058.2	-0.0090963	11.412	0.10531	liquid
22.380	25.747	68.414	0.014617	0.038180	0.043411	1.9274	11.670	22.238	1058.2	-0.0090964	11.412	0.10531	liquid
22.380	25.750	68.414	0.014617	0.038179	0.043411	1.9274	11.670	22.238	1058.2	-0.0090964	11.412	0.10531	liquid
22.380	25.753	68.414	0.014617	0.038179	0.043411	1.9274	11.670	22.238	1058.2	-0.0090964	11.412	0.10531	liquid
22.380	25.756	68.414	0.014617	0.038179	0.043412	1.9274	11.670	22.238	1058.2	-0.0090965	11.412	0.10531	liquid
22.380	25.759	68.414	0.014617	0.038179	0.043412	1.9274	11.670	22.238	1058.2	-0.0090965	11.412	0.10531	liquid
22.380	25.762	68.414	0.014617	0.038178	0.043412	1.9274	11.670	22.238	1058.2	-0.0090965	11.412	0.10531	liquid
22.380	25.765	68.414	0.014617	0.038178	0.043413	1.9274	11.670	22.238	1058.2	-0.0090966	11.412	0.10531	liquid
22.380	25.768	68.415	0.014617	0.038178	0.043413	1.9274	11.670	22.238	1058.2	-0.0090966	11.412	0.10531	liquid
22.380	25.771	68.415	0.014617	0.038178	0.043413	1.9273	11.670	22.238	1058.2	-0.0090966	11.412	0.10531	liquid
22.380	25.774	68.415	0.014617	0.038177	0.043414	1.9273	11.670	22.238	1058.2	-0.0090967	11.412	0.10531	liquid
22.380	25.777	68.415	0.014617	0.038177	0.043414	1.9273	11.670	22.238	1058.2	-0.0090967	11.412	0.10531	liquid
22.380	25.780	68.415	0.014617	0.038177	0.043414	1.9273	11.670	22.238	1058.2	-0.0090968	11.412	0.10531	liquid
22.380	25.783	68.415	0.014617	0.038177	0.043415	1.9273	11.670	22.238	1058.2	-0.0090968	11.412	0.10531	liquid
22.380	25.786	68.415	0.014617	0.038176	0.043415	1.9273	11.670	22.238	1058.2	-0.0090968	11.412	0.10531	liquid
22.380	25.789	68.415	0.014617	0.038176	0.043415	1.9273	11.670	22.238	1058.2	-0.0090969	11.412	0.10531	liquid
22.380	25.792	68.415	0.014617	0.038176	0.043416	1.9273	11.670	22.238	1058.2	-0.0090969	11.412	0.10531	liquid
22.380	25.795	68.415	0.014617	0.038175	0.043416	1.9272	11.670	22.238	1058.2	-0.0090969	11.412	0.10531	liquid
22.380	25.798	68.415	0.014617	0.038175	0.043416	1.9272	11.670	22.238	1058.2	-0.0090970	11.412	0.10531	liquid
22.380	25.801	68.415	0.014617	0.038175	0.043417	1.9272	11.670	22.238	1058.2	-0.0090970	11.412	0.10531	liquid
22.380	25.804	68.415	0.014617	0.038175	0.043417	1.9272	11.670	22.238	1058.2	-0.0090970	11.412	0.10531	liquid
22.380	25.807	68.415	0.014617	0.038174	0.043417	1.9272	11.670	22.238	1058.2	-0.0090971	11.412	0.10531	liquid
22.380	25.810	68.415	0.014617	0.038174	0.043418	1.9272	11.670	22.238	1058.2	-0.0090971	11.412	0.10531	liquid
22.380	25.813	68.415	0.014617	0.038174	0.043418	1.9272	11.670	22.238	1058.2	-0.0090972	11.412	0.10531	liquid
22.380	25.816	68.415	0.014617	0.038174	0.043418	1.9272	11.670	22.238	1058.2	-0.0090972	11.412	0.10531	liquid
22.380	25.819	68.415	0.014617	0.038173	0.043419	1.9271	11.670	22.238	1058.2	-0.0090972	11.412	0.10531	liquid
22.380	25.822	68.415	0.014617	0.038173	0.043419	1.9271	11.670	22.237	1058.2	-0.0090973	11.412	0.10531	liquid
22.380	25.825	68.415	0.014617	0.038173	0.043419	1.9271	11.670	22.237	1058.2	-0.0090973	11.412	0.10531	liquid
22.380	25.828	68.415	0.014617	0.038172	0.043420	1.9271	11.670	22.237	1058.2	-0.0090973	11.412	0.10531	liquid
22.380	25.831	68.415	0.014617	0.038172	0.043420	1.9271	11.670	22.237	1058.2	-0.0090974	11.412	0.10531	liquid
22.380	25.834	68.415	0.014617	0.038172	0.043420	1.9271	11.670	22.237	1058.2	-0.0090974	11.412	0.10531	liquid
22.380	25.837	68.415	0.014617	0.038172	0.043421	1.9271	11.670	22.237	1058.2	-0.0090974	11.412	0.10531	liquid
22.380	25.840	68.415	0.014617	0.038171	0.043421	1.9271	11.670	22.237	1058.2	-0.0090975	11.412	0.10531	liquid
22.380	25.843	68.415	0.014617	0.038171	0.043421	1.9271	11.670	22.237	1058.2	-0.0090975	11.412	0.10531	liquid
22.380	25.846	68.415	0.014617	0.038171	0.043422	1.9270	11.670	22.237	1058.2	-0.0090976	11.412	0.10531	liquid
22.380	25.849	68.415	0.014617	0.038171	0.043422	1.9270	11.670	22.237	1058.2	-0.0090976	11.413	0.10531	liquid
22.380	25.852	68.416	0.014617	0.038170	0.043422	1.9270	11.670	22.237	1058.2	-0.0090976	11.413	0.10531	liquid
22.380	25.855	68.416	0.014617	0.038170	0.043423	1.9270	11.670	22.237	1058.2	-0.0090977	11.413	0.10531	liquid
22.380	25.858	68.416	0.014617	0.038170	0.043423	1.9270	11.670	22.237	1058.3	-0.0090977	11.413	0.10531	liquid
22.380	25.861	68.416	0.014617	0.038169	0.043423	1.9270	11.670	22.237	1058.3	-0.0090977	11.413	0.10531	liquid
22.380	25.864	68.416	0.014617	0.038169	0.043424	1.9270	11.670	22.237	1058.3	-0.0090978	11.413	0.10531	liquid
22.380	25.867	68.416	0.014617	0.038169	0.043424	1.9270	11.670	22.237	1058.3	-0.0090978	11.413	0.10531	liquid
22.380	25.870	68.416	0.014617	0.038169	0.043424	1.9269	11.670	22.237	1058.3	-0.0090978	11.413	0.10531	liquid
22.380	25.873	68.416	0.014617	0.038168	0.043425	1.9269	11.670	22.237	1058.3	-0.0090979	11.413	0.10531	liquid
22.380	25.876	68.416	0.014617	0.038168	0.043425	1.9269	11.670	22.237	1058.3	-0.0090979	11.413	0.10531	liquid
22.380	25.879	68.416	0.014617	0.038168	0.043425	1.9269	11.670	22.237	1058.3	-0.0090980	11.413	0.10531	liquid
22.380	25.882	68.416	0.014616	0.038168	0.043426	1.9269	11.670	22.237	1058.3	-0.0090980	11.413	0.10531	liquid
22.380	25.885	68.416	0.014616	0.038167	0.043426	1.9269	11.670	22.237	1058.3	-0.0090980	11.413	0.10531	liquid
22.380	25.888	68.416	0.014616	0.038167	0.043426	1.9269	11.670	22.237	1058.3	-0.0090981	11.413	0.10531	liquid
22.380	25.891	68.416	0.014616	0.038167	0.043427	1.9269	11.670	22.237	1058.3	-0.0090981	11.413	0.10531	liquid
22.380	25.894	68.416	0.014616	0.038167	0.043427	1.9268	11.670	22.237	1058.3	-0.0090981	11.413	0.10531	liquid
22.380	25.897	68.416	0.014616	0.038166	0.043427	1.9268	11.670	22.237	1058.3	-0.0090982	11.413	0.10531	liquid
22.380	25.900	68.416	0.014616	0.038166	0.043428	1.9268	11.670	22.237	1058.3	-0.0090982	11.413	0.10531	liquid
22.380	25.903	68.416	0.014616	0.038166	0.043428	1.9268	11.670	22.237	1058.3	-0.0090982	11.413	0.10531	liquid
22.380	25.906	68.416	0.014616	0.038165	0.043429	1.9268	11.670	22.237	1058.3	-0.0090983	11.413	0.10531	liquid
22.380	25.909	68.416	0.014616	0.038165	0.043429	1.9268	11.670	22.236	1058.3	-0.0090983	11.413	0.10531	liquid
22.380	25.912	68.416	0.014616	0.038165	0.043429	1.9268	11.670	22.236	1058.3	-0.0090983	11.413	0.10531	liquid
22.380	25.915	68.416	0.014616	0.038165	0.043430	1.9268	11.670	22.236	1058.3	-0.0090984	11.413	0.10531	liquid
22.380	25.918	68.416	0.014616	0.038164	0.043430	1.9267	11.670	22.236	1058.3	-0.0090984	11.413	0.10531	liquid
22.380	25.921	68.416	0.014616	0.038164	0.043430	1.9267	11.670	22.236	1058.3	-0.0090985	11.413	0.10531	liquid
22.380	25.924	68.416	0.014616	0.038164	0.043431	1.9267	11.670	22.236	1058.3	-0.0090985	11.413	0.10531	liquid
22.380	25.927	68.416	0.014616	0.038164	0.043431	1.9267	11.670	22.236	1058.3	-0.0090985	11.413	0.10531	liquid
22.380	25.930	68.416	0.014616	0.038163	0.043431	1.9267	11.670	22.236	1058.3	-0.0090986	11.413	0.10531	liquid
22.380	25.933	68.416	0.014616	0.038163	0.043432	1.9267	11.670	22.236	1058.3	-0.0090986	11.413	0.10531	liquid
22.380	25.936	68.416	0.014616	0.038163	0.043432	1.9267	11.670	22.236	1058.3	-0.0090986	11.413	0.10531	liquid
22.380	25.939	68.417	0.014616	0.038162	0.043432	1.9267	11.670	22.236	1058.3	-0.0090987	11.413	0.10531	liquid
22.380	25.942	68.417	0.014616	0.038162	0.043433	1.9266	11.670	22.236	1058.3	-0.0090987	11.413	0.10531	liquid
22.380	25.945	68.417	0.014616	0.038162	0.043433	1.9266	11.670	22.236	1058.3	-0.0090987	11.413	0.10531	liquid
22.380	25.948	68.417	0.014616	0.038162	0.043433	1.9266	11.670	22.236	1058.3	-0.0090988	11.413	0.10531	liquid
22.380	25.951	68.417	0.014616	0.038161	0.043434	1.9266	11.670	22.236	1058.3	-0.0090988	11.413	0.10531	liquid
22.380	25.954	68.417	0.014616	0.038161	0.043434	1.9266	11.670	22.236	1058.3	-0.0090989	11.413	0.10531	liquid
22.380	25.957	68.417	0.014616	0.038161	0.043434	1.9266	11.670	22.236	1058.3	-0.0090989	11.413	0.10531	liquid
22.380	25.960	68.417	0.014616	0.038161	0.043435	1.9266	11.670	22.236	1058.3	-0.0090989	11.413	0.10531	liquid
22.380	25.963	68.417	0.014616	0.038160	0.043435	1.9266	11.670	22.236	1058.3	-0.0090990	11.413	0.10531	liquid
22.380	25.966	68.417	0.014616	0.038160	0.043435	1.9266	11.670	22.236	1058.3	-0.0090990	11.413	0.10531	liquid
22.380	25.969	68.417	0.014616	0.038160	0.043436	1.9265	11.670	22.236	1058.3	-0.0090990	11.413	0.10531	liquid
22.380	25.972	68.417	0.014616	0.038160	0.043436	1.9265	11.670	22.236	1058.3	-0.0090991	11.413	0.10531	liquid
22.380	25.975	68.417	0.014616	0.038159	0.043436	1.9265	11.670	22.236	1058.3	-0.0090991	11.413	0.10531	liquid
22.380	25.978	68.417	0.014616	0.038159	0.043437	1.9265	11.670	22.236	1058.3	-0.0090991	11.413	0.10531	liquid
22.380	25.981	68.417	0.014616	0.038159	0.043437	1.9265	11.670	22.236	1058.3	-0.0090992	11.413	0.10531	liquid
22.380	25.984	68.417	0.014616	0.038158	0.043437	1.9265	11.670	22.236	1058.3	-0.0090992	11.413	0.10531	liquid
22.380	25.987	68.417	0.014616	0.038158	0.043438	1.9265	11.670	22.236	1058.3	-0.0090993	11.413	0.10531	liquid
22.380	25.990	68.417	0.014616	0.038158	0.043438	1.9265	11.670	22.236	1058.3	-0.0090993	11.413	0.10531	liquid
22.380	25.993	68.417	0.014616	0.038158	0.043438	1.9264	11.670	22.236	1058.3	-0.0090993	11.413	0.10531	liquid
22.380	25.996	68.417	0.014616	0.038157	0.043439	1.9264	11.670	22.236	1058.3	-0.0090994	11.413	0.10531	liquid
22.380	25.999	68.417	0.014616	0.038157	0.043439	1.9264	11.670	22.235	1058.3	-0.0090994	11.413	0.10531	liquid
22.380	26.002	68.417	0.014616	0.038157	0.043439	1.9264	11.670	22.235	1058.3	-0.0090994	11.413	0.10531	liquid
22.380	26.005	68.417	0.014616	0.038157	0.043440	1.9264	11.670	22.235	1058.3	-0.0090995	11.414	0.10531	liquid
22.380	26.008	68.417	0.014616	0.038156	0.043440	1.9264	11.670	22.235	1058.3	-0.0090995	11.414	0.10531	liquid
22.380	26.011	68.417	0.014616	0.038156	0.043440	1.9264	11.670	22.235	1058.3	-0.0090995	11.414	0.10531	liquid
22.380	26.014	68.417	0.014616	0.038156	0.043441	1.9264	11.670	22.235	1058.3	-0.0090996	11.414	0.10531	liquid
22.380	26.017	68.417	0.014616	0.038155	0.043441	1.9263	11.670	22.235	1058.3	-0.0090996	11.414	0.10531	liquid
22.380	26.020	68.417	0.014616	0.038155	0.043441	1.9263	11.670	22.235	1058.3	-0.0090997	11.414	0.10531	liquid
22.380	26.023	68.418	0.014616	0.038155	0.043442	1.9263	11.670	22.235	1058.3	-0.0090997	11.414	0.10531	liquid
22.380	26.026	68.418	0.014616	0.038155	0.043442	1.9263	11.670	22.235	1058.3	-0.0090997	11.414	0.10531	liquid
22.380	26.029	68.418	0.014616	0.038154	0.043442	1.9263	11.670	22.235	1058.3	-0.0090998	11.414	0.10531	liquid
22.380	26.032	68.418	0.014616	0.038154	0.043443	1.9263	11.670	22.235	1058.3	-0.0090998	11.414	0.10531	liquid
22.380	26.035	68.418	0.014616	0.038154	0.043443	1.9263	11.670	22.235	1058.3	-0.0090998	11.414	0.10531	liquid
22.380	26.038	68.418	0.014616	0.038154	0.043443	1.9263	11.670	22.235	1058.3	-0.0090999	11.414	0.10531	liquid
22.380	26.041	68.418	0.014616	0.038153	0.043444	1.9262	11.670	22.235	1058.3	-0.0090999	11.414	0.10531	liquid
22.380	26.044	68.418	0.014616	0.038153	0.043444	1.9262	11.670	22.235	1058.3	-0.0090999	11.414	0.10532	liquid
22.380	26.047	68.418	0.014616	0.038153	0.043444	1.9262	11.670	22.235	1058.3	-0.0091000	11.414	0.10532	liquid
22.380	26.050	68.418	0.014616	0.038153	0.043445	1.9262	11.670	22.235	1058.3	-0.0091000	11.414	0.10532	liquid
22.380	26.053	68.418	0.014616	0.038152	0.043445	1.9262	11.670	22.235	1058.3	-0.0091001	11.414	0.10532	liquid
22.380	26.056	68.418	0.014616	0.038152	0.043445	1.9262	11.670	22.235	1058.3	-0.0091001	11.414	0.10532	liquid
22.380	26.059	68.418	0.014616	0.038152	0.043446	1.9262	11.670	22.235	1058.3	-0.0091001	11.414	0.10532	liquid
22.380	26.062	68.418	0.014616	0.038151	0.043446	1.9262	11.670	22.235	1058.3	-0.0091002	11.414	0.10532	liquid
22.380	26.065	68.418	0.014616	0.038151	0.043446	1.9262	11.670	22.235	1058.3	-0.0091002	11.414	0.10532	liquid
22.380	26.068	68.418	0.014616	0.038151	0.043447	1.9261	11.670	22.235	1058.3	-0.0091002	11.414	0.10532	liquid
22.380	26.071	68.418	0.014616	0.038151	0.043447	1.9261	11.670	22.235	1058.3	-0.0091003	11.414	0.10532	liquid
22.380	26.074	68.418	0.014616	0.038150	0.043447	1.9261	11.670	22.235	1058.3	-0.0091003	11.414	0.10532	liquid
22.380	26.077	68.418	0.014616	0.038150	0.043448	1.9261	11.670	22.235	1058.3	-0.0091003	11.414	0.10532	liquid
22.380	26.080	68.418	0.014616	0.038150	0.043448	1.9261	11.670	22.235	1058.4	-0.0091004	11.414	0.10532	liquid
22.380	26.083	68.418	0.014616	0.038150	0.043448	1.9261	11.670	22.235	1058.4	-0.0091004	11.414	0.10532	liquid
22.380	26.086	68.418	0.014616	0.038149	0.043449	1.9261	11.670	22.234	1058.4	-0.0091005	11.414	0.10532	liquid
22.380	26.089	68.418	0.014616	0.038149	0.043449	1.9261	11.670	22.234	1058.4	-0.0091005	11.414	0.10532	liquid
22.380	26.092	68.418	0.014616	0.038149	0.043449	1.9260	11.670	22.234	1058.4	-0.0091005	11.414	0.10532	liquid
22.380	26.095	68.418	0.014616	0.038148	0.043450	1.9260	11.670	22.234	1058.4	-0.0091006	11.414	0.10532	liquid
22.380	26.098	68.418	0.014616	0.038148	0.043450	1.9260	11.670	22.234	1058.4	-0.0091006	11.414	0.10532	liquid
22.380	26.101	68.418	0.014616	0.038148	0.043450	1.9260	11.670	22.234	1058.4	-0.0091006	11.414	0.10532	liquid
22.380	26.104	68.418	0.014616	0.038148	0.043451	1.9260	11.670	22.234	1058.4	-0.0091007	11.414	0.10532	liquid
22.380	26.107	68.418	0.014616	0.038147	0.043451	1.9260	11.670	22.234	1058.4	-0.0091007	11.414	0.10532	liquid
22.380	26.110	68.419	0.014616	0.038147	0.043451	1.9260	11.670	22.234	1058.4	-0.0091007	11.414	0.10532	liquid
22.380	26.113	68.419	0.014616	0.038147	0.043452	1.9260	11.670	22.234	1058.4	-0.0091008	11.414	0.10532	liquid
22.380	26.116	68.419	0.014616	0.038147	0.043452	1.9259	11.670	22.234	1058.4	-0.0091008	11.414	0.10532	liquid
22.380	26.119	68.419	0.014616	0.038146	0.043452	1.9259	11.670	22.234	1058.4	-0.0091009	11.414	0.10532	liquid
22.380	26.122	68.419	0.014616	0.038146	0.043453	1.9259	11.670	22.234	1058.4	-0.0091009	11.414	0.10532	liquid
22.380	26.125	68.419	0.014616	0.038146	0.043453	1.9259	11.670	22.234	1058.4	-0.0091009	11.414	0.10532	liquid
22.380	26.128	68.419	0.014616	0.038146	0.043453	1.9259	11.670	22.234	1058.4	-0.0091010	11.414	0.10532	liquid
22.380	26.131	68.419	0.014616	0.038145	0.043454	1.9259	11.670	22.234	1058.4	-0.0091010	11.414	0.10532	liquid
22.380	26.134	68.419	0.014616	0.038145	0.043454	1.9259	11.670	22.234	1058.4	-0.0091010	11.414	0.10532	liquid
22.380	26.137	68.419	0.014616	0.038145	0.043454	1.9259	11.670	22.234	1058.4	-0.0091011	11.414	0.10532	liquid
22.380	26.140	68.419	0.014616	0.038144	0.043455	1.9258	11.670	22.234	1058.4	-0.0091011	11.414	0.10532	liquid
22.380	26.143	68.419	0.014616	0.038144	0.043455	1.9258	11.670	22.234	1058.4	-0.0091011	11.414	0.10532	liquid
22.380	26.146	68.419	0.014616	0.038144	0.043455	1.9258	11.670	22.234	1058.4	-0.0091012	11.414	0.10532	liquid
22.380	26.149	68.419	0.014616	0.038144	0.043456	1.9258	11.670	22.234	1058.4	-0.0091012	11.414	0.10532	liquid
22.380	26.152	68.419	0.014616	0.038143	0.043456	1.9258	11.670	22.234	1058.4	-0.0091012	11.414	0.10532	liquid
22.380	26.155	68.419	0.014616	0.038143	0.043456	1.9258	11.670	22.234	1058.4	-0.0091013	11.414	0.10532	liquid
22.380	26.158	68.419	0.014616	0.038143	0.043457	1.9258	11.670	22.234	1058.4	-0.0091013	11.414	0.10532	liquid
22.380	26.161	68.419	0.014616	0.038143	0.043457	1.9258	11.670	22.234	1058.4	-0.0091014	11.415	0.10532	liquid
22.380	26.164	68.419	0.014616	0.038142	0.043458	1.9257	11.670	22.234	1058.4	-0.0091014	11.415	0.10532	liquid
22.380	26.167	68.419	0.014616	0.038142	0.043458	1.9257	11.670	22.234	1058.4	-0.0091014	11.415	0.10532	liquid
22.380	26.170	68.419	0.014616	0.038142	0.043458	1.9257	11.670	22.234	1058.4	-0.0091015	11.415	0.10532	liquid
22.380	26.173	68.419	0.014616	0.038141	0.043459	1.9257	11.670	22.234	1058.4	-0.0091015	11.415	0.10532	liquid
22.380	26.176	68.419	0.014616	0.038141	0.043459	1.9257	11.670	22.233	1058.4	-0.0091015	11.415	0.10532	liquid
22.380	26.179	68.419	0.014616	0.038141	0.043459	1.9257	11.670	22.233	1058.4	-0.0091016	11.415	0.10532	liquid
22.380	26.182	68.419	0.014616	0.038141	0.043460	1.9257	11.670	22.233	1058.4	-0.0091016	11.415	0.10532	liquid
22.380	26.185	68.419	0.014616	0.038140	0.043460	1.9257	11.670	22.233	1058.4	-0.0091016	11.415	0.10532	liquid
22.380	26.188	68.419	0.014616	0.038140	0.043460	1.9257	11.670	22.233	1058.4	-0.0091017	11.415	0.10532	liquid
22.380	26.191	68.419	0.014616	0.038140	0.043461	1.9256	11.670	22.233	1058.4	-0.0091017	11.415	0.10532	liquid
22.380	26.194	68.420	0.014616	0.038140	0.043461	1.9256	11.670	22.233	1058.4	-0.0091018	11.415	0.10532	liquid
22.380	26.197	68.420	0.014616	0.038139	0.043461	1.9256	11.670	22.233	1058.4	-0.0091018	11.415	0.10532	liquid
22.380	26.200	68.420	0.014616	0.038139	0.043462	1.9256	11.670	22.233	1058.4	-0.0091018	11.415	0.10532	liquid
22.380	26.203	68.420	0.014616	0.038139	0.043462	1.9256	11.670	22.233	1058.4	-0.0091019	11.415	0.10532	liquid
22.380	26.206	68.420	0.014616	0.038138	0.043462	1.9256	11.670	22.233	1058.4	-0.0091019	11.415	0.10532	liquid
22.380	26.209	68.420	0.014616	0.038138	0.043463	1.9256	11.670	22.233	1058.4	-0.0091019	11.415	0.10532	liquid
22.380	26.212	68.420	0.014616	0.038138	0.043463	1.9256	11.670	22.233	1058.4	-0.0091020	11.415	0.10532	liquid
22.380	26.215	68.420	0.014616	0.038138	0.043463	1.9255	11.670	22.233	1058.4	-0.0091020	11.415	0.10532	liquid
22.380	26.218	68.420	0.014616	0.038137	0.043464	1.9255	11.670	22.233	1058.4	-0.0091020	11.415	0.10532	liquid
22.380	26.221	68.420	0.014616	0.038137	0.043464	1.9255	11.670	22.233	1058.4	-0.0091021	11.415	0.10532	liquid
22.380	26.224	68.420	0.014616	0.038137	0.043464	1.9255	11.670	22.233	1058.4	-0.0091021	11.415	0.10532	liquid
22.380	26.227	68.420	0.014616	0.038137	0.043465	1.9255	11.670	22.233	1058.4	-0.0091022	11.415	0.10532	liquid
22.380	26.230	68.420	0.014616	0.038136	0.043465	1.9255	11.670	22.233	1058.4	-0.0091022	11.415	0.10532	liquid
22.380	26.233	68.420	0.014616	0.038136	0.043465	1.9255	11.670	22.233	1058.4	-0.0091022	11.415	0.10532	liquid
22.380	26.236	68.420	0.014616	0.038136	0.043466	1.9255	11.670	22.233	1058.4	-0.0091023	11.415	0.10532	liquid
22.380	26.239	68.420	0.014616	0.038136	0.043466	1.9254	11.670	22.233	1058.4	-0.0091023	11.415	0.10532	liquid
22.380	26.242	68.420	0.014616	0.038135	0.043466	1.9254	11.670	22.233	1058.4	-0.0091023	11.415	0.10532	liquid
22.380	26.245	68.420	0.014616	0.038135	0.043467	1.9254	11.670	22.233	1058.4	-0.0091024	11.415	0.10532	liquid
22.380	26.248	68.420	0.014616	0.038135	0.043467	1.9254	11.670	22.233	1058.4	-0.0091024	11.415	0.10532	liquid
22.380	26.251	68.420	0.014616	0.038134	0.043467	1.9254	11.670	22.233	1058.4	-0.0091024	11.415	0.10532	liquid
22.380	26.254	68.420	0.014616	0.038134	0.043468	1.9254	11.670	22.233	1058.4	-0.0091025	11.415	0.10532	liquid
22.380	26.257	68.420	0.014616	0.038134	0.043468	1.9254	11.670	22.233	1058.4	-0.0091025	11.415	0.10532	liquid
22.380	26.260	68.420	0.014616	0.038134	0.043468	1.9254	11.670	22.233	1058.4	-0.0091026	11.415	0.10532	liquid
22.380	26.263	68.420	0.014616	0.038133	0.043469	1.9253	11.670	22.233	1058.4	-0.0091026	11.415	0.10532	liquid
22.380	26.266	68.420	0.014616	0.038133	0.043469	1.9253	11.670	22.232	1058.4	-0.0091026	11.415	0.10532	liquid
22.380	26.269	68.420	0.014616	0.038133	0.043469	1.9253	11.670	22.232	1058.4	-0.0091027	11.415	0.10532	liquid
22.380	26.272	68.420	0.014616	0.038133	0.043470	1.9253	11.670	22.232	1058.4	-0.0091027	11.415	0.10532	liquid
22.380	26.275	68.420	0.014616	0.038132	0.043470	1.9253	11.670	22.232	1058.4	-0.0091027	11.415	0.10532	liquid
22.380	26.278	68.421	0.014616	0.038132	0.043470	1.9253	11.670	22.232	1058.4	-0.0091028	11.415	0.10532	liquid
22.380	26.281	68.421	0.014615	0.038132	0.043471	1.9253	11.670	22.232	1058.4	-0.0091028	11.415	0.10532	liquid
22.380	26.284	68.421	0.014615	0.038131	0.043471	1.9253	11.670	22.232	1058.4	-0.0091028	11.415	0.10532	liquid
22.380	26.287	68.421	0.014615	0.038131	0.043471	1.9253	11.670	22.232	1058.4	-0.0091029	11.415	0.10532	liquid
22.380	26.290	68.421	0.014615	0.038131	0.043472	1.9252	11.670	22.232	1058.4	-0.0091029	11.415	0.10532	liquid
22.380	26.293	68.421	0.014615	0.038131	0.043472	1.9252	11.670	22.232	1058.4	-0.0091030	11.415	0.10532	liquid
22.380	26.296	68.421	0.014615	0.038130	0.043472	1.9252	11.670	22.232	1058.4	-0.0091030	11.415	0.10532	liquid
22.380	26.299	68.421	0.014615	0.038130	0.043473	1.9252	11.670	22.232	1058.4	-0.0091030	11.415	0.10532	liquid
22.380	26.302	68.421	0.014615	0.038130	0.043473	1.9252	11.670	22.232	1058.5	-0.0091031	11.415	0.10532	liquid
22.380	26.305	68.421	0.014615	0.038130	0.043473	1.9252	11.670	22.232	1058.5	-0.0091031	11.415	0.10532	liquid
22.380	26.308	68.421	0.014615	0.038129	0.043474	1.9252	11.670	22.232	1058.5	-0.0091031	11.415	0.10532	liquid
22.380	26.311	68.421	0.014615	0.038129	0.043474	1.9252	11.670	22.232	1058.5	-0.0091032	11.415	0.10532	liquid
22.380	26.314	68.421	0.014615	0.038129	0.043474	1.9251	11.670	22.232	1058.5	-0.0091032	11.415	0.10532	liquid
22.380	26.317	68.421	0.014615	0.038129	0.043475	1.9251	11.670	22.232	1058.5	-0.0091032	11.416	0.10532	liquid
22.380	26.320	68.421	0.014615	0.038128	0.043475	1.9251	11.670	22.232	1058.5	-0.0091033	11.416	0.10532	liquid
22.380	26.323	68.421	0.014615	0.038128	0.043475	1.9251	11.670	22.232	1058.5	-0.0091033	11.416	0.10532	liquid
22.380	26.326	68.421	0.014615	0.038128	0.043476	1.9251	11.670	22.232	1058.5	-0.0091034	11.416	0.10532	liquid
22.380	26.329	68.421	0.014615	0.038127	0.043476	1.9251	11.670	22.232	1058.5	-0.0091034	11.416	0.10532	liquid
22.380	26.332	68.421	0.014615	0.038127	0.043476	1.9251	11.670	22.232	1058.5	-0.0091034	11.416	0.10532	liquid
22.380	26.335	68.421	0.014615	0.038127	0.043477	1.9251	11.670	22.232	1058.5	-0.0091035	11.416	0.10532	liquid
22.380	26.338	68.421	0.014615	0.038127	0.043477	1.9250	11.670	22.232	1058.5	-0.0091035	11.416	0.10532	liquid
22.380	26.341	68.421	0.014615	0.038126	0.043477	1.9250	11.670	22.232	1058.5	-0.0091035	11.416	0.10532	liquid
22.380	26.344	68.421	0.014615	0.038126	0.043478	1.9250	11.670	22.232	1058.5	-0.0091036	11.416	0.10532	liquid
22.380	26.347	68.421	0.014615	0.038126	0.043478	1.9250	11.670	22.232	1058.5	-0.0091036	11.416	0.10532	liquid
22.380	26.350	68.421	0.014615	0.038126	0.043478	1.9250	11.670	22.232	1058.5	-0.0091036	11.416	0.10532	liquid
22.380	26.353	68.421	0.014615	0.038125	0.043479	1.9250	11.670	22.231	1058.5	-0.0091037	11.416	0.10532	liquid
22.380	26.356	68.421	0.014615	0.038125	0.043479	1.9250	11.670	22.231	1058.5	-0.0091037	11.416	0.10532	liquid
22.380	26.359	68.421	0.014615	0.038125	0.043479	1.9250	11.670	22.231	1058.5	-0.0091037	11.416	0.10532	liquid
22.380	26.362	68.421	0.014615	0.038124	0.043480	1.9249	11.670	22.231	1058.5	-0.0091038	11.416	0.10532	liquid
22.380	26.365	68.422	0.014615	0.038124	0.043480	1.9249	11.670	22.231	1058.5	-0.0091038	11.416	0.10532	liquid
22.380	26.368	68.422	0.014615	0.038124	0.043480	1.9249	11.670	22.231	1058.5	-0.0091039	11.416	0.10532	liquid
22.380	26.371	68.422	0.014615	0.038124	0.043481	1.9249	11.670	22.231	1058.5	-0.0091039	11.416	0.10532	liquid
22.380	26.374	68.422	0.014615	0.038123	0.043481	1.9249	11.670	22.231	1058.5	-0.0091039	11.416	0.10532	liquid
22.380	26.377	68.422	0.014615	0.038123	0.043481	1.9249	11.670	22.231	1058.5	-0.0091040	11.416	0.10532	liquid
22.380	26.380	68.422	0.014615	0.038123	0.043482	1.9249	11.670	22.231	1058.5	-0.0091040	11.416	0.10532	liquid
22.380	26.383	68.422	0.014615	0.038123	0.043482	1.9249	11.670	22.231	1058.5	-0.0091040	11.416	0.10532	liquid
22.380	26.386	68.422	0.014615	0.038122	0.043482	1.9248	11.670	22.231	1058.5	-0.0091041	11.416	0.10532	liquid
22.380	26.389	68.422	0.014615	0.038122	0.043483	1.9248	11.670	22.231	1058.5	-0.0091041	11.416	0.10532	liquid
22.380	26.392	68.422	0.014615	0.038122	0.043483	1.9248	11.670	22.231	1058.5	-0.0091041	11.416	0.10532	liquid
22.380	26.395	68.422	0.014615	0.038122	0.043483	1.9248	11.670	22.231	1058.5	-0.0091042	11.416	0.10532	liquid
22.380	26.398	68.422	0.014615	0.038121	0.043484	1.9248	11.670	22.231	1058.5	-0.0091042	11.416	0.10532	liquid
22.380	26.401	68.422	0.014615	0.038121	0.043484	1.9248	11.670	22.231	1058.5	-0.0091043	11.416	0.10532	liquid
22.380	26.404	68.422	0.014615	0.038121	0.043484	1.9248	11.670	22.231	1058.5	-0.0091043	11.416	0.10532	liquid
22.380	26.407	68.422	0.014615	0.038120	0.043485	1.9248	11.670	22.231	1058.5	-0.0091043	11.416	0.10532	liquid
22.380	26.410	68.422	0.014615	0.038120	0.043485	1.9248	11.670	22.231	1058.5	-0.0091044	11.416	0.10532	liquid
22.380	26.413	68.422	0.014615	0.038120	0.043486	1.9247	11.670	22.231	1058.5	-0.0091044	11.416	0.10532	liquid
22.380	26.416	68.422	0.014615	0.038120	0.043486	1.9247	11.670	22.231	1058.5	-0.0091044	11.416	0.10532	liquid
22.380	26.419	68.422	0.014615	0.038119	0.043486	1.9247	11.670	22.231	1058.5	-0.0091045	11.416	0.10532	liquid
22.380	26.422	68.422	0.014615	0.038119	0.043487	1.9247	11.670	22.231	1058.5	-0.0091045	11.416	0.10532	liquid
22.380	26.425	68.422	0.014615	0.038119	0.043487	1.9247	11.670	22.231	1058.5	-0.0091045	11.416	0.10532	liquid
22.380	26.428	68.422	0.014615	0.038119	0.043487	1.9247	11.670	22.231	1058.5	-0.0091046	11.416	0.10532	liquid
22.380	26.431	68.422	0.014615	0.038118	0.043488	1.9247	11.670	22.231	1058.5	-0.0091046	11.416	0.10532	liquid
22.380	26.434	68.422	0.014615	0.038118	0.043488	1.9247	11.670	22.231	1058.5	-0.0091047	11.416	0.10532	liquid
22.380	26.437	68.422	0.014615	0.038118	0.043488	1.9246	11.670	22.231	1058.5	-0.0091047	11.416	0.10532	liquid
22.380	26.440	68.422	0.014615	0.038117	0.043489	1.9246	11.670	22.231	1058.5	-0.0091047	11.416	0.10532	liquid
22.380	26.443	68.422	0.014615	0.038117	0.043489	1.9246	11.670	22.230	1058.5	-0.0091048	11.416	0.10532	liquid
22.380	26.446	68.422	0.014615	0.038117	0.043489	1.9246	11.670	22.230	1058.5	-0.0091048	11.416	0.10532	liquid
22.380	26.449	68.423	0.014615	0.038117	0.043490	1.9246	11.670	22.230	1058.5	-0.0091048	11.416	0.10532	liquid
22.380	26.452	68.423	0.014615	0.038116	0.043490	1.9246	11.670	22.230	1058.5	-0.0091049	11.416	0.10532	liquid
22.380	26.455	68.423	0.014615	0.038116	0.043490	1.9246	11.670	22.230	1058.5	-0.0091049	11.416	0.10532	liquid
22.380	26.458	68.423	0.014615	0.038116	0.043491	1.9246	11.670	22.230	1058.5	-0.0091049	11.416	0.10532	liquid
22.380	26.461	68.423	0.014615	0.038116	0.043491	1.9245	11.670	22.230	1058.5	-0.0091050	11.416	0.10532	liquid
22.380	26.464	68.423	0.014615	0.038115	0.043491	1.9245	11.670	22.230	1058.5	-0.0091050	11.416	0.10532	liquid
22.380	26.467	68.423	0.014615	0.038115	0.043492	1.9245	11.670	22.230	1058.5	-0.0091051	11.416	0.10532	liquid
22.380	26.470	68.423	0.014615	0.038115	0.043492	1.9245	11.670	22.230	1058.5	-0.0091051	11.416	0.10532	liquid
22.380	26.473	68.423	0.014615	0.038115	0.043492	1.9245	11.670	22.230	1058.5	-0.0091051	11.417	0.10532	liquid
22.380	26.476	68.423	0.014615	0.038114	0.043493	1.9245	11.670	22.230	1058.5	-0.0091052	11.417	0.10532	liquid
22.380	26.479	68.423	0.014615	0.038114	0.043493	1.9245	11.670	22.230	1058.5	-0.0091052	11.417	0.10532	liquid
22.380	26.482	68.423	0.014615	0.038114	0.043493	1.9245	11.670	22.230	1058.5	-0.0091052	11.417	0.10532	liquid
22.380	26.485	68.423	0.014615	0.038113	0.043494	1.9244	11.670	22.230	1058.5	-0.0091053	11.417	0.10533	liquid
22.380	26.488	68.423	0.014615	0.038113	0.043494	1.9244	11.670	22.230	1058.5	-0.0091053	11.417	0.10533	liquid
22.380	26.491	68.423	0.014615	0.038113	0.043494	1.9244	11.670	22.230	1058.5	-0.0091053	11.417	0.10533	liquid
22.380	26.494	68.423	0.014615	0.038113	0.043495	1.9244	11.670	22.230	1058.5	-0.0091054	11.417	0.10533	liquid
22.380	26.497	68.423	0.014615	0.038112	0.043495	1.9244	11.670	22.230	1058.5	-0.0091054	11.417	0.10533	liquid
22.380	26.500	68.423	0.014615	0.038112	0.043495	1.9244	11.670	22.230	1058.5	-0.0091055	11.417	0.10533	liquid
22.380	26.503	68.423	0.014615	0.038112	0.043496	1.9244	11.670	22.230	1058.5	-0.0091055	11.417	0.10533	liquid
22.380	26.506	68.423	0.014615	0.038112	0.043496	1.9244	11.670	22.230	1058.5	-0.0091055	11.417	0.10533	liquid
22.380	26.509	68.423	0.014615	0.038111	0.043496	1.9244	11.670	22.230	1058.5	-0.0091056	11.417	0.10533	liquid
22.380	26.512	68.423	0.014615	0.038111	0.043497	1.9243	11.670	22.230	1058.5	-0.0091056	11.417	0.10533	liquid
22.380	26.515	68.423	0.014615	0.038111	0.043497	1.9243	11.670	22.230	1058.5	-0.0091056	11.417	0.10533	liquid
22.380	26.518	68.423	0.014615	0.038110	0.043497	1.9243	11.670	22.230	1058.5	-0.0091057	11.417	0.10533	liquid
22.380	26.521	68.423	0.014615	0.038110	0.043498	1.9243	11.670	22.230	1058.5	-0.0091057	11.417	0.10533	liquid
22.380	26.524	68.423	0.014615	0.038110	0.043498	1.9243	11.670	22.230	1058.6	-0.0091057	11.417	0.10533	liquid
22.380	26.527	68.423	0.014615	0.038110	0.043498	1.9243	11.670	22.230	1058.6	-0.0091058	11.417	0.10533	liquid
22.380	26.530	68.423	0.014615	0.038109	0.043499	1.9243	11.670	22.230	1058.6	-0.0091058	11.417	0.10533	liquid
22.380	26.533	68.423	0.014615	0.038109	0.043499	1.9243	11.670	22.229	1058.6	-0.0091058	11.417	0.10533	liquid
22.380	26.536	68.424	0.014615	0.038109	0.043499	1.9242	11.670	22.229	1058.6	-0.0091059	11.417	0.10533	liquid
22.380	26.539	68.424	0.014615	0.038109	0.043500	1.9242	11.670	22.229	1058.6	-0.0091059	11.417	0.10533	liquid
22.380	26.542	68.424	0.014615	0.038108	0.043500	1.9242	11.670	22.229	1058.6	-0.0091060	11.417	0.10533	liquid
22.380	26.545	68.424	0.014615	0.038108	0.043500	1.9242	11.670	22.229	1058.6	-0.0091060	11.417	0.10533	liquid
22.380	26.548	68.424	0.014615	0.038108	0.043501	1.9242	11.670	22.229	1058.6	-0.0091060	11.417	0.10533	liquid
22.380	26.551	68.424	0.014615	0.038108	0.043501	1.9242	11.670	22.229	1058.6	-0.0091061	11.417	0.10533	liquid
22.380	26.554	68.424	0.014615	0.038107	0.043501	1.9242	11.670	22.229	1058.6	-0.0091061	11.417	0.10533	liquid
22.380	26.557	68.424	0.014615	0.038107	0.043502	1.9242	11.670	22.229	1058.6	-0.0091061	11.417	0.10533	liquid
22.380	26.560	68.424	0.014615	0.038107	0.043502	1.9241	11.670	22.229	1058.6	-0.0091062	11.417	0.10533	liquid
22.380	26.563	68.424	0.014615	0.038106	0.043502	1.9241	11.670	22.229	1058.6	-0.0091062	11.417	0.10533	liquid
22.380	26.566	68.424	0.014615	0.038106	0.043503	1.9241	11.670	22.229	1058.6	-0.0091062	11.417	0.10533	liquid
22.380	26.569	68.424	0.014615	0.038106	0.043503	1.9241	11.670	22.229	1058.6	-0.0091063	11.417	0.10533	liquid
22.380	26.572	68.424	0.014615	0.038106	0.043503	1.9241	11.670	22.229	1058.6	-0.0091063	11.417	0.10533	liquid
22.380	26.575	68.424	0.014615	0.038105	0.043504	1.9241	11.670	22.229	1058.6	-0.0091064	11.417	0.10533	liquid
22.380	26.578	68.424	0.014615	0.038105	0.043504	1.9241	11.670	22.229	1058.6	-0.0091064	11.417	0.10533	liquid
22.380	26.581	68.424	0.014615	0.038105	0.043504	1.9241	11.670	22.229	1058.6	-0.0091064	11.417	0.10533	liquid
22.380	26.584	68.424	0.014615	0.038105	0.043505	1.9240	11.670	22.229	1058.6	-0.0091065	11.417	0.10533	liquid
22.380	26.587	68.424	0.014615	0.038104	0.043505	1.9240	11.670	22.229	1058.6	-0.0091065	11.417	0.10533	liquid
22.380	26.590	68.424	0.014615	0.038104	0.043505	1.9240	11.670	22.229	1058.6	-0.0091065	11.417	0.10533	liquid
22.380	26.593	68.424	0.014615	0.038104	0.043506	1.9240	11.670	22.229	1058.6	-0.0091066	11.417	0.10533	liquid
22.380	26.596	68.424	0.014615	0.038103	0.043506	1.9240	11.670	22.229	1058.6	-0.0091066	11.417	0.10533	liquid
22.380	26.599	68.424	0.014615	0.038103	0.043506	1.9240	11.670	22.229	1058.6	-0.0091066	11.417	0.10533	liquid
22.380	26.602	68.424	0.014615	0.038103	0.043507	1.9240	11.670	22.229	1058.6	-0.0091067	11.417	0.10533	liquid
22.380	26.605	68.424	0.014615	0.038103	0.043507	1.9240	11.670	22.229	1058.6	-0.0091067	11.417	0.10533	liquid
22.380	26.608	68.424	0.014615	0.038102	0.043507	1.9239	11.670	22.229	1058.6	-0.0091068	11.417	0.10533	liquid
22.380	26.611	68.424	0.014615	0.038102	0.043508	1.9239	11.670	22.229	1058.6	-0.0091068	11.417	0.10533	liquid
22.380	26.614	68.424	0.014615	0.038102	0.043508	1.9239	11.670	22.229	1058.6	-0.0091068	11.417	0.10533	liquid
22.380	26.617	68.424	0.014615	0.038102	0.043508	1.9239	11.670	22.229	1058.6	-0.0091069	11.417	0.10533	liquid
22.380	26.620	68.425	0.014615	0.038101	0.043509	1.9239	11.670	22.228	1058.6	-0.0091069	11.417	0.10533	liquid
22.380	26.623	68.425	0.014615	0.038101	0.043509	1.9239	11.670	22.228	1058.6	-0.0091069	11.417	0.10533	liquid
22.380	26.626	68.425	0.014615	0.038101	0.043509	1.9239	11.670	22.228	1058.6	-0.0091070	11.417	0.10533	liquid
22.380	26.629	68.425	0.014615	0.038101	0.043510	1.9239	11.670	22.228	1058.6	-0.0091070	11.418	0.10533	liquid
22.380	26.632	68.425	0.014615	0.038100	0.043510	1.9239	11.670	22.228	1058.6	-0.0091070	11.418	0.10533	liquid
22.380	26.635	68.425	0.014615	0.038100	0.043510	1.9238	11.670	22.228	1058.6	-0.0091071	11.418	0.10533	liquid
22.380	26.638	68.425	0.014615	0.038100	0.043511	1.9238	11.670	22.228	1058.6	-0.0091071	11.418	0.10533	liquid
22.380	26.641	68.425	0.014615	0.038099	0.043511	1.9238	11.670	22.228	1058.6	-0.0091072	11.418	0.10533	liquid
22.380	26.644	68.425	0.014615	0.038099	0.043511	1.9238	11.670	22.228	1058.6	-0.0091072	11.418	0.10533	liquid
22.380	26.647	68.425	0.014615	0.038099	0.043512	1.9238	11.670	22.228	1058.6	-0.0091072	11.418	0.10533	liquid
22.380	26.650	68.425	0.014615	0.038099	0.043512	1.9238	11.670	22.228	1058.6	-0.0091073	11.418	0.10533	liquid
22.380	26.653	68.425	0.014615	0.038098	0.043512	1.9238	11.670	22.228	1058.6	-0.0091073	11.418	0.10533	liquid
22.380	26.656	68.425	0.014615	0.038098	0.043513	1.9238	11.670	22.228	1058.6	-0.0091073	11.418	0.10533	liquid
22.380	26.659	68.425	0.014615	0.038098	0.043513	1.9237	11.670	22.228	1058.6	-0.0091074	11.418	0.10533	liquid
22.380	26.662	68.425	0.014615	0.038098	0.043514	1.9237	11.670	22.228	1058.6	-0.0091074	11.418	0.10533	liquid
22.380	26.665	68.425	0.014615	0.038097	0.043514	1.9237	11.670	22.228	1058.6	-0.0091074	11.418	0.10533	liquid
22.380	26.668	68.425	0.014615	0.038097	0.043514	1.9237	11.670	22.228	1058.6	-0.0091075	11.418	0.10533	liquid
22.380	26.671	68.425	0.014615	0.038097	0.043515	1.9237	11.670	22.228	1058.6	-0.0091075	11.418	0.10533	liquid
22.380	26.674	68.425	0.014615	0.038096	0.043515	1.9237	11.670	22.228	1058.6	-0.0091075	11.418	0.10533	liquid
22.380	26.677	68.425	0.014615	0.038096	0.043515	1.9237	11.670	22.228	1058.6	-0.0091076	11.418	0.10533	liquid
22.380	26.680	68.425	0.014614	0.038096	0.043516	1.9237	11.670	22.228	1058.6	-0.0091076	11.418	0.10533	liquid
22.380	26.683	68.425	0.014614	0.038096	0.043516	1.9236	11.670	22.228	1058.6	-0.0091077	11.418	0.10533	liquid
22.380	26.686	68.425	0.014614	0.038095	0.043516	1.9236	11.670	22.228	1058.6	-0.0091077	11.418	0.10533	liquid
22.380	26.689	68.425	0.014614	0.038095	0.043517	1.9236	11.670	22.228	1058.6	-0.0091077	11.418	0.10533	liquid
22.380	26.692	68.425	0.014614	0.038095	0.043517	1.9236	11.670	22.228	1058.6	-0.0091078	11.418	0.10533	liquid
22.380	26.695	68.425	0.014614	0.038095	0.043517	1.9236	11.670	22.228	1058.6	-0.0091078	11.418	0.10533	liquid
22.380	26.698	68.425	0.014614	0.038094	0.043518	1.9236	11.670	22.228	1058.6	-0.0091078	11.418	0.10533	liquid
22.380	26.701	68.425	0.014614	0.038094	0.043518	1.9236	11.670	22.228	1058.6	-0.0091079	11.418	0.10533	liquid
22.380	26.704	68.425	0.014614	0.038094	0.043518	1.9236	11.670	22.228	1058.6	-0.0091079	11.418	0.10533	liquid
22.380	26.707	68.426	0.014614	0.038094	0.043519	1.9235	11.670	22.228	1058.6	-0.0091079	11.418	0.10533	liquid
22.380	26.710	68.426	0.014614	0.038093	0.043519	1.9235	11.670	22.227	1058.6	-0.0091080	11.418	0.10533	liquid
22.380	26.713	68.426	0.014614	0.038093	0.043519	1.9235	11.670	22.227	1058.6	-0.0091080	11.418	0.10533	liquid
22.380	26.716	68.426	0.014614	0.038093	0.043520	1.9235	11.670	22.227	1058.6	-0.0091081	11.418	0.10533	liquid
22.380	26.719	68.426	0.014614	0.038092	0.043520	1.9235	11.670	22.227	1058.6	-0.0091081	11.418	0.10533	liquid
22.380	26.722	68.426	0.014614	0.038092	0.043520	1.9235	11.670	22.227	1058.6	-0.0091081	11.418	0.10533	liquid
22.380	26.725	68.426	0.014614	0.038092	0.043521	1.9235	11.670	22.227	1058.6	-0.0091082	11.418	0.10533	liquid
22.380	26.728	68.426	0.014614	0.038092	0.043521	1.9235	11.670	22.227	1058.6	-0.0091082	11.418	0.10533	liquid
22.380	26.731	68.426	0.014614	0.038091	0.043521	1.9235	11.670	22.227	1058.6	-0.0091082	11.418	0.10533	liquid
22.380	26.734	68.426	0.014614	0.038091	0.043522	1.9234	11.670	22.227	1058.6	-0.0091083	11.418	0.10533	liquid
22.380	26.737	68.426	0.014614	0.038091	0.043522	1.9234	11.670	22.227	1058.6	-0.0091083	11.418	0.10533	liquid
22.380	26.740	68.426	0.014614	0.038091	0.043522	1.9234	11.670	22.227	1058.6	-0.0091083	11.418	0.10533	liquid
22.380	26.743	68.426	0.014614	0.038090	0.043523	1.9234	11.670	22.227	1058.6	-0.0091084	11.418	0.10533	liquid
22.380	26.746	68.426	0.014614	0.038090	0.043523	1.9234	11.670	22.227	1058.7	-0.0091084	11.418	0.10533	liquid
22.380	26.749	68.426	0.014614	0.038090	0.043523	1.9234	11.670	22.227	1058.7	-0.0091085	11.418	0.10533	liquid
22.380	26.752	68.426	0.014614	0.038089	0.043524	1.9234	11.670	22.227	1058.7	-0.0091085	11.418	0.10533	liquid
22.380	26.755	68.426	0.014614	0.038089	0.043524	1.9234	11.670	22.227	1058.7	-0.0091085	11.418	0.10533	liquid
22.380	26.758	68.426	0.014614	0.038089	0.043524	1.9233	11.670	22.227	1058.7	-0.0091086	11.418	0.10533	liquid
22.380	26.761	68.426	0.014614	0.038089	0.043525	1.9233	11.670	22.227	1058.7	-0.0091086	11.418	0.10533	liquid
22.380	26.764	68.426	0.014614	0.038088	0.043525	1.9233	11.670	22.227	1058.7	-0.0091086	11.418	0.10533	liquid
22.380	26.767	68.426	0.014614	0.038088	0.043525	1.9233	11.670	22.227	1058.7	-0.0091087	11.418	0.10533	liquid
22.380	26.770	68.426	0.014614	0.038088	0.043526	1.9233	11.670	22.227	1058.7	-0.0091087	11.418	0.10533	liquid
22.380	26.773	68.426	0.014614	0.038088	0.043526	1.9233	11.670	22.227	1058.7	-0.0091087	11.418	0.10533	liquid
22.380	26.776	68.426	0.014614	0.038087	0.043526	1.9233	11.670	22.227	1058.7	-0.0091088	11.418	0.10533	liquid
22.380	26.779	68.426	0.014614	0.038087	0.043527	1.9233	11.670	22.227	1058.7	-0.0091088	11.418	0.10533	liquid
22.380	26.782	68.426	0.014614	0.038087	0.043527	1.9232	11.670	22.227	1058.7	-0.0091089	11.418	0.10533	liquid
22.380	26.785	68.426	0.014614	0.038087	0.043527	1.9232	11.670	22.227	1058.7	-0.0091089	11.419	0.10533	liquid
22.380	26.788	68.426	0.014614	0.038086	0.043528	1.9232	11.670	22.227	1058.7	-0.0091089	11.419	0.10533	liquid
22.380	26.791	68.427	0.014614	0.038086	0.043528	1.9232	11.670	22.227	1058.7	-0.0091090	11.419	0.10533	liquid
22.380	26.794	68.427	0.014614	0.038086	0.043528	1.9232	11.670	22.227	1058.7	-0.0091090	11.419	0.10533	liquid
22.380	26.797	68.427	0.014614	0.038085	0.043529	1.9232	11.670	22.227	1058.7	-0.0091090	11.419	0.10533	liquid
22.380	26.800	68.427	0.014614	0.038085	0.043529	1.9232	11.670	22.226	1058.7	-0.0091091	11.419	0.10533	liquid
22.380	26.803	68.427	0.014614	0.038085	0.043529	1.9232	11.670	22.226	1058.7	-0.0091091	11.419	0.10533	liquid
22.380	26.806	68.427	0.014614	0.038085	0.043530	1.9231	11.670	22.226	1058.7	-0.0091091	11.419	0.10533	liquid
22.380	26.809	68.427	0.014614	0.038084	0.043530	1.9231	11.670	22.226	1058.7	-0.0091092	11.419	0.10533	liquid
22.380	26.812	68.427	0.014614	0.038084	0.043530	1.9231	11.670	22.226	1058.7	-0.0091092	11.419	0.10533	liquid
22.380	26.815	68.427	0.014614	0.038084	0.043531	1.9231	11.670	22.226	1058.7	-0.0091092	11.419	0.10533	liquid
22.380	26.818	68.427	0.014614	0.038084	0.043531	1.9231	11.670	22.226	1058.7	-0.0091093	11.419	0.10533	liquid
22.380	26.821	68.427	0.014614	0.038083	0.043531	1.9231	11.670	22.226	1058.7	-0.0091093	11.419	0.10533	liquid
22.380	26.824	68.427	0.014614	0.038083	0.043532	1.9231	11.670	22.226	1058.7	-0.0091094	11.419	0.10533	liquid
22.380	26.827	68.427	0.014614	0.038083	0.043532	1.9231	11.670	22.226	1058.7	-0.0091094	11.419	0.10533	liquid
22.380	26.830	68.427	0.014614	0.038082	0.043532	1.9231	11.670	22.226	1058.7	-0.0091094	11.419	0.10533	liquid
22.380	26.833	68.427	0.014614	0.038082	0.043533	1.9230	11.670	22.226	1058.7	-0.0091095	11.419	0.10533	liquid
22.380	26.836	68.427	0.014614	0.038082	0.043533	1.9230	11.670	22.226	1058.7	-0.0091095	11.419	0.10533	liquid
22.380	26.839	68.427	0.014614	0.038082	0.043533	1.9230	11.670	22.226	1058.7	-0.0091095	11.419	0.10533	liquid
22.380	26.842	68.427	0.014614	0.038081	0.043534	1.9230	11.670	22.226	1058.7	-0.0091096	11.419	0.10533	liquid
22.380	26.845	68.427	0.014614	0.038081	0.043534	1.9230	11.670	22.226	1058.7	-0.0091096	11.419	0.10533	liquid
22.380	26.848	68.427	0.014614	0.038081	0.043534	1.9230	11.670	22.226	1058.7	-0.0091096	11.419	0.10533	liquid
22.380	26.851	68.427	0.014614	0.038081	0.043535	1.9230	11.670	22.226	1058.7	-0.0091097	11.419	0.10533	liquid
22.380	26.854	68.427	0.014614	0.038080	0.043535	1.9230	11.670	22.226	1058.7	-0.0091097	11.419	0.10533	liquid
22.380	26.857	68.427	0.014614	0.038080	0.043535	1.9229	11.670	22.226	1058.7	-0.0091098	11.419	0.10533	liquid
22.380	26.860	68.427	0.014614	0.038080	0.043536	1.9229	11.670	22.226	1058.7	-0.0091098	11.419	0.10533	liquid
22.380	26.863	68.427	0.014614	0.038080	0.043536	1.9229	11.670	22.226	1058.7	-0.0091098	11.419	0.10533	liquid
22.380	26.866	68.427	0.014614	0.038079	0.043536	1.9229	11.670	22.226	1058.7	-0.0091099	11.419	0.10533	liquid
22.380	26.869	68.427	0.014614	0.038079	0.043537	1.9229	11.670	22.226	1058.7	-0.0091099	11.419	0.10533	liquid
22.380	26.872	68.427	0.014614	0.038079	0.043537	1.9229	11.670	22.226	1058.7	-0.0091099	11.419	0.10533	liquid
22.380	26.875	68.427	0.014614	0.038078	0.043537	1.9229	11.670	22.226	1058.7	-0.0091100	11.419	0.10533	liquid
22.380	26.878	68.428	0.014614	0.038078	0.043538	1.9229	11.670	22.226	1058.7	-0.0091100	11.419	0.10533	liquid
22.380	26.881	68.428	0.014614	0.038078	0.043538	1.9228	11.670	22.226	1058.7	-0.0091100	11.419	0.10533	liquid
22.380	26.884	68.428	0.014614	0.038078	0.043538	1.9228	11.670	22.226	1058.7	-0.0091101	11.419	0.10533	liquid
22.380	26.887	68.428	0.014614	0.038077	0.043539	1.9228	11.670	22.225	1058.7	-0.0091101	11.419	0.10533	liquid
22.380	26.890	68.428	0.014614	0.038077	0.043539	1.9228	11.670	22.225	1058.7	-0.0091102	11.419	0.10533	liquid
22.380	26.893	68.428	0.014614	0.038077	0.043539	1.9228	11.670	22.225	1058.7	-0.0091102	11.419	0.10533	liquid
22.380	26.896	68.428	0.014614	0.038077	0.043540	1.9228	11.670	22.225	1058.7	-0.0091102	11.419	0.10533	liquid
22.380	26.899	68.428	0.014614	0.038076	0.043540	1.9228	11.670	22.225	1058.7	-0.0091103	11.419	0.10533	liquid
22.380	26.902	68.428	0.014614	0.038076	0.043541	1.9228	11.670	22.225	1058.7	-0.0091103	11.419	0.10533	liquid
22.380	26.905	68.428	0.014614	0.038076	0.043541	1.9227	11.670	22.225	1058.7	-0.0091103	11.419	0.10533	liquid
22.380	26.908	68.428	0.014614	0.038075	0.043541	1.9227	11.670	22.225	1058.7	-0.0091104	11.419	0.10533	liquid
22.380	26.911	68.428	0.014614	0.038075	0.043542	1.9227	11.670	22.225	1058.7	-0.0091104	11.419	0.10533	liquid
22.380	26.914	68.428	0.014614	0.038075	0.043542	1.9227	11.670	22.225	1058.7	-0.0091104	11.419	0.10533	liquid
22.380	26.917	68.428	0.014614	0.038075	0.043542	1.9227	11.670	22.225	1058.7	-0.0091105	11.419	0.10533	liquid
22.380	26.920	68.428	0.014614	0.038074	0.043543	1.9227	11.670	22.225	1058.7	-0.0091105	11.419	0.10533	liquid
22.380	26.923	68.428	0.014614	0.038074	0.043543	1.9227	11.670	22.225	1058.7	-0.0091106	11.419	0.10533	liquid
22.380	26.926	68.428	0.014614	0.038074	0.043543	1.9227	11.670	22.225	1058.7	-0.0091106	11.419	0.10533	liquid
22.380	26.929	68.428	0.014614	0.038074	0.043544	1.9226	11.670	22.225	1058.7	-0.0091106	11.419	0.10534	liquid
22.380	26.932	68.428	0.014614	0.038073	0.043544	1.9226	11.670	22.225	1058.7	-0.0091107	11.419	0.10534	liquid
22.380	26.935	68.428	0.014614	0.038073	0.043544	1.9226	11.670	22.225	1058.7	-0.0091107	11.419	0.10534	liquid
22.380	26.938	68.428	0.014614	0.038073	0.043545	1.9226	11.670	22.225	1058.7	-0.0091107	11.419	0.10534	liquid
22.380	26.941	68.428	0.014614	0.038073	0.043545	1.9226	11.670	22.225	1058.7	-0.0091108	11.420	0.10534	liquid
22.380	26.944	68.428	0.014614	0.038072	0.043545	1.9226	11.670	22.225	1058.7	-0.0091108	11.420	0.10534	liquid
22.380	26.947	68.428	0.014614	0.038072	0.043546	1.9226	11.670	22.225	1058.7	-0.0091108	11.420	0.10534	liquid
22.380	26.950	68.428	0.014614	0.038072	0.043546	1.9226	11.670	22.225	1058.7	-0.0091109	11.420	0.10534	liquid
22.380	26.953	68.428	0.014614	0.038071	0.043546	1.9226	11.670	22.225	1058.7	-0.0091109	11.420	0.10534	liquid
22.380	26.956	68.428	0.014614	0.038071	0.043547	1.9225	11.670	22.225	1058.7	-0.0091109	11.420	0.10534	liquid
22.380	26.959	68.428	0.014614	0.038071	0.043547	1.9225	11.670	22.225	1058.7	-0.0091110	11.420	0.10534	liquid
22.380	26.962	68.429	0.014614	0.038071	0.043547	1.9225	11.670	22.225	1058.7	-0.0091110	11.420	0.10534	liquid
22.380	26.965	68.429	0.014614	0.038070	0.043548	1.9225	11.670	22.225	1058.7	-0.0091111	11.420	0.10534	liquid
22.380	26.968	68.429	0.014614	0.038070	0.043548	1.9225	11.670	22.225	1058.8	-0.0091111	11.420	0.10534	liquid
22.380	26.971	68.429	0.014614	0.038070	0.043548	1.9225	11.670	22.225	1058.8	-0.0091111	11.420	0.10534	liquid
22.380	26.974	68.429	0.014614	0.038070	0.043549	1.9225	11.670	22.225	1058.8	-0.0091112	11.420	0.10534	liquid
22.380	26.977	68.429	0.014614	0.038069	0.043549	1.9225	11.670	22.224	1058.8	-0.0091112	11.420	0.10534	liquid
22.380	26.980	68.429	0.014614	0.038069	0.043549	1.9224	11.670	22.224	1058.8	-0.0091112	11.420	0.10534	liquid
22.380	26.983	68.429	0.014614	0.038069	0.043550	1.9224	11.670	22.224	1058.8	-0.0091113	11.420	0.10534	liquid
22.380	26.986	68.429	0.014614	0.038068	0.043550	1.9224	11.670	22.224	1058.8	-0.0091113	11.420	0.10534	liquid
22.380	26.989	68.429	0.014614	0.038068	0.043550	1.9224	11.670	22.224	1058.8	-0.0091113	11.420	0.10534	liquid
22.380	26.992	68.429	0.014614	0.038068	0.043551	1.9224	11.670	22.224	1058.8	-0.0091114	11.420	0.10534	liquid
22.380	26.995	68.429	0.014614	0.038068	0.043551	1.9224	11.670	22.224	1058.8	-0.0091114	11.420	0.10534	liquid
22.380	26.998	68.429	0.014614	0.038067	0.043551	1.9224	11.670	22.224	1058.8	-0.0091115	11.420	0.10534	liquid
22.380	27.001	68.429	0.014614	0.038067	0.043552	1.9224	11.670	22.224	1058.8	-0.0091115	11.420	0.10534	liquid
22.380	27.004	68.429	0.014614	0.038067	0.043552	1.9223	11.670	22.224	1058.8	-0.0091115	11.420	0.10534	liquid
22.380	27.007	68.429	0.014614	0.038067	0.043552	1.9223	11.670	22.224	1058.8	-0.0091116	11.420	0.10534	liquid
22.380	27.010	68.429	0.014614	0.038066	0.043553	1.9223	11.670	22.224	1058.8	-0.0091116	11.420	0.10534	liquid
22.380	27.013	68.429	0.014614	0.038066	0.043553	1.9223	11.670	22.224	1058.8	-0.0091116	11.420	0.10534	liquid
22.380	27.016	68.429	0.014614	0.038066	0.043553	1.9223	11.670	22.224	1058.8	-0.0091117	11.420	0.10534	liquid
22.380	27.019	68.429	0.014614	0.038066	0.043554	1.9223	11.670	22.224	1058.8	-0.0091117	11.420	0.10534	liquid
22.380	27.022	68.429	0.014614	0.038065	0.043554	1.9223	11.670	22.224	1058.8	-0.0091117	11.420	0.10534	liquid
22.380	27.025	68.429	0.014614	0.038065	0.043554	1.9223	11.670	22.224	1058.8	-0.0091118	11.420	0.10534	liquid
22.380	27.028	68.429	0.014614	0.038065	0.043555	1.9222	11.670	22.224	1058.8	-0.0091118	11.420	0.10534	liquid
22.380	27.031	68.429	0.014614	0.038064	0.043555	1.9222	11.670	22.224	1058.8	-0.0091119	11.420	0.10534	liquid
22.380	27.034	68.429	0.014614	0.038064	0.043555	1.9222	11.670	22.224	1058.8	-0.0091119	11.420	0.10534	liquid
22.380	27.037	68.429	0.014614	0.038064	0.043556	1.9222	11.670	22.224	1058.8	-0.0091119	11.420	0.10534	liquid
22.380	27.040	68.429	0.014614	0.038064	0.043556	1.9222	11.670	22.224	1058.8	-0.0091120	11.420	0.10534	liquid
22.380	27.043	68.429	0.014614	0.038063	0.043556	1.9222	11.670	22.224	1058.8	-0.0091120	11.420	0.10534	liquid
22.380	27.046	68.430	0.014614	0.038063	0.043557	1.9222	11.670	22.224	1058.8	-0.0091120	11.420	0.10534	liquid
22.380	27.049	68.430	0.014614	0.038063	0.043557	1.9222	11.670	22.224	1058.8	-0.0091121	11.420	0.10534	liquid
22.380	27.052	68.430	0.014614	0.038063	0.043557	1.9222	11.670	22.224	1058.8	-0.0091121	11.420	0.10534	liquid
22.380	27.055	68.430	0.014614	0.038062	0.043558	1.9221	11.670	22.224	1058.8	-0.0091121	11.420	0.10534	liquid
22.380	27.058	68.430	0.014614	0.038062	0.043558	1.9221	11.670	22.224	1058.8	-0.0091122	11.420	0.10534	liquid
22.380	27.061	68.430	0.014614	0.038062	0.043558	1.9221	11.670	22.224	1058.8	-0.0091122	11.420	0.10534	liquid
22.380	27.064	68.430	0.014614	0.038061	0.043559	1.9221	11.670	22.224	1058.8	-0.0091123	11.420	0.10534	liquid
22.380	27.067	68.430	0.014614	0.038061	0.043559	1.9221	11.670	22.223	1058.8	-0.0091123	11.420	0.10534	liquid
22.380	27.070	68.430	0.014614	0.038061	0.043559	1.9221	11.670	22.223	1058.8	-0.0091123	11.420	0.10534	liquid
22.380	27.073	68.430	0.014614	0.038061	0.043560	1.9221	11.670	22.223	1058.8	-0.0091124	11.420	0.10534	liquid
22.380	27.076	68.430	0.014614	0.038060	0.043560	1.9221	11.670	22.223	1058.8	-0.0091124	11.420	0.10534	liquid
22.380	27.079	68.430	0.014613	0.038060	0.043560	1.9220	11.670	22.223	1058.8	-0.0091124	11.420	0.10534	liquid
22.380	27.082	68.430	0.014613	0.038060	0.043561	1.9220	11.670	22.223	1058.8	-0.0091125	11.420	0.10534	liquid
22.380	27.085	68.430	0.014613	0.038060	0.043561	1.9220	11.670	22.223	1058.8	-0.0091125	11.420	0.10534	liquid
22.380	27.088	68.430	0.014613	0.038059	0.043561	1.9220	11.670	22.223	1058.8	-0.0091125	11.420	0.10534	liquid
22.380	27.091	68.430	0.014613	0.038059	0.043562	1.9220	11.670	22.223	1058.8	-0.0091126	11.420	0.10534	liquid
22.380	27.094	68.430	0.014613	0.038059	0.043562	1.9220	11.670	22.223	1058.8	-0.0091126	11.420	0.10534	liquid
22.380	27.097	68.430	0.014613	0.038059	0.043562	1.9220	11.670	22.223	1058.8	-0.0091126	11.421	0.10534	liquid
22.380	27.100	68.430	0.014613	0.038058	0.043563	1.9220	11.670	22.223	1058.8	-0.0091127	11.421	0.10534	liquid
22.380	27.103	68.430	0.014613	0.038058	0.043563	1.9219	11.670	22.223	1058.8	-0.0091127	11.421	0.10534	liquid
22.380	27.106	68.430	0.014613	0.038058	0.043563	1.9219	11.670	22.223	1058.8	-0.0091128	11.421	0.10534	liquid
22.380	27.109	68.430	0.014613	0.038057	0.043564	1.9219	11.670	22.223	1058.8	-0.0091128	11.421	0.10534	liquid
22.380	27.112	68.430	0.014613	0.038057	0.043564	1.9219	11.670	22.223	1058.8	-0.0091128	11.421	0.10534	liquid
22.380	27.115	68.430	0.014613	0.038057	0.043564	1.9219	11.670	22.223	1058.8	-0.0091129	11.421	0.10534	liquid
22.380	27.118	68.430	0.014613	0.038057	0.043565	1.9219	11.670	22.223	1058.8	-0.0091129	11.421	0.10534	liquid
22.380	27.121	68.430	0.014613	0.038056	0.043565	1.9219	11.670	22.223	1058.8	-0.0091129	11.421	0.10534	liquid
22.380	27.124	68.430	0.014613	0.038056	0.043565	1.9219	11.670	22.223	1058.8	-0.0091130	11.421	0.10534	liquid
22.380	27.127	68.430	0.014613	0.038056	0.043566	1.9218	11.670	22.223	1058.8	-0.0091130	11.421	0.10534	liquid
22.380	27.130	68.430	0.014613	0.038056	0.043566	1.9218	11.670	22.223	1058.8	-0.0091130	11.421	0.10534	liquid
22.380	27.133	68.431	0.014613	0.038055	0.043566	1.9218	11.670	22.223	1058.8	-0.0091131	11.421	0.10534	liquid
22.380	27.136	68.431	0.014613	0.038055	0.043567	1.9218	11.670	22.223	1058.8	-0.0091131	11.421	0.10534	liquid
22.380	27.139	68.431	0.014613	0.038055	0.043567	1.9218	11.670	22.223	1058.8	-0.0091132	11.421	0.10534	liquid
22.380	27.142	68.431	0.014613	0.038055	0.043568	1.9218	11.670	22.223	1058.8	-0.0091132	11.421	0.10534	liquid
22.380	27.145	68.431	0.014613	0.038054	0.043568	1.9218	11.670	22.223	1058.8	-0.0091132	11.421	0.10534	liquid
22.380	27.148	68.431	0.014613	0.038054	0.043568	1.9218	11.670	22.223	1058.8	-0.0091133	11.421	0.10534	liquid
22.380	27.151	68.431	0.014613	0.038054	0.043569	1.9218	11.670	22.223	1058.8	-0.0091133	11.421	0.10534	liquid
22.380	27.154	68.431	0.014613	0.038053	0.043569	1.9217	11.670	22.223	1058.8	-0.0091133	11.421	0.10534	liquid
22.380	27.157	68.431	0.014613	0.038053	0.043569	1.9217	11.670	22.222	1058.8	-0.0091134	11.421	0.10534	liquid
22.380	27.160	68.431	0.014613	0.038053	0.043570	1.9217	11.670	22.222	1058.8	-0.0091134	11.421	0.10534	liquid
22.380	27.163	68.431	0.014613	0.038053	0.043570	1.9217	11.670	22.222	1058.8	-0.0091134	11.421	0.10534	liquid
22.380	27.166	68.431	0.014613	0.038052	0.043570	1.9217	11.670	22.222	1058.8	-0.0091135	11.421	0.10534	liquid
22.380	27.169	68.431	0.014613	0.038052	0.043571	1.9217	11.670	22.222	1058.8	-0.0091135	11.421	0.10534	liquid
22.380	27.172	68.431	0.014613	0.038052	0.043571	1.9217	11.670	22.222	1058.8	-0.0091136	11.421	0.10534	liquid
22.380	27.175	68.431	0.014613	0.038052	0.043571	1.9217	11.670	22.222	1058.8	-0.0091136	11.421	0.10534	liquid
22.380	27.178	68.431	0.014613	0.038051	0.043572	1.9216	11.670	22.222	1058.8	-0.0091136	11.421	0.10534	liquid
22.380	27.181	68.431	0.014613	0.038051	0.043572	1.9216	11.670	22.222	1058.8	-0.0091137	11.421	0.10534	liquid
22.380	27.184	68.431	0.014613	0.038051	0.043572	1.9216	11.670	22.222	1058.8	-0.0091137	11.421	0.10534	liquid
22.380	27.187	68.431	0.014613	0.038050	0.043573	1.9216	11.670	22.222	1058.8	-0.0091137	11.421	0.10534	liquid
22.380	27.190	68.431	0.014613	0.038050	0.043573	1.9216	11.670	22.222	1058.9	-0.0091138	11.421	0.10534	liquid
22.380	27.193	68.431	0.014613	0.038050	0.043573	1.9216	11.670	22.222	1058.9	-0.0091138	11.421	0.10534	liquid
22.380	27.196	68.431	0.014613	0.038050	0.043574	1.9216	11.670	22.222	1058.9	-0.0091138	11.421	0.10534	liquid
22.380	27.199	68.431	0.014613	0.038049	0.043574	1.9216	11.670	22.222	1058.9	-0.0091139	11.421	0.10534	liquid
22.380	27.202	68.431	0.014613	0.038049	0.043574	1.9215	11.670	22.222	1058.9	-0.0091139	11.421	0.10534	liquid
22.380	27.205	68.431	0.014613	0.038049	0.043575	1.9215	11.670	22.222	1058.9	-0.0091139	11.421	0.10534	liquid
22.380	27.208	68.431	0.014613	0.038049	0.043575	1.9215	11.670	22.222	1058.9	-0.0091140	11.421	0.10534	liquid
22.380	27.211	68.431	0.014613	0.038048	0.043575	1.9215	11.670	22.222	1058.9	-0.0091140	11.421	0.10534	liquid
22.380	27.214	68.431	0.014613	0.038048	0.043576	1.9215	11.670	22.222	1058.9	-0.0091141	11.421	0.10534	liquid
22.380	27.217	68.432	0.014613	0.038048	0.043576	1.9215	11.670	22.222	1058.9	-0.0091141	11.421	0.10534	liquid
22.380	27.220	68.432	0.014613	0.038048	0.043576	1.9215	11.670	22.222	1058.9	-0.0091141	11.421	0.10534	liquid
22.380	27.223	68.432	0.014613	0.038047	0.043577	1.9215	11.670	22.222	1058.9	-0.0091142	11.421	0.10534	liquid
22.380	27.226	68.432	0.014613	0.038047	0.043577	1.9214	11.670	22.222	1058.9	-0.0091142	11.421	0.10534	liquid
22.380	27.229	68.432	0.014613	0.038047	0.043577	1.9214	11.670	22.222	1058.9	-0.0091142	11.421	0.10534	liquid
22.380	27.232	68.432	0.014613	0.038046	0.043578	1.9214	11.670	22.222	1058.9	-0.0091143	11.421	0.10534	liquid
22.380	27.235	68.432	0.014613	0.038046	0.043578	1.9214	11.670	22.222	1058.9	-0.0091143	11.421	0.10534	liquid
22.380	27.238	68.432	0.014613	0.038046	0.043578	1.9214	11.670	22.222	1058.9	-0.0091143	11.421	0.10534	liquid
22.380	27.241	68.432	0.014613	0.038046	0.043579	1.9214	11.670	22.222	1058.9	-0.0091144	11.421	0.10534	liquid
22.380	27.244	68.432	0.014613	0.038045	0.043579	1.9214	11.670	22.221	1058.9	-0.0091144	11.421	0.10534	liquid
22.380	27.247	68.432	0.014613	0.038045	0.043579	1.9214	11.670	22.221	1058.9	-0.0091145	11.421	0.10534	liquid
22.380	27.250	68.432	0.014613	0.038045	0.043580	1.9213	11.670	22.221	1058.9	-0.0091145	11.421	0.10534	liquid
22.380	27.253	68.432	0.014613	0.038045	0.043580	1.9213	11.670	22.221	1058.9	-0.0091145	11.422	0.10534	liquid
22.380	27.256	68.432	0.014613	0.038044	0.043580	1.9213	11.670	22.221	1058.9	-0.0091146	11.422	0.10534	liquid
22.380	27.259	68.432	0.014613	0.038044	0.043581	1.9213	11.670	22.221	1058.9	-0.0091146	11.422	0.10534	liquid
22.380	27.262	68.432	0.014613	0.038044	0.043581	1.9213	11.670	22.221	1058.9	-0.0091146	11.422	0.10534	liquid
22.380	27.265	68.432	0.014613	0.038043	0.043581	1.9213	11.670	22.221	1058.9	-0.0091147	11.422	0.10534	liquid
22.380	27.268	68.432	0.014613	0.038043	0.043582	1.9213	11.670	22.221	1058.9	-0.0091147	11.422	0.10534	liquid
22.380	27.271	68.432	0.014613	0.038043	0.043582	1.9213	11.670	22.221	1058.9	-0.0091147	11.422	0.10534	liquid
22.380	27.274	68.432	0.014613	0.038043	0.043582	1.9213	11.670	22.221	1058.9	-0.0091148	11.422	0.10534	liquid
22.380	27.277	68.432	0.014613	0.038042	0.043583	1.9212	11.670	22.221	1058.9	-0.0091148	11.422	0.10534	liquid
22.380	27.280	68.432	0.014613	0.038042	0.043583	1.9212	11.670	22.221	1058.9	-0.0091149	11.422	0.10534	liquid
22.380	27.283	68.432	0.014613	0.038042	0.043583	1.9212	11.670	22.221	1058.9	-0.0091149	11.422	0.10534	liquid
22.380	27.286	68.432	0.014613	0.038042	0.043584	1.9212	11.670	22.221	1058.9	-0.0091149	11.422	0.10534	liquid
22.380	27.289	68.432	0.014613	0.038041	0.043584	1.9212	11.670	22.221	1058.9	-0.0091150	11.422	0.10534	liquid
22.380	27.292	68.432	0.014613	0.038041	0.043584	1.9212	11.670	22.221	1058.9	-0.0091150	11.422	0.10534	liquid
22.380	27.295	68.432	0.014613	0.038041	0.043585	1.9212	11.670	22.221	1058.9	-0.0091150	11.422	0.10534	liquid
22.380	27.298	68.432	0.014613	0.038041	0.043585	1.9212	11.670	22.221	1058.9	-0.0091151	11.422	0.10534	liquid
22.380	27.301	68.432	0.014613	0.038040	0.043585	1.9211	11.670	22.221	1058.9	-0.0091151	11.422	0.10534	liquid
22.380	27.304	68.433	0.014613	0.038040	0.043586	1.9211	11.670	22.221	1058.9	-0.0091151	11.422	0.10534	liquid
22.380	27.307	68.433	0.014613	0.038040	0.043586	1.9211	11.670	22.221	1058.9	-0.0091152	11.422	0.10534	liquid
22.380	27.310	68.433	0.014613	0.038039	0.043586	1.9211	11.670	22.221	1058.9	-0.0091152	11.422	0.10534	liquid
22.380	27.313	68.433	0.014613	0.038039	0.043587	1.9211	11.670	22.221	1058.9	-0.0091153	11.422	0.10534	liquid
22.380	27.316	68.433	0.014613	0.038039	0.043587	1.9211	11.670	22.221	1058.9	-0.0091153	11.422	0.10534	liquid
22.380	27.319	68.433	0.014613	0.038039	0.043587	1.9211	11.670	22.221	1058.9	-0.0091153	11.422	0.10534	liquid
22.380	27.322	68.433	0.014613	0.038038	0.043588	1.9211	11.670	22.221	1058.9	-0.0091154	11.422	0.10534	liquid
22.380	27.325	68.433	0.014613	0.038038	0.043588	1.9210	11.670	22.221	1058.9	-0.0091154	11.422	0.10534	liquid
22.380	27.328	68.433	0.014613	0.038038	0.043588	1.9210	11.670	22.221	1058.9	-0.0091154	11.422	0.10534	liquid
22.380	27.331	68.433	0.014613	0.038038	0.043589	1.9210	11.670	22.221	1058.9	-0.0091155	11.422	0.10534	liquid
22.380	27.334	68.433	0.014613	0.038037	0.043589	1.9210	11.670	22.220	1058.9	-0.0091155	11.422	0.10534	liquid
22.380	27.337	68.433	0.014613	0.038037	0.043589	1.9210	11.670	22.220	1058.9	-0.0091155	11.422	0.10534	liquid
22.380	27.340	68.433	0.014613	0.038037	0.043590	1.9210	11.670	22.220	1058.9	-0.0091156	11.422	0.10534	liquid
22.380	27.343	68.433	0.014613	0.038036	0.043590	1.9210	11.670	22.220	1058.9	-0.0091156	11.422	0.10534	liquid
22.380	27.346	68.433	0.014613	0.038036	0.043590	1.9210	11.670	22.220	1058.9	-0.0091156	11.422	0.10534	liquid
22.380	27.349	68.433	0.014613	0.038036	0.043591	1.9209	11.670	22.220	1058.9	-0.0091157	11.422	0.10534	liquid
22.380	27.352	68.433	0.014613	0.038036	0.043591	1.9209	11.670	22.220	1058.9	-0.0091157	11.422	0.10534	liquid
22.380	27.355	68.433	0.014613	0.038035	0.043591	1.9209	11.670	22.220	1058.9	-0.0091158	11.422	0.10534	liquid
22.380	27.358	68.433	0.014613	0.038035	0.043592	1.9209	11.670	22.220	1058.9	-0.0091158	11.422	0.10534	liquid
22.380	27.361	68.433	0.014613	0.038035	0.043592	1.9209	11.670	22.220	1058.9	-0.0091158	11.422	0.10534	liquid
22.380	27.364	68.433	0.014613	0.038035	0.043592	1.9209	11.670	22.220	1058.9	-0.0091159	11.422	0.10534	liquid
22.380	27.367	68.433	0.014613	0.038034	0.043593	1.9209	11.670	22.220	1058.9	-0.0091159	11.422	0.10534	liquid
22.380	27.370	68.433	0.014613	0.038034	0.043593	1.9209	11.670	22.220	1058.9	-0.0091159	11.422	0.10535	liquid
22.380	27.373	68.433	0.014613	0.038034	0.043593	1.9209	11.670	22.220	1058.9	-0.0091160	11.422	0.10535	liquid
22.380	27.376	68.433	0.014613	0.038034	0.043594	1.9208	11.670	22.220	1058.9	-0.0091160	11.422	0.10535	liquid
22.380	27.379	68.433	0.014613	0.038033	0.043594	1.9208	11.670	22.220	1058.9	-0.0091160	11.422	0.10535	liquid
22.380	27.382	68.433	0.014613	0.038033	0.043595	1.9208	11.670	22.220	1058.9	-0.0091161	11.422	0.10535	liquid
22.380	27.385	68.433	0.014613	0.038033	0.043595	1.9208	11.670	22.220	1058.9	-0.0091161	11.422	0.10535	liquid
22.380	27.388	68.434	0.014613	0.038032	0.043595	1.9208	11.670	22.220	1058.9	-0.0091162	11.422	0.10535	liquid
22.380	27.391	68.434	0.014613	0.038032	0.043596	1.9208	11.670	22.220	1058.9	-0.0091162	11.422	0.10535	liquid
22.380	27.394	68.434	0.014613	0.038032	0.043596	1.9208	11.670	22.220	1058.9	-0.0091162	11.422	0.10535	liquid
22.380	27.397	68.434	0.014613	0.038032	0.043596	1.9208	11.670	22.220	1058.9	-0.0091163	11.422	0.10535	liquid
22.380	27.400	68.434	0.014613	0.038031	0.043597	1.9207	11.670	22.220	1058.9	-0.0091163	11.422	0.10535	liquid
