Temperature (K)	Pressure (psia)	Density (kg/m3)	Volume (m3/kg)	Internal Energy (kJ/mol)	Enthalpy (kJ/mol)	Entropy (J/mol*K)	Cv (J/mol*K)	Cp (J/mol*K)	Sound Spd. (m/s)	Joule-Thomson (F/psia)	Viscosity (uPa*s)	Therm. Cond. (W/m*K)	Phase
22.420	25.600	2.2085	0.45279	0.76245	0.92357	41.212	13.207	26.336	366.65	0.20288	1.2073	0.019410	vapor
22.420	25.603	2.2088	0.45273	0.76245	0.92356	41.211	13.208	26.337	366.65	0.20288	1.2073	0.019410	vapor
22.420	25.606	2.2091	0.45266	0.76244	0.92355	41.210	13.208	26.338	366.64	0.20288	1.2074	0.019410	vapor
22.420	25.609	2.2095	0.45260	0.76244	0.92354	41.208	13.208	26.340	366.64	0.20289	1.2074	0.019411	vapor
22.420	25.612	2.2098	0.45254	0.76243	0.92353	41.207	13.208	26.341	366.64	0.20289	1.2074	0.019411	vapor
22.420	25.615	2.2101	0.45247	0.76242	0.92352	41.206	13.208	26.342	366.63	0.20289	1.2074	0.019411	vapor
22.420	25.618	2.2104	0.45241	0.76242	0.92351	41.205	13.208	26.343	366.63	0.20290	1.2074	0.019411	vapor
22.420	25.621	2.2107	0.45235	0.76241	0.92350	41.203	13.209	26.344	366.62	0.20290	1.2074	0.019411	vapor
22.420	25.624	2.2110	0.45229	0.76241	0.92349	41.202	13.209	26.345	366.62	0.20290	1.2074	0.019412	vapor
22.420	25.627	2.2113	0.45222	0.76240	0.92348	41.201	13.209	26.347	366.62	0.20290	1.2074	0.019412	vapor
22.420	25.630	2.2116	0.45216	0.76240	0.92348	41.200	13.209	26.348	366.61	0.20291	1.2074	0.019412	vapor
22.420	25.633	2.2119	0.45210	0.76239	0.92347	41.198	13.209	26.349	366.61	0.20291	1.2074	0.019412	vapor
22.420	25.636	2.2122	0.45204	0.76239	0.92346	41.197	13.209	26.350	366.61	0.20291	1.2074	0.019413	vapor
22.420	25.639	2.2125	0.45197	0.76238	0.92345	41.196	13.210	26.351	366.60	0.20292	1.2074	0.019413	vapor
22.420	25.642	2.2128	0.45191	0.76238	0.92344	41.195	13.210	26.352	366.60	0.20292	1.2074	0.019413	vapor
22.420	25.645	2.2131	0.45185	0.76237	0.92343	41.193	13.210	26.354	366.59	0.20292	1.2074	0.019413	vapor
22.420	25.648	2.2134	0.45178	0.76236	0.92342	41.192	13.210	26.355	366.59	0.20292	1.2075	0.019413	vapor
22.420	25.651	2.2138	0.45172	0.76236	0.92341	41.191	13.210	26.356	366.59	0.20293	1.2075	0.019414	vapor
22.420	25.654	2.2141	0.45166	0.76235	0.92340	41.190	13.211	26.357	366.58	0.20293	1.2075	0.019414	vapor
22.420	25.657	2.2144	0.45160	0.76235	0.92340	41.189	13.211	26.358	366.58	0.20293	1.2075	0.019414	vapor
22.420	25.660	2.2147	0.45153	0.76234	0.92339	41.187	13.211	26.359	366.58	0.20294	1.2075	0.019414	vapor
22.420	25.663	2.2150	0.45147	0.76234	0.92338	41.186	13.211	26.360	366.57	0.20294	1.2075	0.019414	vapor
22.420	25.666	2.2153	0.45141	0.76233	0.92337	41.185	13.211	26.362	366.57	0.20294	1.2075	0.019415	vapor
22.420	25.669	2.2156	0.45135	0.76233	0.92336	41.184	13.211	26.363	366.56	0.20294	1.2075	0.019415	vapor
22.420	25.672	2.2159	0.45128	0.76232	0.92335	41.182	13.212	26.364	366.56	0.20295	1.2075	0.019415	vapor
22.420	25.675	2.2162	0.45122	0.76232	0.92334	41.181	13.212	26.365	366.56	0.20295	1.2075	0.019415	vapor
22.420	25.678	2.2165	0.45116	0.76231	0.92333	41.180	13.212	26.366	366.55	0.20295	1.2075	0.019416	vapor
22.420	25.681	2.2168	0.45110	0.76231	0.92332	41.179	13.212	26.367	366.55	0.20296	1.2075	0.019416	vapor
22.420	25.684	2.2171	0.45103	0.76230	0.92332	41.177	13.212	26.369	366.54	0.20296	1.2075	0.019416	vapor
22.420	25.687	2.2174	0.45097	0.76229	0.92331	41.176	13.212	26.370	366.54	0.20296	1.2075	0.019416	vapor
22.420	25.690	2.2177	0.45091	0.76229	0.92330	41.175	13.213	26.371	366.54	0.20297	1.2076	0.019416	vapor
22.420	25.693	2.2181	0.45085	0.76228	0.92329	41.174	13.213	26.372	366.53	0.20297	1.2076	0.019417	vapor
22.420	25.695	2.2182	0.45081	0.76228	0.92328	41.173	13.213	26.373	366.53	0.20297	1.2076	0.019417	vapor
22.420	25.695	68.359	0.014629	0.039071	0.044296	1.9674	11.675	22.299	1056.8	-0.0090347	11.376	0.10531	liquid
22.420	25.696	68.359	0.014629	0.039071	0.044296	1.9674	11.675	22.299	1056.8	-0.0090347	11.376	0.10531	liquid
22.420	25.699	68.359	0.014629	0.039071	0.044296	1.9674	11.675	22.299	1056.8	-0.0090347	11.376	0.10531	liquid
22.420	25.702	68.359	0.014629	0.039070	0.044296	1.9674	11.675	22.299	1056.8	-0.0090348	11.376	0.10531	liquid
22.420	25.705	68.359	0.014629	0.039070	0.044297	1.9674	11.675	22.299	1056.8	-0.0090348	11.376	0.10531	liquid
22.420	25.708	68.359	0.014629	0.039070	0.044297	1.9674	11.675	22.299	1056.8	-0.0090348	11.376	0.10531	liquid
22.420	25.711	68.359	0.014629	0.039070	0.044297	1.9674	11.675	22.299	1056.8	-0.0090349	11.376	0.10531	liquid
22.420	25.714	68.359	0.014629	0.039069	0.044298	1.9673	11.675	22.299	1056.8	-0.0090349	11.376	0.10531	liquid
22.420	25.717	68.359	0.014629	0.039069	0.044298	1.9673	11.675	22.299	1056.8	-0.0090349	11.376	0.10531	liquid
22.420	25.720	68.359	0.014629	0.039069	0.044298	1.9673	11.675	22.299	1056.8	-0.0090350	11.376	0.10531	liquid
22.420	25.723	68.359	0.014629	0.039068	0.044299	1.9673	11.675	22.299	1056.8	-0.0090350	11.376	0.10531	liquid
22.420	25.726	68.359	0.014629	0.039068	0.044299	1.9673	11.675	22.299	1056.8	-0.0090351	11.376	0.10531	liquid
22.420	25.729	68.359	0.014629	0.039068	0.044299	1.9673	11.675	22.298	1056.8	-0.0090351	11.376	0.10531	liquid
22.420	25.732	68.359	0.014629	0.039068	0.044300	1.9673	11.675	22.298	1056.8	-0.0090351	11.376	0.10531	liquid
22.420	25.735	68.359	0.014629	0.039067	0.044300	1.9673	11.675	22.298	1056.8	-0.0090352	11.376	0.10531	liquid
22.420	25.738	68.359	0.014629	0.039067	0.044300	1.9672	11.675	22.298	1056.8	-0.0090352	11.376	0.10531	liquid
22.420	25.741	68.359	0.014629	0.039067	0.044301	1.9672	11.675	22.298	1056.8	-0.0090352	11.376	0.10531	liquid
22.420	25.744	68.360	0.014629	0.039067	0.044301	1.9672	11.675	22.298	1056.8	-0.0090353	11.376	0.10531	liquid
22.420	25.747	68.360	0.014629	0.039066	0.044301	1.9672	11.675	22.298	1056.8	-0.0090353	11.376	0.10531	liquid
22.420	25.750	68.360	0.014629	0.039066	0.044302	1.9672	11.675	22.298	1056.8	-0.0090353	11.377	0.10531	liquid
22.420	25.753	68.360	0.014629	0.039066	0.044302	1.9672	11.675	22.298	1056.8	-0.0090354	11.377	0.10531	liquid
22.420	25.756	68.360	0.014629	0.039065	0.044302	1.9672	11.675	22.298	1056.8	-0.0090354	11.377	0.10531	liquid
22.420	25.759	68.360	0.014629	0.039065	0.044303	1.9672	11.675	22.298	1056.8	-0.0090355	11.377	0.10531	liquid
22.420	25.762	68.360	0.014628	0.039065	0.044303	1.9671	11.675	22.298	1056.8	-0.0090355	11.377	0.10531	liquid
22.420	25.765	68.360	0.014628	0.039065	0.044303	1.9671	11.675	22.298	1056.8	-0.0090355	11.377	0.10531	liquid
22.420	25.768	68.360	0.014628	0.039064	0.044304	1.9671	11.675	22.298	1056.8	-0.0090356	11.377	0.10531	liquid
22.420	25.771	68.360	0.014628	0.039064	0.044304	1.9671	11.675	22.298	1056.8	-0.0090356	11.377	0.10531	liquid
22.420	25.774	68.360	0.014628	0.039064	0.044304	1.9671	11.675	22.298	1056.8	-0.0090356	11.377	0.10531	liquid
22.420	25.777	68.360	0.014628	0.039064	0.044305	1.9671	11.675	22.298	1056.8	-0.0090357	11.377	0.10531	liquid
22.420	25.780	68.360	0.014628	0.039063	0.044305	1.9671	11.675	22.298	1056.8	-0.0090357	11.377	0.10531	liquid
22.420	25.783	68.360	0.014628	0.039063	0.044305	1.9671	11.675	22.298	1056.8	-0.0090358	11.377	0.10531	liquid
22.420	25.786	68.360	0.014628	0.039063	0.044306	1.9670	11.675	22.298	1056.8	-0.0090358	11.377	0.10531	liquid
22.420	25.789	68.360	0.014628	0.039062	0.044306	1.9670	11.675	22.298	1056.8	-0.0090358	11.377	0.10531	liquid
22.420	25.792	68.360	0.014628	0.039062	0.044306	1.9670	11.675	22.298	1056.8	-0.0090359	11.377	0.10531	liquid
22.420	25.795	68.360	0.014628	0.039062	0.044307	1.9670	11.675	22.298	1056.8	-0.0090359	11.377	0.10531	liquid
22.420	25.798	68.360	0.014628	0.039062	0.044307	1.9670	11.675	22.298	1056.8	-0.0090359	11.377	0.10531	liquid
22.420	25.801	68.360	0.014628	0.039061	0.044307	1.9670	11.675	22.298	1056.8	-0.0090360	11.377	0.10531	liquid
22.420	25.804	68.360	0.014628	0.039061	0.044308	1.9670	11.675	22.298	1056.8	-0.0090360	11.377	0.10531	liquid
22.420	25.807	68.360	0.014628	0.039061	0.044308	1.9670	11.675	22.298	1056.8	-0.0090360	11.377	0.10531	liquid
22.420	25.810	68.360	0.014628	0.039061	0.044308	1.9669	11.675	22.298	1056.8	-0.0090361	11.377	0.10531	liquid
22.420	25.813	68.360	0.014628	0.039060	0.044309	1.9669	11.675	22.298	1056.8	-0.0090361	11.377	0.10531	liquid
22.420	25.816	68.360	0.014628	0.039060	0.044309	1.9669	11.675	22.298	1056.8	-0.0090362	11.377	0.10531	liquid
22.420	25.819	68.360	0.014628	0.039060	0.044309	1.9669	11.675	22.297	1056.8	-0.0090362	11.377	0.10531	liquid
22.420	25.822	68.360	0.014628	0.039059	0.044310	1.9669	11.675	22.297	1056.8	-0.0090362	11.377	0.10531	liquid
22.420	25.825	68.360	0.014628	0.039059	0.044310	1.9669	11.675	22.297	1056.8	-0.0090363	11.377	0.10531	liquid
22.420	25.828	68.360	0.014628	0.039059	0.044310	1.9669	11.675	22.297	1056.8	-0.0090363	11.377	0.10531	liquid
22.420	25.831	68.361	0.014628	0.039059	0.044311	1.9669	11.675	22.297	1056.8	-0.0090363	11.377	0.10531	liquid
22.420	25.834	68.361	0.014628	0.039058	0.044311	1.9669	11.675	22.297	1056.8	-0.0090364	11.377	0.10531	liquid
22.420	25.837	68.361	0.014628	0.039058	0.044311	1.9668	11.675	22.297	1056.8	-0.0090364	11.377	0.10531	liquid
22.420	25.840	68.361	0.014628	0.039058	0.044312	1.9668	11.675	22.297	1056.8	-0.0090364	11.377	0.10531	liquid
22.420	25.843	68.361	0.014628	0.039058	0.044312	1.9668	11.675	22.297	1056.8	-0.0090365	11.377	0.10531	liquid
22.420	25.846	68.361	0.014628	0.039057	0.044312	1.9668	11.675	22.297	1056.8	-0.0090365	11.377	0.10531	liquid
22.420	25.849	68.361	0.014628	0.039057	0.044313	1.9668	11.675	22.297	1056.8	-0.0090366	11.377	0.10531	liquid
22.420	25.852	68.361	0.014628	0.039057	0.044313	1.9668	11.675	22.297	1056.8	-0.0090366	11.377	0.10531	liquid
22.420	25.855	68.361	0.014628	0.039057	0.044313	1.9668	11.675	22.297	1056.8	-0.0090366	11.377	0.10531	liquid
22.420	25.858	68.361	0.014628	0.039056	0.044314	1.9668	11.675	22.297	1056.8	-0.0090367	11.377	0.10531	liquid
22.420	25.861	68.361	0.014628	0.039056	0.044314	1.9667	11.675	22.297	1056.8	-0.0090367	11.377	0.10531	liquid
22.420	25.864	68.361	0.014628	0.039056	0.044314	1.9667	11.675	22.297	1056.8	-0.0090367	11.377	0.10531	liquid
22.420	25.867	68.361	0.014628	0.039055	0.044315	1.9667	11.675	22.297	1056.8	-0.0090368	11.377	0.10531	liquid
22.420	25.870	68.361	0.014628	0.039055	0.044315	1.9667	11.675	22.297	1056.8	-0.0090368	11.377	0.10531	liquid
22.420	25.873	68.361	0.014628	0.039055	0.044315	1.9667	11.675	22.297	1056.8	-0.0090368	11.377	0.10531	liquid
22.420	25.876	68.361	0.014628	0.039055	0.044316	1.9667	11.675	22.297	1056.8	-0.0090369	11.377	0.10531	liquid
22.420	25.879	68.361	0.014628	0.039054	0.044316	1.9667	11.675	22.297	1056.8	-0.0090369	11.377	0.10531	liquid
22.420	25.882	68.361	0.014628	0.039054	0.044316	1.9667	11.675	22.297	1056.8	-0.0090370	11.377	0.10531	liquid
22.420	25.885	68.361	0.014628	0.039054	0.044317	1.9666	11.675	22.297	1056.8	-0.0090370	11.377	0.10531	liquid
22.420	25.888	68.361	0.014628	0.039054	0.044317	1.9666	11.675	22.297	1056.8	-0.0090370	11.377	0.10531	liquid
22.420	25.891	68.361	0.014628	0.039053	0.044317	1.9666	11.675	22.297	1056.8	-0.0090371	11.377	0.10531	liquid
22.420	25.894	68.361	0.014628	0.039053	0.044318	1.9666	11.675	22.297	1056.8	-0.0090371	11.377	0.10531	liquid
22.420	25.897	68.361	0.014628	0.039053	0.044318	1.9666	11.675	22.297	1056.9	-0.0090371	11.377	0.10531	liquid
22.420	25.900	68.361	0.014628	0.039052	0.044318	1.9666	11.675	22.297	1056.9	-0.0090372	11.377	0.10531	liquid
22.420	25.903	68.361	0.014628	0.039052	0.044319	1.9666	11.675	22.297	1056.9	-0.0090372	11.377	0.10531	liquid
22.420	25.906	68.361	0.014628	0.039052	0.044319	1.9666	11.675	22.296	1056.9	-0.0090373	11.378	0.10531	liquid
22.420	25.909	68.361	0.014628	0.039052	0.044320	1.9665	11.675	22.296	1056.9	-0.0090373	11.378	0.10531	liquid
22.420	25.912	68.361	0.014628	0.039051	0.044320	1.9665	11.675	22.296	1056.9	-0.0090373	11.378	0.10531	liquid
22.420	25.915	68.362	0.014628	0.039051	0.044320	1.9665	11.675	22.296	1056.9	-0.0090374	11.378	0.10531	liquid
22.420	25.918	68.362	0.014628	0.039051	0.044321	1.9665	11.675	22.296	1056.9	-0.0090374	11.378	0.10531	liquid
22.420	25.921	68.362	0.014628	0.039051	0.044321	1.9665	11.675	22.296	1056.9	-0.0090374	11.378	0.10531	liquid
22.420	25.924	68.362	0.014628	0.039050	0.044321	1.9665	11.675	22.296	1056.9	-0.0090375	11.378	0.10531	liquid
22.420	25.927	68.362	0.014628	0.039050	0.044322	1.9665	11.675	22.296	1056.9	-0.0090375	11.378	0.10531	liquid
22.420	25.930	68.362	0.014628	0.039050	0.044322	1.9665	11.675	22.296	1056.9	-0.0090375	11.378	0.10531	liquid
22.420	25.933	68.362	0.014628	0.039049	0.044322	1.9664	11.675	22.296	1056.9	-0.0090376	11.378	0.10531	liquid
22.420	25.936	68.362	0.014628	0.039049	0.044323	1.9664	11.675	22.296	1056.9	-0.0090376	11.378	0.10531	liquid
22.420	25.939	68.362	0.014628	0.039049	0.044323	1.9664	11.675	22.296	1056.9	-0.0090377	11.378	0.10531	liquid
22.420	25.942	68.362	0.014628	0.039049	0.044323	1.9664	11.675	22.296	1056.9	-0.0090377	11.378	0.10531	liquid
22.420	25.945	68.362	0.014628	0.039048	0.044324	1.9664	11.675	22.296	1056.9	-0.0090377	11.378	0.10531	liquid
22.420	25.948	68.362	0.014628	0.039048	0.044324	1.9664	11.675	22.296	1056.9	-0.0090378	11.378	0.10531	liquid
22.420	25.951	68.362	0.014628	0.039048	0.044324	1.9664	11.675	22.296	1056.9	-0.0090378	11.378	0.10531	liquid
22.420	25.954	68.362	0.014628	0.039048	0.044325	1.9664	11.675	22.296	1056.9	-0.0090378	11.378	0.10531	liquid
22.420	25.957	68.362	0.014628	0.039047	0.044325	1.9663	11.675	22.296	1056.9	-0.0090379	11.378	0.10531	liquid
22.420	25.960	68.362	0.014628	0.039047	0.044325	1.9663	11.675	22.296	1056.9	-0.0090379	11.378	0.10531	liquid
22.420	25.963	68.362	0.014628	0.039047	0.044326	1.9663	11.675	22.296	1056.9	-0.0090379	11.378	0.10531	liquid
22.420	25.966	68.362	0.014628	0.039046	0.044326	1.9663	11.675	22.296	1056.9	-0.0090380	11.378	0.10531	liquid
22.420	25.969	68.362	0.014628	0.039046	0.044326	1.9663	11.675	22.296	1056.9	-0.0090380	11.378	0.10531	liquid
22.420	25.972	68.362	0.014628	0.039046	0.044327	1.9663	11.675	22.296	1056.9	-0.0090381	11.378	0.10532	liquid
22.420	25.975	68.362	0.014628	0.039046	0.044327	1.9663	11.675	22.296	1056.9	-0.0090381	11.378	0.10532	liquid
22.420	25.978	68.362	0.014628	0.039045	0.044327	1.9663	11.675	22.296	1056.9	-0.0090381	11.378	0.10532	liquid
22.420	25.981	68.362	0.014628	0.039045	0.044328	1.9663	11.675	22.296	1056.9	-0.0090382	11.378	0.10532	liquid
22.420	25.984	68.362	0.014628	0.039045	0.044328	1.9662	11.675	22.296	1056.9	-0.0090382	11.378	0.10532	liquid
22.420	25.987	68.362	0.014628	0.039045	0.044328	1.9662	11.675	22.296	1056.9	-0.0090382	11.378	0.10532	liquid
22.420	25.990	68.362	0.014628	0.039044	0.044329	1.9662	11.675	22.296	1056.9	-0.0090383	11.378	0.10532	liquid
22.420	25.993	68.362	0.014628	0.039044	0.044329	1.9662	11.675	22.295	1056.9	-0.0090383	11.378	0.10532	liquid
22.420	25.996	68.362	0.014628	0.039044	0.044329	1.9662	11.675	22.295	1056.9	-0.0090383	11.378	0.10532	liquid
22.420	25.999	68.363	0.014628	0.039043	0.044330	1.9662	11.675	22.295	1056.9	-0.0090384	11.378	0.10532	liquid
22.420	26.002	68.363	0.014628	0.039043	0.044330	1.9662	11.675	22.295	1056.9	-0.0090384	11.378	0.10532	liquid
22.420	26.005	68.363	0.014628	0.039043	0.044330	1.9662	11.675	22.295	1056.9	-0.0090385	11.378	0.10532	liquid
22.420	26.008	68.363	0.014628	0.039043	0.044331	1.9661	11.675	22.295	1056.9	-0.0090385	11.378	0.10532	liquid
22.420	26.011	68.363	0.014628	0.039042	0.044331	1.9661	11.675	22.295	1056.9	-0.0090385	11.378	0.10532	liquid
22.420	26.014	68.363	0.014628	0.039042	0.044331	1.9661	11.675	22.295	1056.9	-0.0090386	11.378	0.10532	liquid
22.420	26.017	68.363	0.014628	0.039042	0.044332	1.9661	11.675	22.295	1056.9	-0.0090386	11.378	0.10532	liquid
22.420	26.020	68.363	0.014628	0.039042	0.044332	1.9661	11.675	22.295	1056.9	-0.0090386	11.378	0.10532	liquid
22.420	26.023	68.363	0.014628	0.039041	0.044332	1.9661	11.675	22.295	1056.9	-0.0090387	11.378	0.10532	liquid
22.420	26.026	68.363	0.014628	0.039041	0.044333	1.9661	11.675	22.295	1056.9	-0.0090387	11.378	0.10532	liquid
22.420	26.029	68.363	0.014628	0.039041	0.044333	1.9661	11.675	22.295	1056.9	-0.0090388	11.378	0.10532	liquid
22.420	26.032	68.363	0.014628	0.039040	0.044333	1.9660	11.675	22.295	1056.9	-0.0090388	11.378	0.10532	liquid
22.420	26.035	68.363	0.014628	0.039040	0.044334	1.9660	11.675	22.295	1056.9	-0.0090388	11.378	0.10532	liquid
22.420	26.038	68.363	0.014628	0.039040	0.044334	1.9660	11.675	22.295	1056.9	-0.0090389	11.378	0.10532	liquid
22.420	26.041	68.363	0.014628	0.039040	0.044334	1.9660	11.675	22.295	1056.9	-0.0090389	11.378	0.10532	liquid
22.420	26.044	68.363	0.014628	0.039039	0.044335	1.9660	11.675	22.295	1056.9	-0.0090389	11.378	0.10532	liquid
22.420	26.047	68.363	0.014628	0.039039	0.044335	1.9660	11.675	22.295	1056.9	-0.0090390	11.378	0.10532	liquid
22.420	26.050	68.363	0.014628	0.039039	0.044335	1.9660	11.675	22.295	1056.9	-0.0090390	11.378	0.10532	liquid
22.420	26.053	68.363	0.014628	0.039039	0.044336	1.9660	11.675	22.295	1056.9	-0.0090390	11.378	0.10532	liquid
22.420	26.056	68.363	0.014628	0.039038	0.044336	1.9659	11.675	22.295	1056.9	-0.0090391	11.378	0.10532	liquid
22.420	26.059	68.363	0.014628	0.039038	0.044336	1.9659	11.675	22.295	1056.9	-0.0090391	11.378	0.10532	liquid
22.420	26.062	68.363	0.014628	0.039038	0.044337	1.9659	11.675	22.295	1056.9	-0.0090392	11.379	0.10532	liquid
22.420	26.065	68.363	0.014628	0.039038	0.044337	1.9659	11.675	22.295	1056.9	-0.0090392	11.379	0.10532	liquid
22.420	26.068	68.363	0.014628	0.039037	0.044337	1.9659	11.675	22.295	1056.9	-0.0090392	11.379	0.10532	liquid
22.420	26.071	68.363	0.014628	0.039037	0.044338	1.9659	11.675	22.295	1056.9	-0.0090393	11.379	0.10532	liquid
22.420	26.074	68.363	0.014628	0.039037	0.044338	1.9659	11.675	22.295	1056.9	-0.0090393	11.379	0.10532	liquid
22.420	26.077	68.363	0.014628	0.039036	0.044338	1.9659	11.675	22.295	1056.9	-0.0090393	11.379	0.10532	liquid
22.420	26.080	68.363	0.014628	0.039036	0.044339	1.9658	11.675	22.295	1056.9	-0.0090394	11.379	0.10532	liquid
22.420	26.083	68.364	0.014628	0.039036	0.044339	1.9658	11.675	22.294	1056.9	-0.0090394	11.379	0.10532	liquid
22.420	26.086	68.364	0.014628	0.039036	0.044339	1.9658	11.675	22.294	1056.9	-0.0090394	11.379	0.10532	liquid
22.420	26.089	68.364	0.014628	0.039035	0.044340	1.9658	11.675	22.294	1056.9	-0.0090395	11.379	0.10532	liquid
22.420	26.092	68.364	0.014628	0.039035	0.044340	1.9658	11.675	22.294	1056.9	-0.0090395	11.379	0.10532	liquid
22.420	26.095	68.364	0.014628	0.039035	0.044340	1.9658	11.675	22.294	1056.9	-0.0090396	11.379	0.10532	liquid
22.420	26.098	68.364	0.014628	0.039035	0.044341	1.9658	11.675	22.294	1056.9	-0.0090396	11.379	0.10532	liquid
22.420	26.101	68.364	0.014628	0.039034	0.044341	1.9658	11.675	22.294	1056.9	-0.0090396	11.379	0.10532	liquid
22.420	26.104	68.364	0.014628	0.039034	0.044341	1.9657	11.675	22.294	1056.9	-0.0090397	11.379	0.10532	liquid
22.420	26.107	68.364	0.014628	0.039034	0.044342	1.9657	11.675	22.294	1056.9	-0.0090397	11.379	0.10532	liquid
22.420	26.110	68.364	0.014628	0.039033	0.044342	1.9657	11.675	22.294	1056.9	-0.0090397	11.379	0.10532	liquid
22.420	26.113	68.364	0.014628	0.039033	0.044342	1.9657	11.675	22.294	1056.9	-0.0090398	11.379	0.10532	liquid
22.420	26.116	68.364	0.014628	0.039033	0.044343	1.9657	11.675	22.294	1056.9	-0.0090398	11.379	0.10532	liquid
22.420	26.119	68.364	0.014628	0.039033	0.044343	1.9657	11.675	22.294	1057.0	-0.0090398	11.379	0.10532	liquid
22.420	26.122	68.364	0.014628	0.039032	0.044343	1.9657	11.675	22.294	1057.0	-0.0090399	11.379	0.10532	liquid
22.420	26.125	68.364	0.014628	0.039032	0.044344	1.9657	11.675	22.294	1057.0	-0.0090399	11.379	0.10532	liquid
22.420	26.128	68.364	0.014628	0.039032	0.044344	1.9657	11.675	22.294	1057.0	-0.0090400	11.379	0.10532	liquid
22.420	26.131	68.364	0.014628	0.039032	0.044344	1.9656	11.675	22.294	1057.0	-0.0090400	11.379	0.10532	liquid
22.420	26.134	68.364	0.014628	0.039031	0.044345	1.9656	11.675	22.294	1057.0	-0.0090400	11.379	0.10532	liquid
22.420	26.137	68.364	0.014628	0.039031	0.044345	1.9656	11.675	22.294	1057.0	-0.0090401	11.379	0.10532	liquid
22.420	26.140	68.364	0.014628	0.039031	0.044345	1.9656	11.675	22.294	1057.0	-0.0090401	11.379	0.10532	liquid
22.420	26.143	68.364	0.014628	0.039030	0.044346	1.9656	11.675	22.294	1057.0	-0.0090401	11.379	0.10532	liquid
22.420	26.146	68.364	0.014628	0.039030	0.044346	1.9656	11.675	22.294	1057.0	-0.0090402	11.379	0.10532	liquid
22.420	26.149	68.364	0.014628	0.039030	0.044346	1.9656	11.675	22.294	1057.0	-0.0090402	11.379	0.10532	liquid
22.420	26.152	68.364	0.014628	0.039030	0.044347	1.9656	11.675	22.294	1057.0	-0.0090402	11.379	0.10532	liquid
22.420	26.155	68.364	0.014628	0.039029	0.044347	1.9655	11.675	22.294	1057.0	-0.0090403	11.379	0.10532	liquid
22.420	26.158	68.364	0.014627	0.039029	0.044347	1.9655	11.675	22.294	1057.0	-0.0090403	11.379	0.10532	liquid
22.420	26.161	68.364	0.014627	0.039029	0.044348	1.9655	11.675	22.294	1057.0	-0.0090404	11.379	0.10532	liquid
22.420	26.164	68.364	0.014627	0.039029	0.044348	1.9655	11.675	22.294	1057.0	-0.0090404	11.379	0.10532	liquid
22.420	26.167	68.364	0.014627	0.039028	0.044348	1.9655	11.675	22.294	1057.0	-0.0090404	11.379	0.10532	liquid
22.420	26.170	68.365	0.014627	0.039028	0.044349	1.9655	11.675	22.293	1057.0	-0.0090405	11.379	0.10532	liquid
22.420	26.173	68.365	0.014627	0.039028	0.044349	1.9655	11.675	22.293	1057.0	-0.0090405	11.379	0.10532	liquid
22.420	26.176	68.365	0.014627	0.039027	0.044349	1.9655	11.675	22.293	1057.0	-0.0090405	11.379	0.10532	liquid
22.420	26.179	68.365	0.014627	0.039027	0.044350	1.9654	11.675	22.293	1057.0	-0.0090406	11.379	0.10532	liquid
22.420	26.182	68.365	0.014627	0.039027	0.044350	1.9654	11.675	22.293	1057.0	-0.0090406	11.379	0.10532	liquid
22.420	26.185	68.365	0.014627	0.039027	0.044350	1.9654	11.675	22.293	1057.0	-0.0090407	11.379	0.10532	liquid
22.420	26.188	68.365	0.014627	0.039026	0.044351	1.9654	11.675	22.293	1057.0	-0.0090407	11.379	0.10532	liquid
22.420	26.191	68.365	0.014627	0.039026	0.044351	1.9654	11.675	22.293	1057.0	-0.0090407	11.379	0.10532	liquid
22.420	26.194	68.365	0.014627	0.039026	0.044351	1.9654	11.675	22.293	1057.0	-0.0090408	11.379	0.10532	liquid
22.420	26.197	68.365	0.014627	0.039026	0.044352	1.9654	11.675	22.293	1057.0	-0.0090408	11.379	0.10532	liquid
22.420	26.200	68.365	0.014627	0.039025	0.044352	1.9654	11.675	22.293	1057.0	-0.0090408	11.379	0.10532	liquid
22.420	26.203	68.365	0.014627	0.039025	0.044352	1.9653	11.675	22.293	1057.0	-0.0090409	11.379	0.10532	liquid
22.420	26.206	68.365	0.014627	0.039025	0.044353	1.9653	11.675	22.293	1057.0	-0.0090409	11.379	0.10532	liquid
22.420	26.209	68.365	0.014627	0.039024	0.044353	1.9653	11.675	22.293	1057.0	-0.0090409	11.379	0.10532	liquid
22.420	26.212	68.365	0.014627	0.039024	0.044353	1.9653	11.675	22.293	1057.0	-0.0090410	11.379	0.10532	liquid
22.420	26.215	68.365	0.014627	0.039024	0.044354	1.9653	11.675	22.293	1057.0	-0.0090410	11.379	0.10532	liquid
22.420	26.218	68.365	0.014627	0.039024	0.044354	1.9653	11.675	22.293	1057.0	-0.0090411	11.380	0.10532	liquid
22.420	26.221	68.365	0.014627	0.039023	0.044354	1.9653	11.675	22.293	1057.0	-0.0090411	11.380	0.10532	liquid
22.420	26.224	68.365	0.014627	0.039023	0.044355	1.9653	11.675	22.293	1057.0	-0.0090411	11.380	0.10532	liquid
22.420	26.227	68.365	0.014627	0.039023	0.044355	1.9652	11.675	22.293	1057.0	-0.0090412	11.380	0.10532	liquid
22.420	26.230	68.365	0.014627	0.039023	0.044355	1.9652	11.675	22.293	1057.0	-0.0090412	11.380	0.10532	liquid
22.420	26.233	68.365	0.014627	0.039022	0.044356	1.9652	11.675	22.293	1057.0	-0.0090412	11.380	0.10532	liquid
22.420	26.236	68.365	0.014627	0.039022	0.044356	1.9652	11.675	22.293	1057.0	-0.0090413	11.380	0.10532	liquid
22.420	26.239	68.365	0.014627	0.039022	0.044356	1.9652	11.675	22.293	1057.0	-0.0090413	11.380	0.10532	liquid
22.420	26.242	68.365	0.014627	0.039022	0.044357	1.9652	11.675	22.293	1057.0	-0.0090413	11.380	0.10532	liquid
22.420	26.245	68.365	0.014627	0.039021	0.044357	1.9652	11.675	22.293	1057.0	-0.0090414	11.380	0.10532	liquid
22.420	26.248	68.365	0.014627	0.039021	0.044357	1.9652	11.675	22.293	1057.0	-0.0090414	11.380	0.10532	liquid
22.420	26.251	68.365	0.014627	0.039021	0.044358	1.9652	11.675	22.293	1057.0	-0.0090415	11.380	0.10532	liquid
22.420	26.254	68.366	0.014627	0.039020	0.044358	1.9651	11.675	22.293	1057.0	-0.0090415	11.380	0.10532	liquid
22.420	26.257	68.366	0.014627	0.039020	0.044358	1.9651	11.675	22.292	1057.0	-0.0090415	11.380	0.10532	liquid
22.420	26.260	68.366	0.014627	0.039020	0.044359	1.9651	11.675	22.292	1057.0	-0.0090416	11.380	0.10532	liquid
22.420	26.263	68.366	0.014627	0.039020	0.044359	1.9651	11.675	22.292	1057.0	-0.0090416	11.380	0.10532	liquid
22.420	26.266	68.366	0.014627	0.039019	0.044359	1.9651	11.675	22.292	1057.0	-0.0090416	11.380	0.10532	liquid
22.420	26.269	68.366	0.014627	0.039019	0.044360	1.9651	11.675	22.292	1057.0	-0.0090417	11.380	0.10532	liquid
22.420	26.272	68.366	0.014627	0.039019	0.044360	1.9651	11.675	22.292	1057.0	-0.0090417	11.380	0.10532	liquid
22.420	26.275	68.366	0.014627	0.039019	0.044360	1.9651	11.675	22.292	1057.0	-0.0090417	11.380	0.10532	liquid
22.420	26.278	68.366	0.014627	0.039018	0.044361	1.9650	11.675	22.292	1057.0	-0.0090418	11.380	0.10532	liquid
22.420	26.281	68.366	0.014627	0.039018	0.044361	1.9650	11.675	22.292	1057.0	-0.0090418	11.380	0.10532	liquid
22.420	26.284	68.366	0.014627	0.039018	0.044361	1.9650	11.675	22.292	1057.0	-0.0090419	11.380	0.10532	liquid
22.420	26.287	68.366	0.014627	0.039017	0.044362	1.9650	11.675	22.292	1057.0	-0.0090419	11.380	0.10532	liquid
22.420	26.290	68.366	0.014627	0.039017	0.044362	1.9650	11.675	22.292	1057.0	-0.0090419	11.380	0.10532	liquid
22.420	26.293	68.366	0.014627	0.039017	0.044362	1.9650	11.675	22.292	1057.0	-0.0090420	11.380	0.10532	liquid
22.420	26.296	68.366	0.014627	0.039017	0.044363	1.9650	11.675	22.292	1057.0	-0.0090420	11.380	0.10532	liquid
22.420	26.299	68.366	0.014627	0.039016	0.044363	1.9650	11.675	22.292	1057.0	-0.0090420	11.380	0.10532	liquid
22.420	26.302	68.366	0.014627	0.039016	0.044364	1.9649	11.675	22.292	1057.0	-0.0090421	11.380	0.10532	liquid
22.420	26.305	68.366	0.014627	0.039016	0.044364	1.9649	11.675	22.292	1057.0	-0.0090421	11.380	0.10532	liquid
22.420	26.308	68.366	0.014627	0.039016	0.044364	1.9649	11.675	22.292	1057.0	-0.0090421	11.380	0.10532	liquid
22.420	26.311	68.366	0.014627	0.039015	0.044365	1.9649	11.675	22.292	1057.0	-0.0090422	11.380	0.10532	liquid
22.420	26.314	68.366	0.014627	0.039015	0.044365	1.9649	11.675	22.292	1057.0	-0.0090422	11.380	0.10532	liquid
22.420	26.317	68.366	0.014627	0.039015	0.044365	1.9649	11.675	22.292	1057.0	-0.0090423	11.380	0.10532	liquid
22.420	26.320	68.366	0.014627	0.039014	0.044366	1.9649	11.675	22.292	1057.0	-0.0090423	11.380	0.10532	liquid
22.420	26.323	68.366	0.014627	0.039014	0.044366	1.9649	11.675	22.292	1057.0	-0.0090423	11.380	0.10532	liquid
22.420	26.326	68.366	0.014627	0.039014	0.044366	1.9648	11.675	22.292	1057.0	-0.0090424	11.380	0.10532	liquid
22.420	26.329	68.366	0.014627	0.039014	0.044367	1.9648	11.675	22.292	1057.0	-0.0090424	11.380	0.10532	liquid
22.420	26.332	68.366	0.014627	0.039013	0.044367	1.9648	11.675	22.292	1057.0	-0.0090424	11.380	0.10532	liquid
22.420	26.335	68.366	0.014627	0.039013	0.044367	1.9648	11.675	22.292	1057.0	-0.0090425	11.380	0.10532	liquid
22.420	26.338	68.367	0.014627	0.039013	0.044368	1.9648	11.675	22.292	1057.1	-0.0090425	11.380	0.10532	liquid
22.420	26.341	68.367	0.014627	0.039013	0.044368	1.9648	11.675	22.292	1057.1	-0.0090426	11.380	0.10532	liquid
22.420	26.344	68.367	0.014627	0.039012	0.044368	1.9648	11.675	22.291	1057.1	-0.0090426	11.380	0.10532	liquid
22.420	26.347	68.367	0.014627	0.039012	0.044369	1.9648	11.675	22.291	1057.1	-0.0090426	11.380	0.10532	liquid
22.420	26.350	68.367	0.014627	0.039012	0.044369	1.9647	11.675	22.291	1057.1	-0.0090427	11.380	0.10532	liquid
22.420	26.353	68.367	0.014627	0.039011	0.044369	1.9647	11.675	22.291	1057.1	-0.0090427	11.380	0.10532	liquid
22.420	26.356	68.367	0.014627	0.039011	0.044370	1.9647	11.675	22.291	1057.1	-0.0090427	11.380	0.10532	liquid
22.420	26.359	68.367	0.014627	0.039011	0.044370	1.9647	11.675	22.291	1057.1	-0.0090428	11.380	0.10532	liquid
22.420	26.362	68.367	0.014627	0.039011	0.044370	1.9647	11.675	22.291	1057.1	-0.0090428	11.380	0.10532	liquid
22.420	26.365	68.367	0.014627	0.039010	0.044371	1.9647	11.675	22.291	1057.1	-0.0090428	11.380	0.10532	liquid
22.420	26.368	68.367	0.014627	0.039010	0.044371	1.9647	11.675	22.291	1057.1	-0.0090429	11.380	0.10532	liquid
22.420	26.371	68.367	0.014627	0.039010	0.044371	1.9647	11.675	22.291	1057.1	-0.0090429	11.380	0.10532	liquid
22.420	26.374	68.367	0.014627	0.039010	0.044372	1.9646	11.675	22.291	1057.1	-0.0090430	11.381	0.10532	liquid
22.420	26.377	68.367	0.014627	0.039009	0.044372	1.9646	11.675	22.291	1057.1	-0.0090430	11.381	0.10532	liquid
22.420	26.380	68.367	0.014627	0.039009	0.044372	1.9646	11.675	22.291	1057.1	-0.0090430	11.381	0.10532	liquid
22.420	26.383	68.367	0.014627	0.039009	0.044373	1.9646	11.675	22.291	1057.1	-0.0090431	11.381	0.10532	liquid
22.420	26.386	68.367	0.014627	0.039008	0.044373	1.9646	11.675	22.291	1057.1	-0.0090431	11.381	0.10532	liquid
22.420	26.389	68.367	0.014627	0.039008	0.044373	1.9646	11.675	22.291	1057.1	-0.0090431	11.381	0.10532	liquid
22.420	26.392	68.367	0.014627	0.039008	0.044374	1.9646	11.675	22.291	1057.1	-0.0090432	11.381	0.10532	liquid
22.420	26.395	68.367	0.014627	0.039008	0.044374	1.9646	11.675	22.291	1057.1	-0.0090432	11.381	0.10532	liquid
22.420	26.398	68.367	0.014627	0.039007	0.044374	1.9646	11.675	22.291	1057.1	-0.0090432	11.381	0.10532	liquid
22.420	26.401	68.367	0.014627	0.039007	0.044375	1.9645	11.675	22.291	1057.1	-0.0090433	11.381	0.10532	liquid
22.420	26.404	68.367	0.014627	0.039007	0.044375	1.9645	11.675	22.291	1057.1	-0.0090433	11.381	0.10532	liquid
22.420	26.407	68.367	0.014627	0.039007	0.044375	1.9645	11.675	22.291	1057.1	-0.0090434	11.381	0.10532	liquid
22.420	26.410	68.367	0.014627	0.039006	0.044376	1.9645	11.675	22.291	1057.1	-0.0090434	11.381	0.10532	liquid
22.420	26.413	68.367	0.014627	0.039006	0.044376	1.9645	11.675	22.291	1057.1	-0.0090434	11.381	0.10533	liquid
22.420	26.416	68.367	0.014627	0.039006	0.044376	1.9645	11.675	22.291	1057.1	-0.0090435	11.381	0.10533	liquid
22.420	26.419	68.367	0.014627	0.039006	0.044377	1.9645	11.675	22.291	1057.1	-0.0090435	11.381	0.10533	liquid
22.420	26.422	68.367	0.014627	0.039005	0.044377	1.9645	11.675	22.291	1057.1	-0.0090435	11.381	0.10533	liquid
22.420	26.425	68.368	0.014627	0.039005	0.044377	1.9644	11.675	22.291	1057.1	-0.0090436	11.381	0.10533	liquid
22.420	26.428	68.368	0.014627	0.039005	0.044378	1.9644	11.675	22.291	1057.1	-0.0090436	11.381	0.10533	liquid
22.420	26.431	68.368	0.014627	0.039004	0.044378	1.9644	11.675	22.291	1057.1	-0.0090436	11.381	0.10533	liquid
22.420	26.434	68.368	0.014627	0.039004	0.044378	1.9644	11.675	22.290	1057.1	-0.0090437	11.381	0.10533	liquid
22.420	26.437	68.368	0.014627	0.039004	0.044379	1.9644	11.675	22.290	1057.1	-0.0090437	11.381	0.10533	liquid
22.420	26.440	68.368	0.014627	0.039004	0.044379	1.9644	11.675	22.290	1057.1	-0.0090438	11.381	0.10533	liquid
22.420	26.443	68.368	0.014627	0.039003	0.044379	1.9644	11.675	22.290	1057.1	-0.0090438	11.381	0.10533	liquid
22.420	26.446	68.368	0.014627	0.039003	0.044380	1.9644	11.675	22.290	1057.1	-0.0090438	11.381	0.10533	liquid
22.420	26.449	68.368	0.014627	0.039003	0.044380	1.9643	11.675	22.290	1057.1	-0.0090439	11.381	0.10533	liquid
22.420	26.452	68.368	0.014627	0.039003	0.044380	1.9643	11.675	22.290	1057.1	-0.0090439	11.381	0.10533	liquid
22.420	26.455	68.368	0.014627	0.039002	0.044381	1.9643	11.675	22.290	1057.1	-0.0090439	11.381	0.10533	liquid
22.420	26.458	68.368	0.014627	0.039002	0.044381	1.9643	11.675	22.290	1057.1	-0.0090440	11.381	0.10533	liquid
22.420	26.461	68.368	0.014627	0.039002	0.044381	1.9643	11.675	22.290	1057.1	-0.0090440	11.381	0.10533	liquid
22.420	26.464	68.368	0.014627	0.039001	0.044382	1.9643	11.675	22.290	1057.1	-0.0090440	11.381	0.10533	liquid
22.420	26.467	68.368	0.014627	0.039001	0.044382	1.9643	11.675	22.290	1057.1	-0.0090441	11.381	0.10533	liquid
22.420	26.470	68.368	0.014627	0.039001	0.044382	1.9643	11.675	22.290	1057.1	-0.0090441	11.381	0.10533	liquid
22.420	26.473	68.368	0.014627	0.039001	0.044383	1.9642	11.675	22.290	1057.1	-0.0090442	11.381	0.10533	liquid
22.420	26.476	68.368	0.014627	0.039000	0.044383	1.9642	11.675	22.290	1057.1	-0.0090442	11.381	0.10533	liquid
22.420	26.479	68.368	0.014627	0.039000	0.044383	1.9642	11.675	22.290	1057.1	-0.0090442	11.381	0.10533	liquid
22.420	26.482	68.368	0.014627	0.039000	0.044384	1.9642	11.675	22.290	1057.1	-0.0090443	11.381	0.10533	liquid
22.420	26.485	68.368	0.014627	0.039000	0.044384	1.9642	11.675	22.290	1057.1	-0.0090443	11.381	0.10533	liquid
22.420	26.488	68.368	0.014627	0.038999	0.044384	1.9642	11.675	22.290	1057.1	-0.0090443	11.381	0.10533	liquid
22.420	26.491	68.368	0.014627	0.038999	0.044385	1.9642	11.675	22.290	1057.1	-0.0090444	11.381	0.10533	liquid
22.420	26.494	68.368	0.014627	0.038999	0.044385	1.9642	11.675	22.290	1057.1	-0.0090444	11.381	0.10533	liquid
22.420	26.497	68.368	0.014627	0.038998	0.044385	1.9641	11.675	22.290	1057.1	-0.0090445	11.381	0.10533	liquid
22.420	26.500	68.368	0.014627	0.038998	0.044386	1.9641	11.675	22.290	1057.1	-0.0090445	11.381	0.10533	liquid
22.420	26.503	68.368	0.014627	0.038998	0.044386	1.9641	11.675	22.290	1057.1	-0.0090445	11.381	0.10533	liquid
22.420	26.506	68.368	0.014627	0.038998	0.044386	1.9641	11.675	22.290	1057.1	-0.0090446	11.381	0.10533	liquid
22.420	26.509	68.369	0.014627	0.038997	0.044387	1.9641	11.675	22.290	1057.1	-0.0090446	11.381	0.10533	liquid
22.420	26.512	68.369	0.014627	0.038997	0.044387	1.9641	11.675	22.290	1057.1	-0.0090446	11.381	0.10533	liquid
22.420	26.515	68.369	0.014627	0.038997	0.044387	1.9641	11.675	22.290	1057.1	-0.0090447	11.381	0.10533	liquid
22.420	26.518	68.369	0.014627	0.038997	0.044388	1.9641	11.675	22.290	1057.1	-0.0090447	11.381	0.10533	liquid
22.420	26.521	68.369	0.014627	0.038996	0.044388	1.9641	11.675	22.289	1057.1	-0.0090447	11.381	0.10533	liquid
22.420	26.524	68.369	0.014627	0.038996	0.044388	1.9640	11.675	22.289	1057.1	-0.0090448	11.381	0.10533	liquid
22.420	26.527	68.369	0.014627	0.038996	0.044389	1.9640	11.675	22.289	1057.1	-0.0090448	11.381	0.10533	liquid
22.420	26.530	68.369	0.014627	0.038995	0.044389	1.9640	11.675	22.289	1057.1	-0.0090449	11.382	0.10533	liquid
22.420	26.533	68.369	0.014627	0.038995	0.044389	1.9640	11.675	22.289	1057.1	-0.0090449	11.382	0.10533	liquid
22.420	26.536	68.369	0.014627	0.038995	0.044390	1.9640	11.675	22.289	1057.1	-0.0090449	11.382	0.10533	liquid
22.420	26.539	68.369	0.014627	0.038995	0.044390	1.9640	11.675	22.289	1057.1	-0.0090450	11.382	0.10533	liquid
22.420	26.542	68.369	0.014627	0.038994	0.044390	1.9640	11.675	22.289	1057.1	-0.0090450	11.382	0.10533	liquid
22.420	26.545	68.369	0.014627	0.038994	0.044391	1.9640	11.675	22.289	1057.1	-0.0090450	11.382	0.10533	liquid
22.420	26.548	68.369	0.014627	0.038994	0.044391	1.9639	11.675	22.289	1057.1	-0.0090451	11.382	0.10533	liquid
22.420	26.551	68.369	0.014627	0.038994	0.044391	1.9639	11.675	22.289	1057.1	-0.0090451	11.382	0.10533	liquid
22.420	26.554	68.369	0.014627	0.038993	0.044392	1.9639	11.675	22.289	1057.1	-0.0090451	11.382	0.10533	liquid
22.420	26.557	68.369	0.014626	0.038993	0.044392	1.9639	11.675	22.289	1057.1	-0.0090452	11.382	0.10533	liquid
22.420	26.560	68.369	0.014626	0.038993	0.044392	1.9639	11.675	22.289	1057.2	-0.0090452	11.382	0.10533	liquid
22.420	26.563	68.369	0.014626	0.038992	0.044393	1.9639	11.675	22.289	1057.2	-0.0090453	11.382	0.10533	liquid
22.420	26.566	68.369	0.014626	0.038992	0.044393	1.9639	11.675	22.289	1057.2	-0.0090453	11.382	0.10533	liquid
22.420	26.569	68.369	0.014626	0.038992	0.044393	1.9639	11.675	22.289	1057.2	-0.0090453	11.382	0.10533	liquid
22.420	26.572	68.369	0.014626	0.038992	0.044394	1.9638	11.675	22.289	1057.2	-0.0090454	11.382	0.10533	liquid
22.420	26.575	68.369	0.014626	0.038991	0.044394	1.9638	11.675	22.289	1057.2	-0.0090454	11.382	0.10533	liquid
22.420	26.578	68.369	0.014626	0.038991	0.044394	1.9638	11.675	22.289	1057.2	-0.0090454	11.382	0.10533	liquid
22.420	26.581	68.369	0.014626	0.038991	0.044395	1.9638	11.675	22.289	1057.2	-0.0090455	11.382	0.10533	liquid
22.420	26.584	68.369	0.014626	0.038991	0.044395	1.9638	11.675	22.289	1057.2	-0.0090455	11.382	0.10533	liquid
22.420	26.587	68.369	0.014626	0.038990	0.044395	1.9638	11.675	22.289	1057.2	-0.0090455	11.382	0.10533	liquid
22.420	26.590	68.369	0.014626	0.038990	0.044396	1.9638	11.675	22.289	1057.2	-0.0090456	11.382	0.10533	liquid
22.420	26.593	68.370	0.014626	0.038990	0.044396	1.9638	11.675	22.289	1057.2	-0.0090456	11.382	0.10533	liquid
22.420	26.596	68.370	0.014626	0.038990	0.044396	1.9637	11.675	22.289	1057.2	-0.0090457	11.382	0.10533	liquid
22.420	26.599	68.370	0.014626	0.038989	0.044397	1.9637	11.675	22.289	1057.2	-0.0090457	11.382	0.10533	liquid
22.420	26.602	68.370	0.014626	0.038989	0.044397	1.9637	11.675	22.289	1057.2	-0.0090457	11.382	0.10533	liquid
22.420	26.605	68.370	0.014626	0.038989	0.044397	1.9637	11.675	22.289	1057.2	-0.0090458	11.382	0.10533	liquid
22.420	26.608	68.370	0.014626	0.038988	0.044398	1.9637	11.675	22.288	1057.2	-0.0090458	11.382	0.10533	liquid
22.420	26.611	68.370	0.014626	0.038988	0.044398	1.9637	11.675	22.288	1057.2	-0.0090458	11.382	0.10533	liquid
22.420	26.614	68.370	0.014626	0.038988	0.044398	1.9637	11.675	22.288	1057.2	-0.0090459	11.382	0.10533	liquid
22.420	26.617	68.370	0.014626	0.038988	0.044399	1.9637	11.675	22.288	1057.2	-0.0090459	11.382	0.10533	liquid
22.420	26.620	68.370	0.014626	0.038987	0.044399	1.9636	11.675	22.288	1057.2	-0.0090459	11.382	0.10533	liquid
22.420	26.623	68.370	0.014626	0.038987	0.044399	1.9636	11.675	22.288	1057.2	-0.0090460	11.382	0.10533	liquid
22.420	26.626	68.370	0.014626	0.038987	0.044400	1.9636	11.675	22.288	1057.2	-0.0090460	11.382	0.10533	liquid
22.420	26.629	68.370	0.014626	0.038987	0.044400	1.9636	11.675	22.288	1057.2	-0.0090461	11.382	0.10533	liquid
22.420	26.632	68.370	0.014626	0.038986	0.044400	1.9636	11.675	22.288	1057.2	-0.0090461	11.382	0.10533	liquid
22.420	26.635	68.370	0.014626	0.038986	0.044401	1.9636	11.675	22.288	1057.2	-0.0090461	11.382	0.10533	liquid
22.420	26.638	68.370	0.014626	0.038986	0.044401	1.9636	11.675	22.288	1057.2	-0.0090462	11.382	0.10533	liquid
22.420	26.641	68.370	0.014626	0.038985	0.044401	1.9636	11.675	22.288	1057.2	-0.0090462	11.382	0.10533	liquid
22.420	26.644	68.370	0.014626	0.038985	0.044402	1.9636	11.675	22.288	1057.2	-0.0090462	11.382	0.10533	liquid
22.420	26.647	68.370	0.014626	0.038985	0.044402	1.9635	11.675	22.288	1057.2	-0.0090463	11.382	0.10533	liquid
22.420	26.650	68.370	0.014626	0.038985	0.044402	1.9635	11.675	22.288	1057.2	-0.0090463	11.382	0.10533	liquid
22.420	26.653	68.370	0.014626	0.038984	0.044403	1.9635	11.675	22.288	1057.2	-0.0090463	11.382	0.10533	liquid
22.420	26.656	68.370	0.014626	0.038984	0.044403	1.9635	11.675	22.288	1057.2	-0.0090464	11.382	0.10533	liquid
22.420	26.659	68.370	0.014626	0.038984	0.044403	1.9635	11.675	22.288	1057.2	-0.0090464	11.382	0.10533	liquid
22.420	26.662	68.370	0.014626	0.038984	0.044404	1.9635	11.675	22.288	1057.2	-0.0090465	11.382	0.10533	liquid
22.420	26.665	68.370	0.014626	0.038983	0.044404	1.9635	11.675	22.288	1057.2	-0.0090465	11.382	0.10533	liquid
22.420	26.668	68.370	0.014626	0.038983	0.044404	1.9635	11.675	22.288	1057.2	-0.0090465	11.382	0.10533	liquid
22.420	26.671	68.370	0.014626	0.038983	0.044405	1.9634	11.675	22.288	1057.2	-0.0090466	11.382	0.10533	liquid
22.420	26.674	68.370	0.014626	0.038982	0.044405	1.9634	11.675	22.288	1057.2	-0.0090466	11.382	0.10533	liquid
22.420	26.677	68.370	0.014626	0.038982	0.044406	1.9634	11.675	22.288	1057.2	-0.0090466	11.382	0.10533	liquid
22.420	26.680	68.371	0.014626	0.038982	0.044406	1.9634	11.675	22.288	1057.2	-0.0090467	11.382	0.10533	liquid
22.420	26.683	68.371	0.014626	0.038982	0.044406	1.9634	11.675	22.288	1057.2	-0.0090467	11.382	0.10533	liquid
22.420	26.686	68.371	0.014626	0.038981	0.044407	1.9634	11.675	22.288	1057.2	-0.0090468	11.383	0.10533	liquid
22.420	26.689	68.371	0.014626	0.038981	0.044407	1.9634	11.675	22.288	1057.2	-0.0090468	11.383	0.10533	liquid
22.420	26.692	68.371	0.014626	0.038981	0.044407	1.9634	11.675	22.288	1057.2	-0.0090468	11.383	0.10533	liquid
22.420	26.695	68.371	0.014626	0.038981	0.044408	1.9633	11.675	22.288	1057.2	-0.0090469	11.383	0.10533	liquid
22.420	26.698	68.371	0.014626	0.038980	0.044408	1.9633	11.675	22.287	1057.2	-0.0090469	11.383	0.10533	liquid
22.420	26.701	68.371	0.014626	0.038980	0.044408	1.9633	11.675	22.287	1057.2	-0.0090469	11.383	0.10533	liquid
22.420	26.704	68.371	0.014626	0.038980	0.044409	1.9633	11.675	22.287	1057.2	-0.0090470	11.383	0.10533	liquid
22.420	26.707	68.371	0.014626	0.038979	0.044409	1.9633	11.675	22.287	1057.2	-0.0090470	11.383	0.10533	liquid
22.420	26.710	68.371	0.014626	0.038979	0.044409	1.9633	11.675	22.287	1057.2	-0.0090470	11.383	0.10533	liquid
22.420	26.713	68.371	0.014626	0.038979	0.044410	1.9633	11.675	22.287	1057.2	-0.0090471	11.383	0.10533	liquid
22.420	26.716	68.371	0.014626	0.038979	0.044410	1.9633	11.675	22.287	1057.2	-0.0090471	11.383	0.10533	liquid
22.420	26.719	68.371	0.014626	0.038978	0.044410	1.9632	11.675	22.287	1057.2	-0.0090472	11.383	0.10533	liquid
22.420	26.722	68.371	0.014626	0.038978	0.044411	1.9632	11.675	22.287	1057.2	-0.0090472	11.383	0.10533	liquid
22.420	26.725	68.371	0.014626	0.038978	0.044411	1.9632	11.675	22.287	1057.2	-0.0090472	11.383	0.10533	liquid
22.420	26.728	68.371	0.014626	0.038978	0.044411	1.9632	11.675	22.287	1057.2	-0.0090473	11.383	0.10533	liquid
22.420	26.731	68.371	0.014626	0.038977	0.044412	1.9632	11.675	22.287	1057.2	-0.0090473	11.383	0.10533	liquid
22.420	26.734	68.371	0.014626	0.038977	0.044412	1.9632	11.675	22.287	1057.2	-0.0090473	11.383	0.10533	liquid
22.420	26.737	68.371	0.014626	0.038977	0.044412	1.9632	11.675	22.287	1057.2	-0.0090474	11.383	0.10533	liquid
22.420	26.740	68.371	0.014626	0.038976	0.044413	1.9632	11.675	22.287	1057.2	-0.0090474	11.383	0.10533	liquid
22.420	26.743	68.371	0.014626	0.038976	0.044413	1.9631	11.675	22.287	1057.2	-0.0090474	11.383	0.10533	liquid
22.420	26.746	68.371	0.014626	0.038976	0.044413	1.9631	11.675	22.287	1057.2	-0.0090475	11.383	0.10533	liquid
22.420	26.749	68.371	0.014626	0.038976	0.044414	1.9631	11.675	22.287	1057.2	-0.0090475	11.383	0.10533	liquid
22.420	26.752	68.371	0.014626	0.038975	0.044414	1.9631	11.675	22.287	1057.2	-0.0090476	11.383	0.10533	liquid
22.420	26.755	68.371	0.014626	0.038975	0.044414	1.9631	11.675	22.287	1057.2	-0.0090476	11.383	0.10533	liquid
22.420	26.758	68.371	0.014626	0.038975	0.044415	1.9631	11.675	22.287	1057.2	-0.0090476	11.383	0.10533	liquid
22.420	26.761	68.371	0.014626	0.038975	0.044415	1.9631	11.675	22.287	1057.2	-0.0090477	11.383	0.10533	liquid
22.420	26.764	68.372	0.014626	0.038974	0.044415	1.9631	11.675	22.287	1057.2	-0.0090477	11.383	0.10533	liquid
22.420	26.767	68.372	0.014626	0.038974	0.044416	1.9630	11.675	22.287	1057.2	-0.0090477	11.383	0.10533	liquid
22.420	26.770	68.372	0.014626	0.038974	0.044416	1.9630	11.675	22.287	1057.2	-0.0090478	11.383	0.10533	liquid
22.420	26.773	68.372	0.014626	0.038974	0.044416	1.9630	11.675	22.287	1057.2	-0.0090478	11.383	0.10533	liquid
22.420	26.776	68.372	0.014626	0.038973	0.044417	1.9630	11.675	22.287	1057.2	-0.0090478	11.383	0.10533	liquid
22.420	26.779	68.372	0.014626	0.038973	0.044417	1.9630	11.675	22.287	1057.3	-0.0090479	11.383	0.10533	liquid
22.420	26.782	68.372	0.014626	0.038973	0.044417	1.9630	11.675	22.287	1057.3	-0.0090479	11.383	0.10533	liquid
22.420	26.785	68.372	0.014626	0.038972	0.044418	1.9630	11.675	22.286	1057.3	-0.0090480	11.383	0.10533	liquid
22.420	26.788	68.372	0.014626	0.038972	0.044418	1.9630	11.675	22.286	1057.3	-0.0090480	11.383	0.10533	liquid
22.420	26.791	68.372	0.014626	0.038972	0.044418	1.9630	11.675	22.286	1057.3	-0.0090480	11.383	0.10533	liquid
22.420	26.794	68.372	0.014626	0.038972	0.044419	1.9629	11.675	22.286	1057.3	-0.0090481	11.383	0.10533	liquid
22.420	26.797	68.372	0.014626	0.038971	0.044419	1.9629	11.675	22.286	1057.3	-0.0090481	11.383	0.10533	liquid
22.420	26.800	68.372	0.014626	0.038971	0.044419	1.9629	11.675	22.286	1057.3	-0.0090481	11.383	0.10533	liquid
22.420	26.803	68.372	0.014626	0.038971	0.044420	1.9629	11.675	22.286	1057.3	-0.0090482	11.383	0.10533	liquid
22.420	26.806	68.372	0.014626	0.038971	0.044420	1.9629	11.675	22.286	1057.3	-0.0090482	11.383	0.10533	liquid
22.420	26.809	68.372	0.014626	0.038970	0.044420	1.9629	11.675	22.286	1057.3	-0.0090482	11.383	0.10533	liquid
22.420	26.812	68.372	0.014626	0.038970	0.044421	1.9629	11.675	22.286	1057.3	-0.0090483	11.383	0.10533	liquid
22.420	26.815	68.372	0.014626	0.038970	0.044421	1.9629	11.675	22.286	1057.3	-0.0090483	11.383	0.10533	liquid
22.420	26.818	68.372	0.014626	0.038969	0.044421	1.9628	11.675	22.286	1057.3	-0.0090484	11.383	0.10533	liquid
22.420	26.821	68.372	0.014626	0.038969	0.044422	1.9628	11.675	22.286	1057.3	-0.0090484	11.383	0.10533	liquid
22.420	26.824	68.372	0.014626	0.038969	0.044422	1.9628	11.675	22.286	1057.3	-0.0090484	11.383	0.10533	liquid
22.420	26.827	68.372	0.014626	0.038969	0.044422	1.9628	11.675	22.286	1057.3	-0.0090485	11.383	0.10533	liquid
22.420	26.830	68.372	0.014626	0.038968	0.044423	1.9628	11.675	22.286	1057.3	-0.0090485	11.383	0.10533	liquid
22.420	26.833	68.372	0.014626	0.038968	0.044423	1.9628	11.675	22.286	1057.3	-0.0090485	11.383	0.10533	liquid
22.420	26.836	68.372	0.014626	0.038968	0.044423	1.9628	11.675	22.286	1057.3	-0.0090486	11.383	0.10533	liquid
22.420	26.839	68.372	0.014626	0.038968	0.044424	1.9628	11.675	22.286	1057.3	-0.0090486	11.383	0.10533	liquid
22.420	26.842	68.372	0.014626	0.038967	0.044424	1.9627	11.675	22.286	1057.3	-0.0090486	11.384	0.10533	liquid
22.420	26.845	68.372	0.014626	0.038967	0.044424	1.9627	11.675	22.286	1057.3	-0.0090487	11.384	0.10533	liquid
22.420	26.848	68.373	0.014626	0.038967	0.044425	1.9627	11.675	22.286	1057.3	-0.0090487	11.384	0.10533	liquid
22.420	26.851	68.373	0.014626	0.038966	0.044425	1.9627	11.675	22.286	1057.3	-0.0090488	11.384	0.10533	liquid
22.420	26.854	68.373	0.014626	0.038966	0.044425	1.9627	11.675	22.286	1057.3	-0.0090488	11.384	0.10534	liquid
22.420	26.857	68.373	0.014626	0.038966	0.044426	1.9627	11.675	22.286	1057.3	-0.0090488	11.384	0.10534	liquid
22.420	26.860	68.373	0.014626	0.038966	0.044426	1.9627	11.675	22.286	1057.3	-0.0090489	11.384	0.10534	liquid
22.420	26.863	68.373	0.014626	0.038965	0.044426	1.9627	11.675	22.286	1057.3	-0.0090489	11.384	0.10534	liquid
22.420	26.866	68.373	0.014626	0.038965	0.044427	1.9626	11.675	22.286	1057.3	-0.0090489	11.384	0.10534	liquid
22.420	26.869	68.373	0.014626	0.038965	0.044427	1.9626	11.675	22.286	1057.3	-0.0090490	11.384	0.10534	liquid
22.420	26.872	68.373	0.014626	0.038965	0.044427	1.9626	11.675	22.285	1057.3	-0.0090490	11.384	0.10534	liquid
22.420	26.875	68.373	0.014626	0.038964	0.044428	1.9626	11.675	22.285	1057.3	-0.0090490	11.384	0.10534	liquid
22.420	26.878	68.373	0.014626	0.038964	0.044428	1.9626	11.675	22.285	1057.3	-0.0090491	11.384	0.10534	liquid
22.420	26.881	68.373	0.014626	0.038964	0.044428	1.9626	11.675	22.285	1057.3	-0.0090491	11.384	0.10534	liquid
22.420	26.884	68.373	0.014626	0.038963	0.044429	1.9626	11.675	22.285	1057.3	-0.0090492	11.384	0.10534	liquid
22.420	26.887	68.373	0.014626	0.038963	0.044429	1.9626	11.675	22.285	1057.3	-0.0090492	11.384	0.10534	liquid
22.420	26.890	68.373	0.014626	0.038963	0.044429	1.9625	11.675	22.285	1057.3	-0.0090492	11.384	0.10534	liquid
22.420	26.893	68.373	0.014626	0.038963	0.044430	1.9625	11.675	22.285	1057.3	-0.0090493	11.384	0.10534	liquid
22.420	26.896	68.373	0.014626	0.038962	0.044430	1.9625	11.675	22.285	1057.3	-0.0090493	11.384	0.10534	liquid
22.420	26.899	68.373	0.014626	0.038962	0.044430	1.9625	11.675	22.285	1057.3	-0.0090493	11.384	0.10534	liquid
22.420	26.902	68.373	0.014626	0.038962	0.044431	1.9625	11.675	22.285	1057.3	-0.0090494	11.384	0.10534	liquid
22.420	26.905	68.373	0.014626	0.038962	0.044431	1.9625	11.675	22.285	1057.3	-0.0090494	11.384	0.10534	liquid
22.420	26.908	68.373	0.014626	0.038961	0.044431	1.9625	11.675	22.285	1057.3	-0.0090495	11.384	0.10534	liquid
22.420	26.911	68.373	0.014626	0.038961	0.044432	1.9625	11.675	22.285	1057.3	-0.0090495	11.384	0.10534	liquid
22.420	26.914	68.373	0.014626	0.038961	0.044432	1.9625	11.675	22.285	1057.3	-0.0090495	11.384	0.10534	liquid
22.420	26.917	68.373	0.014626	0.038961	0.044432	1.9624	11.675	22.285	1057.3	-0.0090496	11.384	0.10534	liquid
22.420	26.920	68.373	0.014626	0.038960	0.044433	1.9624	11.675	22.285	1057.3	-0.0090496	11.384	0.10534	liquid
22.420	26.923	68.373	0.014626	0.038960	0.044433	1.9624	11.675	22.285	1057.3	-0.0090496	11.384	0.10534	liquid
22.420	26.926	68.373	0.014626	0.038960	0.044433	1.9624	11.675	22.285	1057.3	-0.0090497	11.384	0.10534	liquid
22.420	26.929	68.373	0.014626	0.038959	0.044434	1.9624	11.675	22.285	1057.3	-0.0090497	11.384	0.10534	liquid
22.420	26.932	68.374	0.014626	0.038959	0.044434	1.9624	11.675	22.285	1057.3	-0.0090497	11.384	0.10534	liquid
22.420	26.935	68.374	0.014626	0.038959	0.044434	1.9624	11.675	22.285	1057.3	-0.0090498	11.384	0.10534	liquid
22.420	26.938	68.374	0.014626	0.038959	0.044435	1.9624	11.675	22.285	1057.3	-0.0090498	11.384	0.10534	liquid
22.420	26.941	68.374	0.014626	0.038958	0.044435	1.9623	11.675	22.285	1057.3	-0.0090499	11.384	0.10534	liquid
22.420	26.944	68.374	0.014626	0.038958	0.044435	1.9623	11.675	22.285	1057.3	-0.0090499	11.384	0.10534	liquid
22.420	26.947	68.374	0.014626	0.038958	0.044436	1.9623	11.675	22.285	1057.3	-0.0090499	11.384	0.10534	liquid
22.420	26.950	68.374	0.014626	0.038958	0.044436	1.9623	11.675	22.285	1057.3	-0.0090500	11.384	0.10534	liquid
22.420	26.953	68.374	0.014625	0.038957	0.044436	1.9623	11.675	22.285	1057.3	-0.0090500	11.384	0.10534	liquid
22.420	26.956	68.374	0.014625	0.038957	0.044437	1.9623	11.675	22.285	1057.3	-0.0090500	11.384	0.10534	liquid
22.420	26.959	68.374	0.014625	0.038957	0.044437	1.9623	11.675	22.285	1057.3	-0.0090501	11.384	0.10534	liquid
22.420	26.962	68.374	0.014625	0.038956	0.044437	1.9623	11.675	22.284	1057.3	-0.0090501	11.384	0.10534	liquid
22.420	26.965	68.374	0.014625	0.038956	0.044438	1.9622	11.675	22.284	1057.3	-0.0090501	11.384	0.10534	liquid
22.420	26.968	68.374	0.014625	0.038956	0.044438	1.9622	11.675	22.284	1057.3	-0.0090502	11.384	0.10534	liquid
22.420	26.971	68.374	0.014625	0.038956	0.044438	1.9622	11.675	22.284	1057.3	-0.0090502	11.384	0.10534	liquid
22.420	26.974	68.374	0.014625	0.038955	0.044439	1.9622	11.675	22.284	1057.3	-0.0090503	11.384	0.10534	liquid
22.420	26.977	68.374	0.014625	0.038955	0.044439	1.9622	11.675	22.284	1057.3	-0.0090503	11.384	0.10534	liquid
22.420	26.980	68.374	0.014625	0.038955	0.044439	1.9622	11.675	22.284	1057.3	-0.0090503	11.384	0.10534	liquid
22.420	26.983	68.374	0.014625	0.038955	0.044440	1.9622	11.675	22.284	1057.3	-0.0090504	11.384	0.10534	liquid
22.420	26.986	68.374	0.014625	0.038954	0.044440	1.9622	11.675	22.284	1057.3	-0.0090504	11.384	0.10534	liquid
22.420	26.989	68.374	0.014625	0.038954	0.044440	1.9621	11.675	22.284	1057.3	-0.0090504	11.384	0.10534	liquid
22.420	26.992	68.374	0.014625	0.038954	0.044441	1.9621	11.675	22.284	1057.3	-0.0090505	11.384	0.10534	liquid
22.420	26.995	68.374	0.014625	0.038953	0.044441	1.9621	11.675	22.284	1057.3	-0.0090505	11.384	0.10534	liquid
22.420	26.998	68.374	0.014625	0.038953	0.044441	1.9621	11.675	22.284	1057.3	-0.0090505	11.385	0.10534	liquid
22.420	27.001	68.374	0.014625	0.038953	0.044442	1.9621	11.675	22.284	1057.4	-0.0090506	11.385	0.10534	liquid
22.420	27.004	68.374	0.014625	0.038953	0.044442	1.9621	11.675	22.284	1057.4	-0.0090506	11.385	0.10534	liquid
22.420	27.007	68.374	0.014625	0.038952	0.044442	1.9621	11.675	22.284	1057.4	-0.0090507	11.385	0.10534	liquid
22.420	27.010	68.374	0.014625	0.038952	0.044443	1.9621	11.675	22.284	1057.4	-0.0090507	11.385	0.10534	liquid
22.420	27.013	68.374	0.014625	0.038952	0.044443	1.9620	11.675	22.284	1057.4	-0.0090507	11.385	0.10534	liquid
22.420	27.016	68.374	0.014625	0.038952	0.044443	1.9620	11.675	22.284	1057.4	-0.0090508	11.385	0.10534	liquid
22.420	27.019	68.375	0.014625	0.038951	0.044444	1.9620	11.675	22.284	1057.4	-0.0090508	11.385	0.10534	liquid
22.420	27.022	68.375	0.014625	0.038951	0.044444	1.9620	11.675	22.284	1057.4	-0.0090508	11.385	0.10534	liquid
22.420	27.025	68.375	0.014625	0.038951	0.044444	1.9620	11.675	22.284	1057.4	-0.0090509	11.385	0.10534	liquid
22.420	27.028	68.375	0.014625	0.038950	0.044445	1.9620	11.675	22.284	1057.4	-0.0090509	11.385	0.10534	liquid
22.420	27.031	68.375	0.014625	0.038950	0.044445	1.9620	11.675	22.284	1057.4	-0.0090509	11.385	0.10534	liquid
22.420	27.034	68.375	0.014625	0.038950	0.044446	1.9620	11.675	22.284	1057.4	-0.0090510	11.385	0.10534	liquid
22.420	27.037	68.375	0.014625	0.038950	0.044446	1.9620	11.675	22.284	1057.4	-0.0090510	11.385	0.10534	liquid
22.420	27.040	68.375	0.014625	0.038949	0.044446	1.9619	11.675	22.284	1057.4	-0.0090511	11.385	0.10534	liquid
22.420	27.043	68.375	0.014625	0.038949	0.044447	1.9619	11.675	22.284	1057.4	-0.0090511	11.385	0.10534	liquid
22.420	27.046	68.375	0.014625	0.038949	0.044447	1.9619	11.675	22.284	1057.4	-0.0090511	11.385	0.10534	liquid
22.420	27.049	68.375	0.014625	0.038949	0.044447	1.9619	11.675	22.283	1057.4	-0.0090512	11.385	0.10534	liquid
22.420	27.052	68.375	0.014625	0.038948	0.044448	1.9619	11.675	22.283	1057.4	-0.0090512	11.385	0.10534	liquid
22.420	27.055	68.375	0.014625	0.038948	0.044448	1.9619	11.675	22.283	1057.4	-0.0090512	11.385	0.10534	liquid
22.420	27.058	68.375	0.014625	0.038948	0.044448	1.9619	11.675	22.283	1057.4	-0.0090513	11.385	0.10534	liquid
22.420	27.061	68.375	0.014625	0.038948	0.044449	1.9619	11.675	22.283	1057.4	-0.0090513	11.385	0.10534	liquid
22.420	27.064	68.375	0.014625	0.038947	0.044449	1.9618	11.675	22.283	1057.4	-0.0090513	11.385	0.10534	liquid
22.420	27.067	68.375	0.014625	0.038947	0.044449	1.9618	11.675	22.283	1057.4	-0.0090514	11.385	0.10534	liquid
22.420	27.070	68.375	0.014625	0.038947	0.044450	1.9618	11.675	22.283	1057.4	-0.0090514	11.385	0.10534	liquid
22.420	27.073	68.375	0.014625	0.038946	0.044450	1.9618	11.675	22.283	1057.4	-0.0090515	11.385	0.10534	liquid
22.420	27.076	68.375	0.014625	0.038946	0.044450	1.9618	11.675	22.283	1057.4	-0.0090515	11.385	0.10534	liquid
22.420	27.079	68.375	0.014625	0.038946	0.044451	1.9618	11.675	22.283	1057.4	-0.0090515	11.385	0.10534	liquid
22.420	27.082	68.375	0.014625	0.038946	0.044451	1.9618	11.675	22.283	1057.4	-0.0090516	11.385	0.10534	liquid
22.420	27.085	68.375	0.014625	0.038945	0.044451	1.9618	11.675	22.283	1057.4	-0.0090516	11.385	0.10534	liquid
22.420	27.088	68.375	0.014625	0.038945	0.044452	1.9617	11.675	22.283	1057.4	-0.0090516	11.385	0.10534	liquid
22.420	27.091	68.375	0.014625	0.038945	0.044452	1.9617	11.675	22.283	1057.4	-0.0090517	11.385	0.10534	liquid
22.420	27.094	68.375	0.014625	0.038945	0.044452	1.9617	11.675	22.283	1057.4	-0.0090517	11.385	0.10534	liquid
22.420	27.097	68.375	0.014625	0.038944	0.044453	1.9617	11.675	22.283	1057.4	-0.0090517	11.385	0.10534	liquid
22.420	27.100	68.375	0.014625	0.038944	0.044453	1.9617	11.675	22.283	1057.4	-0.0090518	11.385	0.10534	liquid
22.420	27.103	68.376	0.014625	0.038944	0.044453	1.9617	11.675	22.283	1057.4	-0.0090518	11.385	0.10534	liquid
22.420	27.106	68.376	0.014625	0.038943	0.044454	1.9617	11.675	22.283	1057.4	-0.0090519	11.385	0.10534	liquid
22.420	27.109	68.376	0.014625	0.038943	0.044454	1.9617	11.675	22.283	1057.4	-0.0090519	11.385	0.10534	liquid
22.420	27.112	68.376	0.014625	0.038943	0.044454	1.9616	11.675	22.283	1057.4	-0.0090519	11.385	0.10534	liquid
22.420	27.115	68.376	0.014625	0.038943	0.044455	1.9616	11.675	22.283	1057.4	-0.0090520	11.385	0.10534	liquid
22.420	27.118	68.376	0.014625	0.038942	0.044455	1.9616	11.675	22.283	1057.4	-0.0090520	11.385	0.10534	liquid
22.420	27.121	68.376	0.014625	0.038942	0.044455	1.9616	11.675	22.283	1057.4	-0.0090520	11.385	0.10534	liquid
22.420	27.124	68.376	0.014625	0.038942	0.044456	1.9616	11.675	22.283	1057.4	-0.0090521	11.385	0.10534	liquid
22.420	27.127	68.376	0.014625	0.038942	0.044456	1.9616	11.675	22.283	1057.4	-0.0090521	11.385	0.10534	liquid
22.420	27.130	68.376	0.014625	0.038941	0.044456	1.9616	11.675	22.283	1057.4	-0.0090521	11.385	0.10534	liquid
22.420	27.133	68.376	0.014625	0.038941	0.044457	1.9616	11.675	22.283	1057.4	-0.0090522	11.385	0.10534	liquid
22.420	27.136	68.376	0.014625	0.038941	0.044457	1.9615	11.675	22.283	1057.4	-0.0090522	11.385	0.10534	liquid
22.420	27.139	68.376	0.014625	0.038940	0.044457	1.9615	11.675	22.282	1057.4	-0.0090523	11.385	0.10534	liquid
22.420	27.142	68.376	0.014625	0.038940	0.044458	1.9615	11.675	22.282	1057.4	-0.0090523	11.385	0.10534	liquid
22.420	27.145	68.376	0.014625	0.038940	0.044458	1.9615	11.675	22.282	1057.4	-0.0090523	11.385	0.10534	liquid
22.420	27.148	68.376	0.014625	0.038940	0.044458	1.9615	11.675	22.282	1057.4	-0.0090524	11.385	0.10534	liquid
22.420	27.151	68.376	0.014625	0.038939	0.044459	1.9615	11.675	22.282	1057.4	-0.0090524	11.385	0.10534	liquid
22.420	27.154	68.376	0.014625	0.038939	0.044459	1.9615	11.675	22.282	1057.4	-0.0090524	11.386	0.10534	liquid
22.420	27.157	68.376	0.014625	0.038939	0.044459	1.9615	11.675	22.282	1057.4	-0.0090525	11.386	0.10534	liquid
22.420	27.160	68.376	0.014625	0.038939	0.044460	1.9615	11.675	22.282	1057.4	-0.0090525	11.386	0.10534	liquid
22.420	27.163	68.376	0.014625	0.038938	0.044460	1.9614	11.675	22.282	1057.4	-0.0090525	11.386	0.10534	liquid
22.420	27.166	68.376	0.014625	0.038938	0.044460	1.9614	11.675	22.282	1057.4	-0.0090526	11.386	0.10534	liquid
22.420	27.169	68.376	0.014625	0.038938	0.044461	1.9614	11.675	22.282	1057.4	-0.0090526	11.386	0.10534	liquid
22.420	27.172	68.376	0.014625	0.038937	0.044461	1.9614	11.675	22.282	1057.4	-0.0090527	11.386	0.10534	liquid
22.420	27.175	68.376	0.014625	0.038937	0.044461	1.9614	11.675	22.282	1057.4	-0.0090527	11.386	0.10534	liquid
22.420	27.178	68.376	0.014625	0.038937	0.044462	1.9614	11.675	22.282	1057.4	-0.0090527	11.386	0.10534	liquid
22.420	27.181	68.376	0.014625	0.038937	0.044462	1.9614	11.675	22.282	1057.4	-0.0090528	11.386	0.10534	liquid
22.420	27.184	68.376	0.014625	0.038936	0.044462	1.9614	11.675	22.282	1057.4	-0.0090528	11.386	0.10534	liquid
22.420	27.187	68.377	0.014625	0.038936	0.044463	1.9613	11.675	22.282	1057.4	-0.0090528	11.386	0.10534	liquid
22.420	27.190	68.377	0.014625	0.038936	0.044463	1.9613	11.675	22.282	1057.4	-0.0090529	11.386	0.10534	liquid
22.420	27.193	68.377	0.014625	0.038936	0.044463	1.9613	11.675	22.282	1057.4	-0.0090529	11.386	0.10534	liquid
22.420	27.196	68.377	0.014625	0.038935	0.044464	1.9613	11.675	22.282	1057.4	-0.0090530	11.386	0.10534	liquid
22.420	27.199	68.377	0.014625	0.038935	0.044464	1.9613	11.675	22.282	1057.4	-0.0090530	11.386	0.10534	liquid
22.420	27.202	68.377	0.014625	0.038935	0.044464	1.9613	11.675	22.282	1057.4	-0.0090530	11.386	0.10534	liquid
22.420	27.205	68.377	0.014625	0.038935	0.044465	1.9613	11.675	22.282	1057.4	-0.0090531	11.386	0.10534	liquid
22.420	27.208	68.377	0.014625	0.038934	0.044465	1.9613	11.675	22.282	1057.4	-0.0090531	11.386	0.10534	liquid
22.420	27.211	68.377	0.014625	0.038934	0.044465	1.9612	11.675	22.282	1057.4	-0.0090531	11.386	0.10534	liquid
22.420	27.214	68.377	0.014625	0.038934	0.044466	1.9612	11.675	22.282	1057.4	-0.0090532	11.386	0.10534	liquid
22.420	27.217	68.377	0.014625	0.038933	0.044466	1.9612	11.675	22.282	1057.4	-0.0090532	11.386	0.10534	liquid
22.420	27.220	68.377	0.014625	0.038933	0.044466	1.9612	11.675	22.282	1057.4	-0.0090532	11.386	0.10534	liquid
22.420	27.223	68.377	0.014625	0.038933	0.044467	1.9612	11.675	22.282	1057.5	-0.0090533	11.386	0.10534	liquid
22.420	27.226	68.377	0.014625	0.038933	0.044467	1.9612	11.675	22.281	1057.5	-0.0090533	11.386	0.10534	liquid
22.420	27.229	68.377	0.014625	0.038932	0.044467	1.9612	11.675	22.281	1057.5	-0.0090534	11.386	0.10534	liquid
22.420	27.232	68.377	0.014625	0.038932	0.044468	1.9612	11.675	22.281	1057.5	-0.0090534	11.386	0.10534	liquid
22.420	27.235	68.377	0.014625	0.038932	0.044468	1.9611	11.675	22.281	1057.5	-0.0090534	11.386	0.10534	liquid
22.420	27.238	68.377	0.014625	0.038932	0.044468	1.9611	11.675	22.281	1057.5	-0.0090535	11.386	0.10534	liquid
22.420	27.241	68.377	0.014625	0.038931	0.044469	1.9611	11.675	22.281	1057.5	-0.0090535	11.386	0.10534	liquid
22.420	27.244	68.377	0.014625	0.038931	0.044469	1.9611	11.675	22.281	1057.5	-0.0090535	11.386	0.10534	liquid
22.420	27.247	68.377	0.014625	0.038931	0.044469	1.9611	11.675	22.281	1057.5	-0.0090536	11.386	0.10534	liquid
22.420	27.250	68.377	0.014625	0.038930	0.044470	1.9611	11.675	22.281	1057.5	-0.0090536	11.386	0.10534	liquid
22.420	27.253	68.377	0.014625	0.038930	0.044470	1.9611	11.675	22.281	1057.5	-0.0090536	11.386	0.10534	liquid
22.420	27.256	68.377	0.014625	0.038930	0.044470	1.9611	11.675	22.281	1057.5	-0.0090537	11.386	0.10534	liquid
22.420	27.259	68.377	0.014625	0.038930	0.044471	1.9610	11.675	22.281	1057.5	-0.0090537	11.386	0.10534	liquid
22.420	27.262	68.377	0.014625	0.038929	0.044471	1.9610	11.675	22.281	1057.5	-0.0090538	11.386	0.10534	liquid
22.420	27.265	68.377	0.014625	0.038929	0.044471	1.9610	11.675	22.281	1057.5	-0.0090538	11.386	0.10534	liquid
22.420	27.268	68.377	0.014625	0.038929	0.044472	1.9610	11.675	22.281	1057.5	-0.0090538	11.386	0.10534	liquid
22.420	27.271	68.377	0.014625	0.038929	0.044472	1.9610	11.675	22.281	1057.5	-0.0090539	11.386	0.10534	liquid
22.420	27.274	68.378	0.014625	0.038928	0.044472	1.9610	11.675	22.281	1057.5	-0.0090539	11.386	0.10534	liquid
22.420	27.277	68.378	0.014625	0.038928	0.044473	1.9610	11.675	22.281	1057.5	-0.0090539	11.386	0.10534	liquid
22.420	27.280	68.378	0.014625	0.038928	0.044473	1.9610	11.675	22.281	1057.5	-0.0090540	11.386	0.10534	liquid
22.420	27.283	68.378	0.014625	0.038927	0.044473	1.9609	11.675	22.281	1057.5	-0.0090540	11.386	0.10534	liquid
22.420	27.286	68.378	0.014625	0.038927	0.044474	1.9609	11.675	22.281	1057.5	-0.0090540	11.386	0.10534	liquid
22.420	27.289	68.378	0.014625	0.038927	0.044474	1.9609	11.675	22.281	1057.5	-0.0090541	11.386	0.10534	liquid
22.420	27.292	68.378	0.014625	0.038927	0.044474	1.9609	11.675	22.281	1057.5	-0.0090541	11.386	0.10534	liquid
22.420	27.295	68.378	0.014625	0.038926	0.044475	1.9609	11.675	22.281	1057.5	-0.0090542	11.386	0.10535	liquid
22.420	27.298	68.378	0.014625	0.038926	0.044475	1.9609	11.675	22.281	1057.5	-0.0090542	11.386	0.10535	liquid
22.420	27.301	68.378	0.014625	0.038926	0.044475	1.9609	11.675	22.281	1057.5	-0.0090542	11.386	0.10535	liquid
22.420	27.304	68.378	0.014625	0.038926	0.044476	1.9609	11.675	22.281	1057.5	-0.0090543	11.386	0.10535	liquid
22.420	27.307	68.378	0.014625	0.038925	0.044476	1.9609	11.675	22.281	1057.5	-0.0090543	11.386	0.10535	liquid
22.420	27.310	68.378	0.014625	0.038925	0.044476	1.9608	11.675	22.281	1057.5	-0.0090543	11.387	0.10535	liquid
22.420	27.313	68.378	0.014625	0.038925	0.044477	1.9608	11.675	22.280	1057.5	-0.0090544	11.387	0.10535	liquid
22.420	27.316	68.378	0.014625	0.038924	0.044477	1.9608	11.675	22.280	1057.5	-0.0090544	11.387	0.10535	liquid
22.420	27.319	68.378	0.014625	0.038924	0.044477	1.9608	11.675	22.280	1057.5	-0.0090544	11.387	0.10535	liquid
22.420	27.322	68.378	0.014625	0.038924	0.044478	1.9608	11.675	22.280	1057.5	-0.0090545	11.387	0.10535	liquid
22.420	27.325	68.378	0.014625	0.038924	0.044478	1.9608	11.675	22.280	1057.5	-0.0090545	11.387	0.10535	liquid
22.420	27.328	68.378	0.014625	0.038923	0.044478	1.9608	11.675	22.280	1057.5	-0.0090546	11.387	0.10535	liquid
22.420	27.331	68.378	0.014625	0.038923	0.044479	1.9608	11.675	22.280	1057.5	-0.0090546	11.387	0.10535	liquid
22.420	27.334	68.378	0.014625	0.038923	0.044479	1.9607	11.675	22.280	1057.5	-0.0090546	11.387	0.10535	liquid
22.420	27.337	68.378	0.014625	0.038923	0.044479	1.9607	11.675	22.280	1057.5	-0.0090547	11.387	0.10535	liquid
22.420	27.340	68.378	0.014625	0.038922	0.044480	1.9607	11.675	22.280	1057.5	-0.0090547	11.387	0.10535	liquid
22.420	27.343	68.378	0.014625	0.038922	0.044480	1.9607	11.675	22.280	1057.5	-0.0090547	11.387	0.10535	liquid
22.420	27.346	68.378	0.014625	0.038922	0.044480	1.9607	11.675	22.280	1057.5	-0.0090548	11.387	0.10535	liquid
22.420	27.349	68.378	0.014624	0.038922	0.044481	1.9607	11.675	22.280	1057.5	-0.0090548	11.387	0.10535	liquid
22.420	27.352	68.378	0.014624	0.038921	0.044481	1.9607	11.675	22.280	1057.5	-0.0090548	11.387	0.10535	liquid
22.420	27.355	68.378	0.014624	0.038921	0.044481	1.9607	11.675	22.280	1057.5	-0.0090549	11.387	0.10535	liquid
22.420	27.358	68.379	0.014624	0.038921	0.044482	1.9606	11.675	22.280	1057.5	-0.0090549	11.387	0.10535	liquid
22.420	27.361	68.379	0.014624	0.038920	0.044482	1.9606	11.675	22.280	1057.5	-0.0090550	11.387	0.10535	liquid
22.420	27.364	68.379	0.014624	0.038920	0.044482	1.9606	11.675	22.280	1057.5	-0.0090550	11.387	0.10535	liquid
22.420	27.367	68.379	0.014624	0.038920	0.044483	1.9606	11.675	22.280	1057.5	-0.0090550	11.387	0.10535	liquid
22.420	27.370	68.379	0.014624	0.038920	0.044483	1.9606	11.675	22.280	1057.5	-0.0090551	11.387	0.10535	liquid
22.420	27.373	68.379	0.014624	0.038919	0.044483	1.9606	11.675	22.280	1057.5	-0.0090551	11.387	0.10535	liquid
22.420	27.376	68.379	0.014624	0.038919	0.044484	1.9606	11.675	22.280	1057.5	-0.0090551	11.387	0.10535	liquid
22.420	27.379	68.379	0.014624	0.038919	0.044484	1.9606	11.675	22.280	1057.5	-0.0090552	11.387	0.10535	liquid
22.420	27.382	68.379	0.014624	0.038919	0.044484	1.9605	11.675	22.280	1057.5	-0.0090552	11.387	0.10535	liquid
22.420	27.385	68.379	0.014624	0.038918	0.044485	1.9605	11.675	22.280	1057.5	-0.0090552	11.387	0.10535	liquid
22.420	27.388	68.379	0.014624	0.038918	0.044485	1.9605	11.675	22.280	1057.5	-0.0090553	11.387	0.10535	liquid
22.420	27.391	68.379	0.014624	0.038918	0.044486	1.9605	11.675	22.280	1057.5	-0.0090553	11.387	0.10535	liquid
22.420	27.394	68.379	0.014624	0.038917	0.044486	1.9605	11.675	22.280	1057.5	-0.0090554	11.387	0.10535	liquid
22.420	27.397	68.379	0.014624	0.038917	0.044486	1.9605	11.675	22.280	1057.5	-0.0090554	11.387	0.10535	liquid
22.420	27.400	68.379	0.014624	0.038917	0.044487	1.9605	11.675	22.280	1057.5	-0.0090554	11.387	0.10535	liquid
