Temperature (K)	Pressure (psia)	Density (kg/m3)	Volume (m3/kg)	Internal Energy (kJ/mol)	Enthalpy (kJ/mol)	Entropy (J/mol*K)	Cv (J/mol*K)	Cp (J/mol*K)	Sound Spd. (m/s)	Joule-Thomson (F/psia)	Viscosity (uPa*s)	Therm. Cond. (W/m*K)	Phase
22.400	25.600	68.385	0.014623	0.038636	0.043839	1.9479	11.672	22.270	1057.4	-0.0090641	11.393	0.10531	liquid
22.400	25.603	68.385	0.014623	0.038636	0.043840	1.9479	11.672	22.270	1057.4	-0.0090641	11.393	0.10531	liquid
22.400	25.606	68.385	0.014623	0.038635	0.043840	1.9479	11.672	22.270	1057.4	-0.0090641	11.393	0.10531	liquid
22.400	25.609	68.385	0.014623	0.038635	0.043840	1.9479	11.672	22.270	1057.4	-0.0090642	11.393	0.10531	liquid
22.400	25.612	68.385	0.014623	0.038635	0.043841	1.9479	11.672	22.270	1057.4	-0.0090642	11.393	0.10531	liquid
22.400	25.615	68.385	0.014623	0.038635	0.043841	1.9479	11.672	22.270	1057.4	-0.0090643	11.393	0.10531	liquid
22.400	25.618	68.385	0.014623	0.038634	0.043841	1.9478	11.672	22.270	1057.4	-0.0090643	11.393	0.10531	liquid
22.400	25.621	68.385	0.014623	0.038634	0.043842	1.9478	11.672	22.270	1057.4	-0.0090643	11.393	0.10531	liquid
22.400	25.624	68.385	0.014623	0.038634	0.043842	1.9478	11.672	22.270	1057.4	-0.0090644	11.393	0.10531	liquid
22.400	25.627	68.386	0.014623	0.038634	0.043842	1.9478	11.672	22.270	1057.4	-0.0090644	11.393	0.10531	liquid
22.400	25.630	68.386	0.014623	0.038633	0.043843	1.9478	11.672	22.270	1057.4	-0.0090644	11.393	0.10531	liquid
22.400	25.633	68.386	0.014623	0.038633	0.043843	1.9478	11.672	22.270	1057.4	-0.0090645	11.393	0.10531	liquid
22.400	25.636	68.386	0.014623	0.038633	0.043843	1.9478	11.672	22.270	1057.4	-0.0090645	11.393	0.10531	liquid
22.400	25.639	68.386	0.014623	0.038632	0.043844	1.9478	11.672	22.269	1057.4	-0.0090646	11.393	0.10531	liquid
22.400	25.642	68.386	0.014623	0.038632	0.043844	1.9477	11.672	22.269	1057.4	-0.0090646	11.393	0.10531	liquid
22.400	25.645	68.386	0.014623	0.038632	0.043844	1.9477	11.672	22.269	1057.4	-0.0090646	11.393	0.10531	liquid
22.400	25.648	68.386	0.014623	0.038632	0.043845	1.9477	11.672	22.269	1057.4	-0.0090647	11.394	0.10531	liquid
22.400	25.651	68.386	0.014623	0.038631	0.043845	1.9477	11.672	22.269	1057.4	-0.0090647	11.394	0.10531	liquid
22.400	25.654	68.386	0.014623	0.038631	0.043845	1.9477	11.672	22.269	1057.5	-0.0090647	11.394	0.10531	liquid
22.400	25.657	68.386	0.014623	0.038631	0.043846	1.9477	11.672	22.269	1057.5	-0.0090648	11.394	0.10531	liquid
22.400	25.660	68.386	0.014623	0.038631	0.043846	1.9477	11.672	22.269	1057.5	-0.0090648	11.394	0.10531	liquid
22.400	25.663	68.386	0.014623	0.038630	0.043846	1.9477	11.672	22.269	1057.5	-0.0090648	11.394	0.10531	liquid
22.400	25.666	68.386	0.014623	0.038630	0.043847	1.9476	11.672	22.269	1057.5	-0.0090649	11.394	0.10531	liquid
22.400	25.669	68.386	0.014623	0.038630	0.043847	1.9476	11.672	22.269	1057.5	-0.0090649	11.394	0.10531	liquid
22.400	25.672	68.386	0.014623	0.038629	0.043847	1.9476	11.672	22.269	1057.5	-0.0090650	11.394	0.10531	liquid
22.400	25.675	68.386	0.014623	0.038629	0.043848	1.9476	11.672	22.269	1057.5	-0.0090650	11.394	0.10531	liquid
22.400	25.678	68.386	0.014623	0.038629	0.043848	1.9476	11.672	22.269	1057.5	-0.0090650	11.394	0.10531	liquid
22.400	25.681	68.386	0.014623	0.038629	0.043848	1.9476	11.672	22.269	1057.5	-0.0090651	11.394	0.10531	liquid
22.400	25.684	68.386	0.014623	0.038628	0.043849	1.9476	11.672	22.269	1057.5	-0.0090651	11.394	0.10531	liquid
22.400	25.687	68.386	0.014623	0.038628	0.043849	1.9476	11.672	22.269	1057.5	-0.0090651	11.394	0.10531	liquid
22.400	25.690	68.386	0.014623	0.038628	0.043849	1.9475	11.672	22.269	1057.5	-0.0090652	11.394	0.10531	liquid
22.400	25.693	68.386	0.014623	0.038628	0.043850	1.9475	11.672	22.269	1057.5	-0.0090652	11.394	0.10531	liquid
22.400	25.696	68.386	0.014623	0.038627	0.043850	1.9475	11.672	22.269	1057.5	-0.0090652	11.394	0.10531	liquid
22.400	25.699	68.386	0.014623	0.038627	0.043850	1.9475	11.672	22.269	1057.5	-0.0090653	11.394	0.10531	liquid
22.400	25.702	68.386	0.014623	0.038627	0.043851	1.9475	11.672	22.269	1057.5	-0.0090653	11.394	0.10531	liquid
22.400	25.705	68.386	0.014623	0.038627	0.043851	1.9475	11.672	22.269	1057.5	-0.0090654	11.394	0.10531	liquid
22.400	25.708	68.386	0.014623	0.038626	0.043851	1.9475	11.672	22.269	1057.5	-0.0090654	11.394	0.10531	liquid
22.400	25.711	68.387	0.014623	0.038626	0.043852	1.9475	11.672	22.269	1057.5	-0.0090654	11.394	0.10531	liquid
22.400	25.714	68.387	0.014623	0.038626	0.043852	1.9475	11.672	22.269	1057.5	-0.0090655	11.394	0.10531	liquid
22.400	25.717	68.387	0.014623	0.038625	0.043852	1.9474	11.672	22.269	1057.5	-0.0090655	11.394	0.10531	liquid
22.400	25.720	68.387	0.014623	0.038625	0.043853	1.9474	11.672	22.269	1057.5	-0.0090655	11.394	0.10531	liquid
22.400	25.723	68.387	0.014623	0.038625	0.043853	1.9474	11.672	22.269	1057.5	-0.0090656	11.394	0.10531	liquid
22.400	25.726	68.387	0.014623	0.038625	0.043853	1.9474	11.672	22.268	1057.5	-0.0090656	11.394	0.10531	liquid
22.400	25.729	68.387	0.014623	0.038624	0.043854	1.9474	11.672	22.268	1057.5	-0.0090656	11.394	0.10531	liquid
22.400	25.732	68.387	0.014623	0.038624	0.043854	1.9474	11.672	22.268	1057.5	-0.0090657	11.394	0.10531	liquid
22.400	25.735	68.387	0.014623	0.038624	0.043854	1.9474	11.672	22.268	1057.5	-0.0090657	11.394	0.10531	liquid
22.400	25.738	68.387	0.014623	0.038624	0.043855	1.9474	11.672	22.268	1057.5	-0.0090658	11.394	0.10531	liquid
22.400	25.741	68.387	0.014623	0.038623	0.043855	1.9473	11.672	22.268	1057.5	-0.0090658	11.394	0.10531	liquid
22.400	25.744	68.387	0.014623	0.038623	0.043855	1.9473	11.672	22.268	1057.5	-0.0090658	11.394	0.10531	liquid
22.400	25.747	68.387	0.014623	0.038623	0.043856	1.9473	11.672	22.268	1057.5	-0.0090659	11.394	0.10531	liquid
22.400	25.750	68.387	0.014623	0.038622	0.043856	1.9473	11.672	22.268	1057.5	-0.0090659	11.394	0.10531	liquid
22.400	25.753	68.387	0.014623	0.038622	0.043856	1.9473	11.672	22.268	1057.5	-0.0090659	11.394	0.10531	liquid
22.400	25.756	68.387	0.014623	0.038622	0.043857	1.9473	11.672	22.268	1057.5	-0.0090660	11.394	0.10531	liquid
22.400	25.759	68.387	0.014623	0.038622	0.043857	1.9473	11.672	22.268	1057.5	-0.0090660	11.394	0.10531	liquid
22.400	25.762	68.387	0.014623	0.038621	0.043857	1.9473	11.672	22.268	1057.5	-0.0090660	11.394	0.10531	liquid
22.400	25.765	68.387	0.014623	0.038621	0.043858	1.9472	11.672	22.268	1057.5	-0.0090661	11.394	0.10531	liquid
22.400	25.768	68.387	0.014623	0.038621	0.043858	1.9472	11.672	22.268	1057.5	-0.0090661	11.394	0.10531	liquid
22.400	25.771	68.387	0.014623	0.038621	0.043858	1.9472	11.672	22.268	1057.5	-0.0090662	11.394	0.10531	liquid
22.400	25.774	68.387	0.014623	0.038620	0.043859	1.9472	11.672	22.268	1057.5	-0.0090662	11.394	0.10531	liquid
22.400	25.777	68.387	0.014623	0.038620	0.043859	1.9472	11.672	22.268	1057.5	-0.0090662	11.394	0.10531	liquid
22.400	25.780	68.387	0.014623	0.038620	0.043859	1.9472	11.672	22.268	1057.5	-0.0090663	11.394	0.10531	liquid
22.400	25.783	68.387	0.014623	0.038619	0.043860	1.9472	11.672	22.268	1057.5	-0.0090663	11.394	0.10531	liquid
22.400	25.786	68.387	0.014623	0.038619	0.043860	1.9472	11.672	22.268	1057.5	-0.0090663	11.394	0.10531	liquid
22.400	25.789	68.387	0.014623	0.038619	0.043860	1.9471	11.672	22.268	1057.5	-0.0090664	11.394	0.10531	liquid
22.400	25.792	68.387	0.014623	0.038619	0.043861	1.9471	11.672	22.268	1057.5	-0.0090664	11.394	0.10531	liquid
22.400	25.795	68.387	0.014623	0.038618	0.043861	1.9471	11.672	22.268	1057.5	-0.0090664	11.394	0.10531	liquid
22.400	25.798	68.388	0.014623	0.038618	0.043861	1.9471	11.672	22.268	1057.5	-0.0090665	11.394	0.10531	liquid
22.400	25.801	68.388	0.014623	0.038618	0.043862	1.9471	11.672	22.268	1057.5	-0.0090665	11.395	0.10531	liquid
22.400	25.804	68.388	0.014623	0.038618	0.043862	1.9471	11.672	22.268	1057.5	-0.0090666	11.395	0.10531	liquid
22.400	25.807	68.388	0.014623	0.038617	0.043862	1.9471	11.672	22.268	1057.5	-0.0090666	11.395	0.10531	liquid
22.400	25.810	68.388	0.014623	0.038617	0.043863	1.9471	11.672	22.268	1057.5	-0.0090666	11.395	0.10531	liquid
22.400	25.813	68.388	0.014623	0.038617	0.043863	1.9470	11.672	22.268	1057.5	-0.0090667	11.395	0.10531	liquid
22.400	25.816	68.388	0.014623	0.038616	0.043863	1.9470	11.672	22.267	1057.5	-0.0090667	11.395	0.10531	liquid
22.400	25.819	68.388	0.014622	0.038616	0.043864	1.9470	11.672	22.267	1057.5	-0.0090667	11.395	0.10531	liquid
22.400	25.822	68.388	0.014622	0.038616	0.043864	1.9470	11.672	22.267	1057.5	-0.0090668	11.395	0.10531	liquid
22.400	25.825	68.388	0.014622	0.038616	0.043864	1.9470	11.672	22.267	1057.5	-0.0090668	11.395	0.10531	liquid
22.400	25.828	68.388	0.014622	0.038615	0.043865	1.9470	11.672	22.267	1057.5	-0.0090668	11.395	0.10531	liquid
22.400	25.831	68.388	0.014622	0.038615	0.043865	1.9470	11.672	22.267	1057.5	-0.0090669	11.395	0.10531	liquid
22.400	25.834	68.388	0.014622	0.038615	0.043865	1.9470	11.672	22.267	1057.5	-0.0090669	11.395	0.10531	liquid
22.400	25.837	68.388	0.014622	0.038615	0.043866	1.9470	11.672	22.267	1057.5	-0.0090670	11.395	0.10531	liquid
22.400	25.840	68.388	0.014622	0.038614	0.043866	1.9469	11.672	22.267	1057.5	-0.0090670	11.395	0.10531	liquid
22.400	25.843	68.388	0.014622	0.038614	0.043866	1.9469	11.672	22.267	1057.5	-0.0090670	11.395	0.10531	liquid
22.400	25.846	68.388	0.014622	0.038614	0.043867	1.9469	11.672	22.267	1057.5	-0.0090671	11.395	0.10531	liquid
22.400	25.849	68.388	0.014622	0.038614	0.043867	1.9469	11.672	22.267	1057.5	-0.0090671	11.395	0.10531	liquid
22.400	25.852	68.388	0.014622	0.038613	0.043867	1.9469	11.672	22.267	1057.5	-0.0090671	11.395	0.10531	liquid
22.400	25.855	68.388	0.014622	0.038613	0.043868	1.9469	11.672	22.267	1057.5	-0.0090672	11.395	0.10531	liquid
22.400	25.858	68.388	0.014622	0.038613	0.043868	1.9469	11.672	22.267	1057.5	-0.0090672	11.395	0.10531	liquid
22.400	25.861	68.388	0.014622	0.038612	0.043868	1.9469	11.672	22.267	1057.5	-0.0090672	11.395	0.10531	liquid
22.400	25.864	68.388	0.014622	0.038612	0.043869	1.9468	11.672	22.267	1057.5	-0.0090673	11.395	0.10531	liquid
22.400	25.867	68.388	0.014622	0.038612	0.043869	1.9468	11.672	22.267	1057.5	-0.0090673	11.395	0.10531	liquid
22.400	25.870	68.388	0.014622	0.038612	0.043870	1.9468	11.672	22.267	1057.5	-0.0090674	11.395	0.10531	liquid
22.400	25.873	68.388	0.014622	0.038611	0.043870	1.9468	11.672	22.267	1057.5	-0.0090674	11.395	0.10531	liquid
22.400	25.876	68.388	0.014622	0.038611	0.043870	1.9468	11.672	22.267	1057.6	-0.0090674	11.395	0.10531	liquid
22.400	25.879	68.388	0.014622	0.038611	0.043871	1.9468	11.672	22.267	1057.6	-0.0090675	11.395	0.10531	liquid
22.400	25.882	68.389	0.014622	0.038611	0.043871	1.9468	11.672	22.267	1057.6	-0.0090675	11.395	0.10531	liquid
22.400	25.885	68.389	0.014622	0.038610	0.043871	1.9468	11.672	22.267	1057.6	-0.0090675	11.395	0.10531	liquid
22.400	25.888	68.389	0.014622	0.038610	0.043872	1.9467	11.672	22.267	1057.6	-0.0090676	11.395	0.10531	liquid
22.400	25.891	68.389	0.014622	0.038610	0.043872	1.9467	11.672	22.267	1057.6	-0.0090676	11.395	0.10531	liquid
22.400	25.894	68.389	0.014622	0.038609	0.043872	1.9467	11.672	22.267	1057.6	-0.0090676	11.395	0.10531	liquid
22.400	25.897	68.389	0.014622	0.038609	0.043873	1.9467	11.672	22.267	1057.6	-0.0090677	11.395	0.10531	liquid
22.400	25.900	68.389	0.014622	0.038609	0.043873	1.9467	11.672	22.267	1057.6	-0.0090677	11.395	0.10531	liquid
22.400	25.903	68.389	0.014622	0.038609	0.043873	1.9467	11.672	22.266	1057.6	-0.0090678	11.395	0.10531	liquid
22.400	25.906	68.389	0.014622	0.038608	0.043874	1.9467	11.672	22.266	1057.6	-0.0090678	11.395	0.10531	liquid
22.400	25.909	68.389	0.014622	0.038608	0.043874	1.9467	11.672	22.266	1057.6	-0.0090678	11.395	0.10531	liquid
22.400	25.912	68.389	0.014622	0.038608	0.043874	1.9466	11.672	22.266	1057.6	-0.0090679	11.395	0.10531	liquid
22.400	25.915	68.389	0.014622	0.038608	0.043875	1.9466	11.672	22.266	1057.6	-0.0090679	11.395	0.10531	liquid
22.400	25.918	68.389	0.014622	0.038607	0.043875	1.9466	11.672	22.266	1057.6	-0.0090679	11.395	0.10531	liquid
22.400	25.921	68.389	0.014622	0.038607	0.043875	1.9466	11.672	22.266	1057.6	-0.0090680	11.395	0.10531	liquid
22.400	25.924	68.389	0.014622	0.038607	0.043876	1.9466	11.672	22.266	1057.6	-0.0090680	11.395	0.10531	liquid
22.400	25.927	68.389	0.014622	0.038606	0.043876	1.9466	11.672	22.266	1057.6	-0.0090680	11.395	0.10531	liquid
22.400	25.930	68.389	0.014622	0.038606	0.043876	1.9466	11.672	22.266	1057.6	-0.0090681	11.395	0.10531	liquid
22.400	25.933	68.389	0.014622	0.038606	0.043877	1.9466	11.672	22.266	1057.6	-0.0090681	11.395	0.10531	liquid
22.400	25.936	68.389	0.014622	0.038606	0.043877	1.9465	11.672	22.266	1057.6	-0.0090682	11.395	0.10531	liquid
22.400	25.939	68.389	0.014622	0.038605	0.043877	1.9465	11.672	22.266	1057.6	-0.0090682	11.395	0.10531	liquid
22.400	25.942	68.389	0.014622	0.038605	0.043878	1.9465	11.672	22.266	1057.6	-0.0090682	11.395	0.10531	liquid
22.400	25.945	68.389	0.014622	0.038605	0.043878	1.9465	11.672	22.266	1057.6	-0.0090683	11.395	0.10531	liquid
22.400	25.948	68.389	0.014622	0.038605	0.043878	1.9465	11.672	22.266	1057.6	-0.0090683	11.395	0.10531	liquid
22.400	25.951	68.389	0.014622	0.038604	0.043879	1.9465	11.672	22.266	1057.6	-0.0090683	11.395	0.10531	liquid
22.400	25.954	68.389	0.014622	0.038604	0.043879	1.9465	11.672	22.266	1057.6	-0.0090684	11.395	0.10531	liquid
22.400	25.957	68.389	0.014622	0.038604	0.043879	1.9465	11.672	22.266	1057.6	-0.0090684	11.396	0.10531	liquid
22.400	25.960	68.389	0.014622	0.038604	0.043880	1.9465	11.672	22.266	1057.6	-0.0090684	11.396	0.10531	liquid
22.400	25.963	68.389	0.014622	0.038603	0.043880	1.9464	11.672	22.266	1057.6	-0.0090685	11.396	0.10531	liquid
22.400	25.966	68.390	0.014622	0.038603	0.043880	1.9464	11.672	22.266	1057.6	-0.0090685	11.396	0.10531	liquid
22.400	25.969	68.390	0.014622	0.038603	0.043881	1.9464	11.672	22.266	1057.6	-0.0090686	11.396	0.10531	liquid
22.400	25.972	68.390	0.014622	0.038602	0.043881	1.9464	11.672	22.266	1057.6	-0.0090686	11.396	0.10531	liquid
22.400	25.975	68.390	0.014622	0.038602	0.043881	1.9464	11.672	22.266	1057.6	-0.0090686	11.396	0.10531	liquid
22.400	25.978	68.390	0.014622	0.038602	0.043882	1.9464	11.672	22.266	1057.6	-0.0090687	11.396	0.10531	liquid
22.400	25.981	68.390	0.014622	0.038602	0.043882	1.9464	11.672	22.266	1057.6	-0.0090687	11.396	0.10531	liquid
22.400	25.984	68.390	0.014622	0.038601	0.043882	1.9464	11.672	22.266	1057.6	-0.0090687	11.396	0.10531	liquid
22.400	25.987	68.390	0.014622	0.038601	0.043883	1.9463	11.672	22.266	1057.6	-0.0090688	11.396	0.10531	liquid
22.400	25.990	68.390	0.014622	0.038601	0.043883	1.9463	11.672	22.266	1057.6	-0.0090688	11.396	0.10531	liquid
22.400	25.993	68.390	0.014622	0.038601	0.043883	1.9463	11.672	22.265	1057.6	-0.0090688	11.396	0.10531	liquid
22.400	25.996	68.390	0.014622	0.038600	0.043884	1.9463	11.672	22.265	1057.6	-0.0090689	11.396	0.10531	liquid
22.400	25.999	68.390	0.014622	0.038600	0.043884	1.9463	11.672	22.265	1057.6	-0.0090689	11.396	0.10531	liquid
22.400	26.002	68.390	0.014622	0.038600	0.043884	1.9463	11.672	22.265	1057.6	-0.0090690	11.396	0.10532	liquid
22.400	26.005	68.390	0.014622	0.038599	0.043885	1.9463	11.672	22.265	1057.6	-0.0090690	11.396	0.10532	liquid
22.400	26.008	68.390	0.014622	0.038599	0.043885	1.9463	11.672	22.265	1057.6	-0.0090690	11.396	0.10532	liquid
22.400	26.011	68.390	0.014622	0.038599	0.043885	1.9462	11.672	22.265	1057.6	-0.0090691	11.396	0.10532	liquid
22.400	26.014	68.390	0.014622	0.038599	0.043886	1.9462	11.672	22.265	1057.6	-0.0090691	11.396	0.10532	liquid
22.400	26.017	68.390	0.014622	0.038598	0.043886	1.9462	11.672	22.265	1057.6	-0.0090691	11.396	0.10532	liquid
22.400	26.020	68.390	0.014622	0.038598	0.043886	1.9462	11.672	22.265	1057.6	-0.0090692	11.396	0.10532	liquid
22.400	26.023	68.390	0.014622	0.038598	0.043887	1.9462	11.672	22.265	1057.6	-0.0090692	11.396	0.10532	liquid
22.400	26.026	68.390	0.014622	0.038598	0.043887	1.9462	11.672	22.265	1057.6	-0.0090692	11.396	0.10532	liquid
22.400	26.029	68.390	0.014622	0.038597	0.043887	1.9462	11.672	22.265	1057.6	-0.0090693	11.396	0.10532	liquid
22.400	26.032	68.390	0.014622	0.038597	0.043888	1.9462	11.672	22.265	1057.6	-0.0090693	11.396	0.10532	liquid
22.400	26.035	68.390	0.014622	0.038597	0.043888	1.9461	11.672	22.265	1057.6	-0.0090694	11.396	0.10532	liquid
22.400	26.038	68.390	0.014622	0.038596	0.043888	1.9461	11.672	22.265	1057.6	-0.0090694	11.396	0.10532	liquid
22.400	26.041	68.390	0.014622	0.038596	0.043889	1.9461	11.672	22.265	1057.6	-0.0090694	11.396	0.10532	liquid
22.400	26.044	68.390	0.014622	0.038596	0.043889	1.9461	11.672	22.265	1057.6	-0.0090695	11.396	0.10532	liquid
22.400	26.047	68.390	0.014622	0.038596	0.043889	1.9461	11.672	22.265	1057.6	-0.0090695	11.396	0.10532	liquid
22.400	26.050	68.390	0.014622	0.038595	0.043890	1.9461	11.672	22.265	1057.6	-0.0090695	11.396	0.10532	liquid
22.400	26.053	68.391	0.014622	0.038595	0.043890	1.9461	11.672	22.265	1057.6	-0.0090696	11.396	0.10532	liquid
22.400	26.056	68.391	0.014622	0.038595	0.043890	1.9461	11.672	22.265	1057.6	-0.0090696	11.396	0.10532	liquid
22.400	26.059	68.391	0.014622	0.038595	0.043891	1.9460	11.672	22.265	1057.6	-0.0090697	11.396	0.10532	liquid
22.400	26.062	68.391	0.014622	0.038594	0.043891	1.9460	11.672	22.265	1057.6	-0.0090697	11.396	0.10532	liquid
22.400	26.065	68.391	0.014622	0.038594	0.043891	1.9460	11.672	22.265	1057.6	-0.0090697	11.396	0.10532	liquid
22.400	26.068	68.391	0.014622	0.038594	0.043892	1.9460	11.672	22.265	1057.6	-0.0090698	11.396	0.10532	liquid
22.400	26.071	68.391	0.014622	0.038593	0.043892	1.9460	11.672	22.265	1057.6	-0.0090698	11.396	0.10532	liquid
22.400	26.074	68.391	0.014622	0.038593	0.043892	1.9460	11.672	22.265	1057.6	-0.0090698	11.396	0.10532	liquid
22.400	26.077	68.391	0.014622	0.038593	0.043893	1.9460	11.672	22.265	1057.6	-0.0090699	11.396	0.10532	liquid
22.400	26.080	68.391	0.014622	0.038593	0.043893	1.9460	11.672	22.264	1057.6	-0.0090699	11.396	0.10532	liquid
22.400	26.083	68.391	0.014622	0.038592	0.043893	1.9460	11.672	22.264	1057.6	-0.0090699	11.396	0.10532	liquid
22.400	26.086	68.391	0.014622	0.038592	0.043894	1.9459	11.672	22.264	1057.6	-0.0090700	11.396	0.10532	liquid
22.400	26.089	68.391	0.014622	0.038592	0.043894	1.9459	11.672	22.264	1057.6	-0.0090700	11.396	0.10532	liquid
22.400	26.092	68.391	0.014622	0.038592	0.043894	1.9459	11.672	22.264	1057.6	-0.0090701	11.396	0.10532	liquid
22.400	26.095	68.391	0.014622	0.038591	0.043895	1.9459	11.672	22.264	1057.6	-0.0090701	11.396	0.10532	liquid
22.400	26.098	68.391	0.014622	0.038591	0.043895	1.9459	11.672	22.264	1057.7	-0.0090701	11.396	0.10532	liquid
22.400	26.101	68.391	0.014622	0.038591	0.043895	1.9459	11.672	22.264	1057.7	-0.0090702	11.396	0.10532	liquid
22.400	26.104	68.391	0.014622	0.038591	0.043896	1.9459	11.672	22.264	1057.7	-0.0090702	11.396	0.10532	liquid
22.400	26.107	68.391	0.014622	0.038590	0.043896	1.9459	11.672	22.264	1057.7	-0.0090702	11.396	0.10532	liquid
22.400	26.110	68.391	0.014622	0.038590	0.043896	1.9458	11.672	22.264	1057.7	-0.0090703	11.396	0.10532	liquid
22.400	26.113	68.391	0.014622	0.038590	0.043897	1.9458	11.672	22.264	1057.7	-0.0090703	11.397	0.10532	liquid
22.400	26.116	68.391	0.014622	0.038589	0.043897	1.9458	11.672	22.264	1057.7	-0.0090703	11.397	0.10532	liquid
22.400	26.119	68.391	0.014622	0.038589	0.043897	1.9458	11.672	22.264	1057.7	-0.0090704	11.397	0.10532	liquid
22.400	26.122	68.391	0.014622	0.038589	0.043898	1.9458	11.672	22.264	1057.7	-0.0090704	11.397	0.10532	liquid
22.400	26.125	68.391	0.014622	0.038589	0.043898	1.9458	11.672	22.264	1057.7	-0.0090705	11.397	0.10532	liquid
22.400	26.128	68.391	0.014622	0.038588	0.043898	1.9458	11.672	22.264	1057.7	-0.0090705	11.397	0.10532	liquid
22.400	26.131	68.391	0.014622	0.038588	0.043899	1.9458	11.672	22.264	1057.7	-0.0090705	11.397	0.10532	liquid
22.400	26.134	68.391	0.014622	0.038588	0.043899	1.9457	11.672	22.264	1057.7	-0.0090706	11.397	0.10532	liquid
22.400	26.137	68.392	0.014622	0.038588	0.043899	1.9457	11.672	22.264	1057.7	-0.0090706	11.397	0.10532	liquid
22.400	26.140	68.392	0.014622	0.038587	0.043900	1.9457	11.672	22.264	1057.7	-0.0090706	11.397	0.10532	liquid
22.400	26.143	68.392	0.014622	0.038587	0.043900	1.9457	11.672	22.264	1057.7	-0.0090707	11.397	0.10532	liquid
22.400	26.146	68.392	0.014622	0.038587	0.043900	1.9457	11.672	22.264	1057.7	-0.0090707	11.397	0.10532	liquid
22.400	26.149	68.392	0.014622	0.038586	0.043901	1.9457	11.672	22.264	1057.7	-0.0090707	11.397	0.10532	liquid
22.400	26.152	68.392	0.014622	0.038586	0.043901	1.9457	11.672	22.264	1057.7	-0.0090708	11.397	0.10532	liquid
22.400	26.155	68.392	0.014622	0.038586	0.043901	1.9457	11.672	22.264	1057.7	-0.0090708	11.397	0.10532	liquid
22.400	26.158	68.392	0.014622	0.038586	0.043902	1.9456	11.672	22.264	1057.7	-0.0090709	11.397	0.10532	liquid
22.400	26.161	68.392	0.014622	0.038585	0.043902	1.9456	11.672	22.264	1057.7	-0.0090709	11.397	0.10532	liquid
22.400	26.164	68.392	0.014622	0.038585	0.043902	1.9456	11.672	22.264	1057.7	-0.0090709	11.397	0.10532	liquid
22.400	26.167	68.392	0.014622	0.038585	0.043903	1.9456	11.672	22.264	1057.7	-0.0090710	11.397	0.10532	liquid
22.400	26.170	68.392	0.014622	0.038585	0.043903	1.9456	11.672	22.263	1057.7	-0.0090710	11.397	0.10532	liquid
22.400	26.173	68.392	0.014622	0.038584	0.043903	1.9456	11.672	22.263	1057.7	-0.0090710	11.397	0.10532	liquid
22.400	26.176	68.392	0.014622	0.038584	0.043904	1.9456	11.672	22.263	1057.7	-0.0090711	11.397	0.10532	liquid
22.400	26.179	68.392	0.014622	0.038584	0.043904	1.9456	11.672	22.263	1057.7	-0.0090711	11.397	0.10532	liquid
22.400	26.182	68.392	0.014622	0.038583	0.043905	1.9455	11.672	22.263	1057.7	-0.0090711	11.397	0.10532	liquid
22.400	26.185	68.392	0.014622	0.038583	0.043905	1.9455	11.672	22.263	1057.7	-0.0090712	11.397	0.10532	liquid
22.400	26.188	68.392	0.014622	0.038583	0.043905	1.9455	11.672	22.263	1057.7	-0.0090712	11.397	0.10532	liquid
22.400	26.191	68.392	0.014622	0.038583	0.043906	1.9455	11.672	22.263	1057.7	-0.0090713	11.397	0.10532	liquid
22.400	26.194	68.392	0.014622	0.038582	0.043906	1.9455	11.672	22.263	1057.7	-0.0090713	11.397	0.10532	liquid
22.400	26.197	68.392	0.014622	0.038582	0.043906	1.9455	11.672	22.263	1057.7	-0.0090713	11.397	0.10532	liquid
22.400	26.200	68.392	0.014622	0.038582	0.043907	1.9455	11.672	22.263	1057.7	-0.0090714	11.397	0.10532	liquid
22.400	26.203	68.392	0.014622	0.038582	0.043907	1.9455	11.672	22.263	1057.7	-0.0090714	11.397	0.10532	liquid
22.400	26.206	68.392	0.014622	0.038581	0.043907	1.9455	11.672	22.263	1057.7	-0.0090714	11.397	0.10532	liquid
22.400	26.209	68.392	0.014622	0.038581	0.043908	1.9454	11.672	22.263	1057.7	-0.0090715	11.397	0.10532	liquid
22.400	26.212	68.392	0.014622	0.038581	0.043908	1.9454	11.672	22.263	1057.7	-0.0090715	11.397	0.10532	liquid
22.400	26.215	68.392	0.014622	0.038581	0.043908	1.9454	11.672	22.263	1057.7	-0.0090715	11.397	0.10532	liquid
22.400	26.218	68.392	0.014621	0.038580	0.043909	1.9454	11.672	22.263	1057.7	-0.0090716	11.397	0.10532	liquid
22.400	26.221	68.393	0.014621	0.038580	0.043909	1.9454	11.672	22.263	1057.7	-0.0090716	11.397	0.10532	liquid
22.400	26.224	68.393	0.014621	0.038580	0.043909	1.9454	11.672	22.263	1057.7	-0.0090717	11.397	0.10532	liquid
22.400	26.227	68.393	0.014621	0.038579	0.043910	1.9454	11.672	22.263	1057.7	-0.0090717	11.397	0.10532	liquid
22.400	26.230	68.393	0.014621	0.038579	0.043910	1.9454	11.672	22.263	1057.7	-0.0090717	11.397	0.10532	liquid
22.400	26.233	68.393	0.014621	0.038579	0.043910	1.9453	11.672	22.263	1057.7	-0.0090718	11.397	0.10532	liquid
22.400	26.236	68.393	0.014621	0.038579	0.043911	1.9453	11.672	22.263	1057.7	-0.0090718	11.397	0.10532	liquid
22.400	26.239	68.393	0.014621	0.038578	0.043911	1.9453	11.672	22.263	1057.7	-0.0090718	11.397	0.10532	liquid
22.400	26.242	68.393	0.014621	0.038578	0.043911	1.9453	11.672	22.263	1057.7	-0.0090719	11.397	0.10532	liquid
22.400	26.245	68.393	0.014621	0.038578	0.043912	1.9453	11.672	22.263	1057.7	-0.0090719	11.397	0.10532	liquid
22.400	26.248	68.393	0.014621	0.038578	0.043912	1.9453	11.672	22.263	1057.7	-0.0090719	11.397	0.10532	liquid
22.400	26.251	68.393	0.014621	0.038577	0.043912	1.9453	11.672	22.263	1057.7	-0.0090720	11.397	0.10532	liquid
22.400	26.254	68.393	0.014621	0.038577	0.043913	1.9453	11.672	22.263	1057.7	-0.0090720	11.397	0.10532	liquid
22.400	26.257	68.393	0.014621	0.038577	0.043913	1.9452	11.672	22.262	1057.7	-0.0090721	11.397	0.10532	liquid
22.400	26.260	68.393	0.014621	0.038576	0.043913	1.9452	11.672	22.262	1057.7	-0.0090721	11.397	0.10532	liquid
22.400	26.263	68.393	0.014621	0.038576	0.043914	1.9452	11.672	22.262	1057.7	-0.0090721	11.397	0.10532	liquid
22.400	26.266	68.393	0.014621	0.038576	0.043914	1.9452	11.672	22.262	1057.7	-0.0090722	11.397	0.10532	liquid
22.400	26.269	68.393	0.014621	0.038576	0.043914	1.9452	11.672	22.262	1057.7	-0.0090722	11.398	0.10532	liquid
22.400	26.272	68.393	0.014621	0.038575	0.043915	1.9452	11.672	22.262	1057.7	-0.0090722	11.398	0.10532	liquid
22.400	26.275	68.393	0.014621	0.038575	0.043915	1.9452	11.672	22.262	1057.7	-0.0090723	11.398	0.10532	liquid
22.400	26.278	68.393	0.014621	0.038575	0.043915	1.9452	11.672	22.262	1057.7	-0.0090723	11.398	0.10532	liquid
22.400	26.281	68.393	0.014621	0.038575	0.043916	1.9451	11.672	22.262	1057.7	-0.0090723	11.398	0.10532	liquid
22.400	26.284	68.393	0.014621	0.038574	0.043916	1.9451	11.672	22.262	1057.7	-0.0090724	11.398	0.10532	liquid
22.400	26.287	68.393	0.014621	0.038574	0.043916	1.9451	11.672	22.262	1057.7	-0.0090724	11.398	0.10532	liquid
22.400	26.290	68.393	0.014621	0.038574	0.043917	1.9451	11.672	22.262	1057.7	-0.0090725	11.398	0.10532	liquid
22.400	26.293	68.393	0.014621	0.038573	0.043917	1.9451	11.672	22.262	1057.7	-0.0090725	11.398	0.10532	liquid
22.400	26.296	68.393	0.014621	0.038573	0.043917	1.9451	11.672	22.262	1057.7	-0.0090725	11.398	0.10532	liquid
22.400	26.299	68.393	0.014621	0.038573	0.043918	1.9451	11.672	22.262	1057.7	-0.0090726	11.398	0.10532	liquid
22.400	26.302	68.393	0.014621	0.038573	0.043918	1.9451	11.672	22.262	1057.7	-0.0090726	11.398	0.10532	liquid
22.400	26.305	68.393	0.014621	0.038572	0.043918	1.9450	11.672	22.262	1057.7	-0.0090726	11.398	0.10532	liquid
22.400	26.308	68.394	0.014621	0.038572	0.043919	1.9450	11.672	22.262	1057.7	-0.0090727	11.398	0.10532	liquid
22.400	26.311	68.394	0.014621	0.038572	0.043919	1.9450	11.672	22.262	1057.7	-0.0090727	11.398	0.10532	liquid
22.400	26.314	68.394	0.014621	0.038572	0.043919	1.9450	11.672	22.262	1057.7	-0.0090727	11.398	0.10532	liquid
22.400	26.317	68.394	0.014621	0.038571	0.043920	1.9450	11.672	22.262	1057.7	-0.0090728	11.398	0.10532	liquid
22.400	26.320	68.394	0.014621	0.038571	0.043920	1.9450	11.672	22.262	1057.8	-0.0090728	11.398	0.10532	liquid
22.400	26.323	68.394	0.014621	0.038571	0.043920	1.9450	11.672	22.262	1057.8	-0.0090729	11.398	0.10532	liquid
22.400	26.326	68.394	0.014621	0.038571	0.043921	1.9450	11.672	22.262	1057.8	-0.0090729	11.398	0.10532	liquid
22.400	26.329	68.394	0.014621	0.038570	0.043921	1.9450	11.672	22.262	1057.8	-0.0090729	11.398	0.10532	liquid
22.400	26.332	68.394	0.014621	0.038570	0.043921	1.9449	11.672	22.262	1057.8	-0.0090730	11.398	0.10532	liquid
22.400	26.335	68.394	0.014621	0.038570	0.043922	1.9449	11.672	22.262	1057.8	-0.0090730	11.398	0.10532	liquid
22.400	26.338	68.394	0.014621	0.038569	0.043922	1.9449	11.672	22.262	1057.8	-0.0090730	11.398	0.10532	liquid
22.400	26.341	68.394	0.014621	0.038569	0.043922	1.9449	11.672	22.262	1057.8	-0.0090731	11.398	0.10532	liquid
22.400	26.344	68.394	0.014621	0.038569	0.043923	1.9449	11.672	22.261	1057.8	-0.0090731	11.398	0.10532	liquid
22.400	26.347	68.394	0.014621	0.038569	0.043923	1.9449	11.672	22.261	1057.8	-0.0090731	11.398	0.10532	liquid
22.400	26.350	68.394	0.014621	0.038568	0.043923	1.9449	11.672	22.261	1057.8	-0.0090732	11.398	0.10532	liquid
22.400	26.353	68.394	0.014621	0.038568	0.043924	1.9449	11.672	22.261	1057.8	-0.0090732	11.398	0.10532	liquid
22.400	26.356	68.394	0.014621	0.038568	0.043924	1.9448	11.672	22.261	1057.8	-0.0090733	11.398	0.10532	liquid
22.400	26.359	68.394	0.014621	0.038568	0.043924	1.9448	11.672	22.261	1057.8	-0.0090733	11.398	0.10532	liquid
22.400	26.362	68.394	0.014621	0.038567	0.043925	1.9448	11.672	22.261	1057.8	-0.0090733	11.398	0.10532	liquid
22.400	26.365	68.394	0.014621	0.038567	0.043925	1.9448	11.672	22.261	1057.8	-0.0090734	11.398	0.10532	liquid
22.400	26.368	68.394	0.014621	0.038567	0.043925	1.9448	11.672	22.261	1057.8	-0.0090734	11.398	0.10532	liquid
22.400	26.371	68.394	0.014621	0.038566	0.043926	1.9448	11.672	22.261	1057.8	-0.0090734	11.398	0.10532	liquid
22.400	26.374	68.394	0.014621	0.038566	0.043926	1.9448	11.672	22.261	1057.8	-0.0090735	11.398	0.10532	liquid
22.400	26.377	68.394	0.014621	0.038566	0.043926	1.9448	11.672	22.261	1057.8	-0.0090735	11.398	0.10532	liquid
22.400	26.380	68.394	0.014621	0.038566	0.043927	1.9447	11.672	22.261	1057.8	-0.0090735	11.398	0.10532	liquid
22.400	26.383	68.394	0.014621	0.038565	0.043927	1.9447	11.672	22.261	1057.8	-0.0090736	11.398	0.10532	liquid
22.400	26.386	68.394	0.014621	0.038565	0.043927	1.9447	11.672	22.261	1057.8	-0.0090736	11.398	0.10532	liquid
22.400	26.389	68.394	0.014621	0.038565	0.043928	1.9447	11.672	22.261	1057.8	-0.0090737	11.398	0.10532	liquid
22.400	26.392	68.395	0.014621	0.038565	0.043928	1.9447	11.672	22.261	1057.8	-0.0090737	11.398	0.10532	liquid
22.400	26.395	68.395	0.014621	0.038564	0.043928	1.9447	11.672	22.261	1057.8	-0.0090737	11.398	0.10532	liquid
22.400	26.398	68.395	0.014621	0.038564	0.043929	1.9447	11.672	22.261	1057.8	-0.0090738	11.398	0.10532	liquid
22.400	26.401	68.395	0.014621	0.038564	0.043929	1.9447	11.672	22.261	1057.8	-0.0090738	11.398	0.10532	liquid
22.400	26.404	68.395	0.014621	0.038563	0.043929	1.9446	11.672	22.261	1057.8	-0.0090738	11.398	0.10532	liquid
22.400	26.407	68.395	0.014621	0.038563	0.043930	1.9446	11.672	22.261	1057.8	-0.0090739	11.398	0.10532	liquid
22.400	26.410	68.395	0.014621	0.038563	0.043930	1.9446	11.672	22.261	1057.8	-0.0090739	11.398	0.10532	liquid
22.400	26.413	68.395	0.014621	0.038563	0.043930	1.9446	11.672	22.261	1057.8	-0.0090739	11.398	0.10532	liquid
22.400	26.416	68.395	0.014621	0.038562	0.043931	1.9446	11.672	22.261	1057.8	-0.0090740	11.398	0.10532	liquid
22.400	26.419	68.395	0.014621	0.038562	0.043931	1.9446	11.672	22.261	1057.8	-0.0090740	11.398	0.10532	liquid
22.400	26.422	68.395	0.014621	0.038562	0.043931	1.9446	11.672	22.261	1057.8	-0.0090741	11.398	0.10532	liquid
22.400	26.425	68.395	0.014621	0.038562	0.043932	1.9446	11.672	22.261	1057.8	-0.0090741	11.399	0.10532	liquid
22.400	26.428	68.395	0.014621	0.038561	0.043932	1.9445	11.672	22.261	1057.8	-0.0090741	11.399	0.10532	liquid
22.400	26.431	68.395	0.014621	0.038561	0.043932	1.9445	11.672	22.261	1057.8	-0.0090742	11.399	0.10532	liquid
22.400	26.434	68.395	0.014621	0.038561	0.043933	1.9445	11.672	22.260	1057.8	-0.0090742	11.399	0.10532	liquid
22.400	26.437	68.395	0.014621	0.038561	0.043933	1.9445	11.672	22.260	1057.8	-0.0090742	11.399	0.10532	liquid
22.400	26.440	68.395	0.014621	0.038560	0.043933	1.9445	11.672	22.260	1057.8	-0.0090743	11.399	0.10532	liquid
22.400	26.443	68.395	0.014621	0.038560	0.043934	1.9445	11.672	22.260	1057.8	-0.0090743	11.399	0.10533	liquid
22.400	26.446	68.395	0.014621	0.038560	0.043934	1.9445	11.672	22.260	1057.8	-0.0090743	11.399	0.10533	liquid
22.400	26.449	68.395	0.014621	0.038559	0.043934	1.9445	11.672	22.260	1057.8	-0.0090744	11.399	0.10533	liquid
22.400	26.452	68.395	0.014621	0.038559	0.043935	1.9445	11.672	22.260	1057.8	-0.0090744	11.399	0.10533	liquid
22.400	26.455	68.395	0.014621	0.038559	0.043935	1.9444	11.672	22.260	1057.8	-0.0090745	11.399	0.10533	liquid
22.400	26.458	68.395	0.014621	0.038559	0.043935	1.9444	11.672	22.260	1057.8	-0.0090745	11.399	0.10533	liquid
22.400	26.461	68.395	0.014621	0.038558	0.043936	1.9444	11.672	22.260	1057.8	-0.0090745	11.399	0.10533	liquid
22.400	26.464	68.395	0.014621	0.038558	0.043936	1.9444	11.672	22.260	1057.8	-0.0090746	11.399	0.10533	liquid
22.400	26.467	68.395	0.014621	0.038558	0.043936	1.9444	11.672	22.260	1057.8	-0.0090746	11.399	0.10533	liquid
22.400	26.470	68.395	0.014621	0.038558	0.043937	1.9444	11.672	22.260	1057.8	-0.0090746	11.399	0.10533	liquid
22.400	26.473	68.395	0.014621	0.038557	0.043937	1.9444	11.672	22.260	1057.8	-0.0090747	11.399	0.10533	liquid
22.400	26.476	68.395	0.014621	0.038557	0.043937	1.9444	11.672	22.260	1057.8	-0.0090747	11.399	0.10533	liquid
22.400	26.479	68.396	0.014621	0.038557	0.043938	1.9443	11.672	22.260	1057.8	-0.0090747	11.399	0.10533	liquid
22.400	26.482	68.396	0.014621	0.038556	0.043938	1.9443	11.672	22.260	1057.8	-0.0090748	11.399	0.10533	liquid
22.400	26.485	68.396	0.014621	0.038556	0.043939	1.9443	11.672	22.260	1057.8	-0.0090748	11.399	0.10533	liquid
22.400	26.488	68.396	0.014621	0.038556	0.043939	1.9443	11.672	22.260	1057.8	-0.0090749	11.399	0.10533	liquid
22.400	26.491	68.396	0.014621	0.038556	0.043939	1.9443	11.672	22.260	1057.8	-0.0090749	11.399	0.10533	liquid
22.400	26.494	68.396	0.014621	0.038555	0.043940	1.9443	11.672	22.260	1057.8	-0.0090749	11.399	0.10533	liquid
22.400	26.497	68.396	0.014621	0.038555	0.043940	1.9443	11.672	22.260	1057.8	-0.0090750	11.399	0.10533	liquid
22.400	26.500	68.396	0.014621	0.038555	0.043940	1.9443	11.672	22.260	1057.8	-0.0090750	11.399	0.10533	liquid
22.400	26.503	68.396	0.014621	0.038555	0.043941	1.9442	11.672	22.260	1057.8	-0.0090750	11.399	0.10533	liquid
22.400	26.506	68.396	0.014621	0.038554	0.043941	1.9442	11.672	22.260	1057.8	-0.0090751	11.399	0.10533	liquid
22.400	26.509	68.396	0.014621	0.038554	0.043941	1.9442	11.672	22.260	1057.8	-0.0090751	11.399	0.10533	liquid
22.400	26.512	68.396	0.014621	0.038554	0.043942	1.9442	11.672	22.260	1057.8	-0.0090751	11.399	0.10533	liquid
22.400	26.515	68.396	0.014621	0.038553	0.043942	1.9442	11.672	22.260	1057.8	-0.0090752	11.399	0.10533	liquid
22.400	26.518	68.396	0.014621	0.038553	0.043942	1.9442	11.672	22.260	1057.8	-0.0090752	11.399	0.10533	liquid
22.400	26.521	68.396	0.014621	0.038553	0.043943	1.9442	11.672	22.259	1057.8	-0.0090753	11.399	0.10533	liquid
22.400	26.524	68.396	0.014621	0.038553	0.043943	1.9442	11.672	22.259	1057.8	-0.0090753	11.399	0.10533	liquid
22.400	26.527	68.396	0.014621	0.038552	0.043943	1.9441	11.672	22.259	1057.8	-0.0090753	11.399	0.10533	liquid
22.400	26.530	68.396	0.014621	0.038552	0.043944	1.9441	11.672	22.259	1057.8	-0.0090754	11.399	0.10533	liquid
22.400	26.533	68.396	0.014621	0.038552	0.043944	1.9441	11.672	22.259	1057.8	-0.0090754	11.399	0.10533	liquid
22.400	26.536	68.396	0.014621	0.038552	0.043944	1.9441	11.672	22.259	1057.8	-0.0090754	11.399	0.10533	liquid
22.400	26.539	68.396	0.014621	0.038551	0.043945	1.9441	11.672	22.259	1057.9	-0.0090755	11.399	0.10533	liquid
22.400	26.542	68.396	0.014621	0.038551	0.043945	1.9441	11.672	22.259	1057.9	-0.0090755	11.399	0.10533	liquid
22.400	26.545	68.396	0.014621	0.038551	0.043945	1.9441	11.672	22.259	1057.9	-0.0090755	11.399	0.10533	liquid
22.400	26.548	68.396	0.014621	0.038551	0.043946	1.9441	11.672	22.259	1057.9	-0.0090756	11.399	0.10533	liquid
22.400	26.551	68.396	0.014621	0.038550	0.043946	1.9441	11.672	22.259	1057.9	-0.0090756	11.399	0.10533	liquid
22.400	26.554	68.396	0.014621	0.038550	0.043946	1.9440	11.672	22.259	1057.9	-0.0090757	11.399	0.10533	liquid
22.400	26.557	68.396	0.014621	0.038550	0.043947	1.9440	11.672	22.259	1057.9	-0.0090757	11.399	0.10533	liquid
22.400	26.560	68.396	0.014621	0.038549	0.043947	1.9440	11.672	22.259	1057.9	-0.0090757	11.399	0.10533	liquid
22.400	26.563	68.397	0.014621	0.038549	0.043947	1.9440	11.672	22.259	1057.9	-0.0090758	11.399	0.10533	liquid
22.400	26.566	68.397	0.014621	0.038549	0.043948	1.9440	11.672	22.259	1057.9	-0.0090758	11.399	0.10533	liquid
22.400	26.569	68.397	0.014621	0.038549	0.043948	1.9440	11.672	22.259	1057.9	-0.0090758	11.399	0.10533	liquid
22.400	26.572	68.397	0.014621	0.038548	0.043948	1.9440	11.672	22.259	1057.9	-0.0090759	11.399	0.10533	liquid
22.400	26.575	68.397	0.014621	0.038548	0.043949	1.9440	11.672	22.259	1057.9	-0.0090759	11.399	0.10533	liquid
22.400	26.578	68.397	0.014621	0.038548	0.043949	1.9439	11.672	22.259	1057.9	-0.0090759	11.399	0.10533	liquid
22.400	26.581	68.397	0.014621	0.038548	0.043949	1.9439	11.672	22.259	1057.9	-0.0090760	11.400	0.10533	liquid
22.400	26.584	68.397	0.014621	0.038547	0.043950	1.9439	11.672	22.259	1057.9	-0.0090760	11.400	0.10533	liquid
22.400	26.587	68.397	0.014621	0.038547	0.043950	1.9439	11.672	22.259	1057.9	-0.0090761	11.400	0.10533	liquid
22.400	26.590	68.397	0.014621	0.038547	0.043950	1.9439	11.672	22.259	1057.9	-0.0090761	11.400	0.10533	liquid
22.400	26.593	68.397	0.014621	0.038546	0.043951	1.9439	11.672	22.259	1057.9	-0.0090761	11.400	0.10533	liquid
22.400	26.596	68.397	0.014621	0.038546	0.043951	1.9439	11.672	22.259	1057.9	-0.0090762	11.400	0.10533	liquid
22.400	26.599	68.397	0.014621	0.038546	0.043951	1.9439	11.672	22.259	1057.9	-0.0090762	11.400	0.10533	liquid
22.400	26.602	68.397	0.014621	0.038546	0.043952	1.9438	11.672	22.259	1057.9	-0.0090762	11.400	0.10533	liquid
22.400	26.605	68.397	0.014621	0.038545	0.043952	1.9438	11.672	22.259	1057.9	-0.0090763	11.400	0.10533	liquid
22.400	26.608	68.397	0.014621	0.038545	0.043952	1.9438	11.672	22.259	1057.9	-0.0090763	11.400	0.10533	liquid
22.400	26.611	68.397	0.014621	0.038545	0.043953	1.9438	11.672	22.258	1057.9	-0.0090763	11.400	0.10533	liquid
22.400	26.614	68.397	0.014620	0.038545	0.043953	1.9438	11.672	22.258	1057.9	-0.0090764	11.400	0.10533	liquid
22.400	26.617	68.397	0.014620	0.038544	0.043953	1.9438	11.672	22.258	1057.9	-0.0090764	11.400	0.10533	liquid
22.400	26.620	68.397	0.014620	0.038544	0.043954	1.9438	11.672	22.258	1057.9	-0.0090765	11.400	0.10533	liquid
22.400	26.623	68.397	0.014620	0.038544	0.043954	1.9438	11.672	22.258	1057.9	-0.0090765	11.400	0.10533	liquid
22.400	26.626	68.397	0.014620	0.038543	0.043954	1.9437	11.672	22.258	1057.9	-0.0090765	11.400	0.10533	liquid
22.400	26.629	68.397	0.014620	0.038543	0.043955	1.9437	11.672	22.258	1057.9	-0.0090766	11.400	0.10533	liquid
22.400	26.632	68.397	0.014620	0.038543	0.043955	1.9437	11.672	22.258	1057.9	-0.0090766	11.400	0.10533	liquid
22.400	26.635	68.397	0.014620	0.038543	0.043955	1.9437	11.672	22.258	1057.9	-0.0090766	11.400	0.10533	liquid
22.400	26.638	68.397	0.014620	0.038542	0.043956	1.9437	11.672	22.258	1057.9	-0.0090767	11.400	0.10533	liquid
22.400	26.641	68.397	0.014620	0.038542	0.043956	1.9437	11.672	22.258	1057.9	-0.0090767	11.400	0.10533	liquid
22.400	26.644	68.397	0.014620	0.038542	0.043956	1.9437	11.672	22.258	1057.9	-0.0090767	11.400	0.10533	liquid
22.400	26.647	68.398	0.014620	0.038542	0.043957	1.9437	11.672	22.258	1057.9	-0.0090768	11.400	0.10533	liquid
22.400	26.650	68.398	0.014620	0.038541	0.043957	1.9436	11.672	22.258	1057.9	-0.0090768	11.400	0.10533	liquid
22.400	26.653	68.398	0.014620	0.038541	0.043957	1.9436	11.672	22.258	1057.9	-0.0090769	11.400	0.10533	liquid
22.400	26.656	68.398	0.014620	0.038541	0.043958	1.9436	11.672	22.258	1057.9	-0.0090769	11.400	0.10533	liquid
22.400	26.659	68.398	0.014620	0.038541	0.043958	1.9436	11.672	22.258	1057.9	-0.0090769	11.400	0.10533	liquid
22.400	26.662	68.398	0.014620	0.038540	0.043958	1.9436	11.672	22.258	1057.9	-0.0090770	11.400	0.10533	liquid
22.400	26.665	68.398	0.014620	0.038540	0.043959	1.9436	11.672	22.258	1057.9	-0.0090770	11.400	0.10533	liquid
22.400	26.668	68.398	0.014620	0.038540	0.043959	1.9436	11.672	22.258	1057.9	-0.0090770	11.400	0.10533	liquid
22.400	26.671	68.398	0.014620	0.038539	0.043959	1.9436	11.672	22.258	1057.9	-0.0090771	11.400	0.10533	liquid
22.400	26.674	68.398	0.014620	0.038539	0.043960	1.9436	11.672	22.258	1057.9	-0.0090771	11.400	0.10533	liquid
22.400	26.677	68.398	0.014620	0.038539	0.043960	1.9435	11.672	22.258	1057.9	-0.0090771	11.400	0.10533	liquid
22.400	26.680	68.398	0.014620	0.038539	0.043960	1.9435	11.672	22.258	1057.9	-0.0090772	11.400	0.10533	liquid
22.400	26.683	68.398	0.014620	0.038538	0.043961	1.9435	11.672	22.258	1057.9	-0.0090772	11.400	0.10533	liquid
22.400	26.686	68.398	0.014620	0.038538	0.043961	1.9435	11.672	22.258	1057.9	-0.0090773	11.400	0.10533	liquid
22.400	26.689	68.398	0.014620	0.038538	0.043961	1.9435	11.672	22.258	1057.9	-0.0090773	11.400	0.10533	liquid
22.400	26.692	68.398	0.014620	0.038538	0.043962	1.9435	11.672	22.258	1057.9	-0.0090773	11.400	0.10533	liquid
22.400	26.695	68.398	0.014620	0.038537	0.043962	1.9435	11.672	22.258	1057.9	-0.0090774	11.400	0.10533	liquid
22.400	26.698	68.398	0.014620	0.038537	0.043962	1.9435	11.672	22.257	1057.9	-0.0090774	11.400	0.10533	liquid
22.400	26.701	68.398	0.014620	0.038537	0.043963	1.9434	11.672	22.257	1057.9	-0.0090774	11.400	0.10533	liquid
22.400	26.704	68.398	0.014620	0.038536	0.043963	1.9434	11.672	22.257	1057.9	-0.0090775	11.400	0.10533	liquid
22.400	26.707	68.398	0.014620	0.038536	0.043963	1.9434	11.672	22.257	1057.9	-0.0090775	11.400	0.10533	liquid
22.400	26.710	68.398	0.014620	0.038536	0.043964	1.9434	11.672	22.257	1057.9	-0.0090775	11.400	0.10533	liquid
22.400	26.713	68.398	0.014620	0.038536	0.043964	1.9434	11.672	22.257	1057.9	-0.0090776	11.400	0.10533	liquid
22.400	26.716	68.398	0.014620	0.038535	0.043964	1.9434	11.672	22.257	1057.9	-0.0090776	11.400	0.10533	liquid
22.400	26.719	68.398	0.014620	0.038535	0.043965	1.9434	11.672	22.257	1057.9	-0.0090777	11.400	0.10533	liquid
22.400	26.722	68.398	0.014620	0.038535	0.043965	1.9434	11.672	22.257	1057.9	-0.0090777	11.400	0.10533	liquid
22.400	26.725	68.398	0.014620	0.038535	0.043965	1.9433	11.672	22.257	1057.9	-0.0090777	11.400	0.10533	liquid
22.400	26.728	68.398	0.014620	0.038534	0.043966	1.9433	11.672	22.257	1057.9	-0.0090778	11.400	0.10533	liquid
22.400	26.731	68.398	0.014620	0.038534	0.043966	1.9433	11.672	22.257	1057.9	-0.0090778	11.400	0.10533	liquid
22.400	26.734	68.399	0.014620	0.038534	0.043966	1.9433	11.672	22.257	1057.9	-0.0090778	11.400	0.10533	liquid
22.400	26.737	68.399	0.014620	0.038534	0.043967	1.9433	11.672	22.257	1057.9	-0.0090779	11.401	0.10533	liquid
22.400	26.740	68.399	0.014620	0.038533	0.043967	1.9433	11.672	22.257	1057.9	-0.0090779	11.401	0.10533	liquid
22.400	26.743	68.399	0.014620	0.038533	0.043967	1.9433	11.672	22.257	1057.9	-0.0090779	11.401	0.10533	liquid
22.400	26.746	68.399	0.014620	0.038533	0.043968	1.9433	11.672	22.257	1057.9	-0.0090780	11.401	0.10533	liquid
22.400	26.749	68.399	0.014620	0.038532	0.043968	1.9432	11.672	22.257	1057.9	-0.0090780	11.401	0.10533	liquid
22.400	26.752	68.399	0.014620	0.038532	0.043968	1.9432	11.672	22.257	1057.9	-0.0090781	11.401	0.10533	liquid
22.400	26.755	68.399	0.014620	0.038532	0.043969	1.9432	11.672	22.257	1057.9	-0.0090781	11.401	0.10533	liquid
22.400	26.758	68.399	0.014620	0.038532	0.043969	1.9432	11.672	22.257	1057.9	-0.0090781	11.401	0.10533	liquid
22.400	26.761	68.399	0.014620	0.038531	0.043969	1.9432	11.672	22.257	1058.0	-0.0090782	11.401	0.10533	liquid
22.400	26.764	68.399	0.014620	0.038531	0.043970	1.9432	11.672	22.257	1058.0	-0.0090782	11.401	0.10533	liquid
22.400	26.767	68.399	0.014620	0.038531	0.043970	1.9432	11.672	22.257	1058.0	-0.0090782	11.401	0.10533	liquid
22.400	26.770	68.399	0.014620	0.038531	0.043970	1.9432	11.672	22.257	1058.0	-0.0090783	11.401	0.10533	liquid
22.400	26.773	68.399	0.014620	0.038530	0.043971	1.9431	11.672	22.257	1058.0	-0.0090783	11.401	0.10533	liquid
22.400	26.776	68.399	0.014620	0.038530	0.043971	1.9431	11.672	22.257	1058.0	-0.0090783	11.401	0.10533	liquid
22.400	26.779	68.399	0.014620	0.038530	0.043971	1.9431	11.672	22.257	1058.0	-0.0090784	11.401	0.10533	liquid
22.400	26.782	68.399	0.014620	0.038529	0.043972	1.9431	11.672	22.257	1058.0	-0.0090784	11.401	0.10533	liquid
22.400	26.785	68.399	0.014620	0.038529	0.043972	1.9431	11.672	22.257	1058.0	-0.0090785	11.401	0.10533	liquid
22.400	26.788	68.399	0.014620	0.038529	0.043973	1.9431	11.672	22.256	1058.0	-0.0090785	11.401	0.10533	liquid
22.400	26.791	68.399	0.014620	0.038529	0.043973	1.9431	11.672	22.256	1058.0	-0.0090785	11.401	0.10533	liquid
22.400	26.794	68.399	0.014620	0.038528	0.043973	1.9431	11.672	22.256	1058.0	-0.0090786	11.401	0.10533	liquid
22.400	26.797	68.399	0.014620	0.038528	0.043974	1.9431	11.672	22.256	1058.0	-0.0090786	11.401	0.10533	liquid
22.400	26.800	68.399	0.014620	0.038528	0.043974	1.9430	11.672	22.256	1058.0	-0.0090786	11.401	0.10533	liquid
22.400	26.803	68.399	0.014620	0.038528	0.043974	1.9430	11.672	22.256	1058.0	-0.0090787	11.401	0.10533	liquid
22.400	26.806	68.399	0.014620	0.038527	0.043975	1.9430	11.672	22.256	1058.0	-0.0090787	11.401	0.10533	liquid
22.400	26.809	68.399	0.014620	0.038527	0.043975	1.9430	11.672	22.256	1058.0	-0.0090787	11.401	0.10533	liquid
22.400	26.812	68.399	0.014620	0.038527	0.043975	1.9430	11.672	22.256	1058.0	-0.0090788	11.401	0.10533	liquid
22.400	26.815	68.399	0.014620	0.038526	0.043976	1.9430	11.672	22.256	1058.0	-0.0090788	11.401	0.10533	liquid
22.400	26.818	68.400	0.014620	0.038526	0.043976	1.9430	11.672	22.256	1058.0	-0.0090789	11.401	0.10533	liquid
22.400	26.821	68.400	0.014620	0.038526	0.043976	1.9430	11.672	22.256	1058.0	-0.0090789	11.401	0.10533	liquid
22.400	26.824	68.400	0.014620	0.038526	0.043977	1.9429	11.672	22.256	1058.0	-0.0090789	11.401	0.10533	liquid
22.400	26.827	68.400	0.014620	0.038525	0.043977	1.9429	11.672	22.256	1058.0	-0.0090790	11.401	0.10533	liquid
22.400	26.830	68.400	0.014620	0.038525	0.043977	1.9429	11.672	22.256	1058.0	-0.0090790	11.401	0.10533	liquid
22.400	26.833	68.400	0.014620	0.038525	0.043978	1.9429	11.672	22.256	1058.0	-0.0090790	11.401	0.10533	liquid
22.400	26.836	68.400	0.014620	0.038525	0.043978	1.9429	11.672	22.256	1058.0	-0.0090791	11.401	0.10533	liquid
22.400	26.839	68.400	0.014620	0.038524	0.043978	1.9429	11.672	22.256	1058.0	-0.0090791	11.401	0.10533	liquid
22.400	26.842	68.400	0.014620	0.038524	0.043979	1.9429	11.672	22.256	1058.0	-0.0090791	11.401	0.10533	liquid
22.400	26.845	68.400	0.014620	0.038524	0.043979	1.9429	11.672	22.256	1058.0	-0.0090792	11.401	0.10533	liquid
22.400	26.848	68.400	0.014620	0.038524	0.043979	1.9428	11.672	22.256	1058.0	-0.0090792	11.401	0.10533	liquid
22.400	26.851	68.400	0.014620	0.038523	0.043980	1.9428	11.672	22.256	1058.0	-0.0090793	11.401	0.10533	liquid
22.400	26.854	68.400	0.014620	0.038523	0.043980	1.9428	11.672	22.256	1058.0	-0.0090793	11.401	0.10533	liquid
22.400	26.857	68.400	0.014620	0.038523	0.043980	1.9428	11.672	22.256	1058.0	-0.0090793	11.401	0.10533	liquid
22.400	26.860	68.400	0.014620	0.038522	0.043981	1.9428	11.672	22.256	1058.0	-0.0090794	11.401	0.10533	liquid
22.400	26.863	68.400	0.014620	0.038522	0.043981	1.9428	11.672	22.256	1058.0	-0.0090794	11.401	0.10533	liquid
22.400	26.866	68.400	0.014620	0.038522	0.043981	1.9428	11.672	22.256	1058.0	-0.0090794	11.401	0.10533	liquid
22.400	26.869	68.400	0.014620	0.038522	0.043982	1.9428	11.672	22.256	1058.0	-0.0090795	11.401	0.10533	liquid
22.400	26.872	68.400	0.014620	0.038521	0.043982	1.9427	11.672	22.256	1058.0	-0.0090795	11.401	0.10533	liquid
22.400	26.875	68.400	0.014620	0.038521	0.043982	1.9427	11.672	22.256	1058.0	-0.0090795	11.401	0.10533	liquid
22.400	26.878	68.400	0.014620	0.038521	0.043983	1.9427	11.672	22.255	1058.0	-0.0090796	11.401	0.10533	liquid
22.400	26.881	68.400	0.014620	0.038521	0.043983	1.9427	11.672	22.255	1058.0	-0.0090796	11.401	0.10533	liquid
22.400	26.884	68.400	0.014620	0.038520	0.043983	1.9427	11.672	22.255	1058.0	-0.0090796	11.401	0.10533	liquid
22.400	26.887	68.400	0.014620	0.038520	0.043984	1.9427	11.672	22.255	1058.0	-0.0090797	11.401	0.10534	liquid
22.400	26.890	68.400	0.014620	0.038520	0.043984	1.9427	11.672	22.255	1058.0	-0.0090797	11.401	0.10534	liquid
22.400	26.893	68.400	0.014620	0.038519	0.043984	1.9427	11.672	22.255	1058.0	-0.0090798	11.402	0.10534	liquid
22.400	26.896	68.400	0.014620	0.038519	0.043985	1.9426	11.672	22.255	1058.0	-0.0090798	11.402	0.10534	liquid
22.400	26.899	68.400	0.014620	0.038519	0.043985	1.9426	11.672	22.255	1058.0	-0.0090798	11.402	0.10534	liquid
22.400	26.902	68.401	0.014620	0.038519	0.043985	1.9426	11.672	22.255	1058.0	-0.0090799	11.402	0.10534	liquid
22.400	26.905	68.401	0.014620	0.038518	0.043986	1.9426	11.672	22.255	1058.0	-0.0090799	11.402	0.10534	liquid
22.400	26.908	68.401	0.014620	0.038518	0.043986	1.9426	11.672	22.255	1058.0	-0.0090799	11.402	0.10534	liquid
22.400	26.911	68.401	0.014620	0.038518	0.043986	1.9426	11.672	22.255	1058.0	-0.0090800	11.402	0.10534	liquid
22.400	26.914	68.401	0.014620	0.038518	0.043987	1.9426	11.672	22.255	1058.0	-0.0090800	11.402	0.10534	liquid
22.400	26.917	68.401	0.014620	0.038517	0.043987	1.9426	11.672	22.255	1058.0	-0.0090800	11.402	0.10534	liquid
22.400	26.920	68.401	0.014620	0.038517	0.043987	1.9426	11.672	22.255	1058.0	-0.0090801	11.402	0.10534	liquid
22.400	26.923	68.401	0.014620	0.038517	0.043988	1.9425	11.672	22.255	1058.0	-0.0090801	11.402	0.10534	liquid
22.400	26.926	68.401	0.014620	0.038516	0.043988	1.9425	11.672	22.255	1058.0	-0.0090802	11.402	0.10534	liquid
22.400	26.929	68.401	0.014620	0.038516	0.043988	1.9425	11.672	22.255	1058.0	-0.0090802	11.402	0.10534	liquid
22.400	26.932	68.401	0.014620	0.038516	0.043989	1.9425	11.672	22.255	1058.0	-0.0090802	11.402	0.10534	liquid
22.400	26.935	68.401	0.014620	0.038516	0.043989	1.9425	11.672	22.255	1058.0	-0.0090803	11.402	0.10534	liquid
22.400	26.938	68.401	0.014620	0.038515	0.043989	1.9425	11.672	22.255	1058.0	-0.0090803	11.402	0.10534	liquid
22.400	26.941	68.401	0.014620	0.038515	0.043990	1.9425	11.672	22.255	1058.0	-0.0090803	11.402	0.10534	liquid
22.400	26.944	68.401	0.014620	0.038515	0.043990	1.9425	11.672	22.255	1058.0	-0.0090804	11.402	0.10534	liquid
22.400	26.947	68.401	0.014620	0.038515	0.043990	1.9424	11.672	22.255	1058.0	-0.0090804	11.402	0.10534	liquid
22.400	26.950	68.401	0.014620	0.038514	0.043991	1.9424	11.672	22.255	1058.0	-0.0090804	11.402	0.10534	liquid
22.400	26.953	68.401	0.014620	0.038514	0.043991	1.9424	11.672	22.255	1058.0	-0.0090805	11.402	0.10534	liquid
22.400	26.956	68.401	0.014620	0.038514	0.043991	1.9424	11.672	22.255	1058.0	-0.0090805	11.402	0.10534	liquid
22.400	26.959	68.401	0.014620	0.038514	0.043992	1.9424	11.672	22.255	1058.0	-0.0090806	11.402	0.10534	liquid
22.400	26.962	68.401	0.014620	0.038513	0.043992	1.9424	11.672	22.255	1058.0	-0.0090806	11.402	0.10534	liquid
22.400	26.965	68.401	0.014620	0.038513	0.043992	1.9424	11.672	22.254	1058.0	-0.0090806	11.402	0.10534	liquid
22.400	26.968	68.401	0.014620	0.038513	0.043993	1.9424	11.672	22.254	1058.0	-0.0090807	11.402	0.10534	liquid
22.400	26.971	68.401	0.014620	0.038512	0.043993	1.9423	11.672	22.254	1058.0	-0.0090807	11.402	0.10534	liquid
22.400	26.974	68.401	0.014620	0.038512	0.043993	1.9423	11.672	22.254	1058.0	-0.0090807	11.402	0.10534	liquid
22.400	26.977	68.401	0.014620	0.038512	0.043994	1.9423	11.672	22.254	1058.0	-0.0090808	11.402	0.10534	liquid
22.400	26.980	68.401	0.014620	0.038512	0.043994	1.9423	11.672	22.254	1058.0	-0.0090808	11.402	0.10534	liquid
22.400	26.983	68.401	0.014620	0.038511	0.043994	1.9423	11.672	22.254	1058.1	-0.0090808	11.402	0.10534	liquid
22.400	26.986	68.401	0.014620	0.038511	0.043995	1.9423	11.672	22.254	1058.1	-0.0090809	11.402	0.10534	liquid
22.400	26.989	68.402	0.014620	0.038511	0.043995	1.9423	11.672	22.254	1058.1	-0.0090809	11.402	0.10534	liquid
22.400	26.992	68.402	0.014620	0.038511	0.043995	1.9423	11.672	22.254	1058.1	-0.0090810	11.402	0.10534	liquid
22.400	26.995	68.402	0.014620	0.038510	0.043996	1.9422	11.672	22.254	1058.1	-0.0090810	11.402	0.10534	liquid
22.400	26.998	68.402	0.014620	0.038510	0.043996	1.9422	11.672	22.254	1058.1	-0.0090810	11.402	0.10534	liquid
22.400	27.001	68.402	0.014620	0.038510	0.043996	1.9422	11.672	22.254	1058.1	-0.0090811	11.402	0.10534	liquid
22.400	27.004	68.402	0.014620	0.038509	0.043997	1.9422	11.672	22.254	1058.1	-0.0090811	11.402	0.10534	liquid
22.400	27.007	68.402	0.014620	0.038509	0.043997	1.9422	11.672	22.254	1058.1	-0.0090811	11.402	0.10534	liquid
22.400	27.010	68.402	0.014620	0.038509	0.043997	1.9422	11.672	22.254	1058.1	-0.0090812	11.402	0.10534	liquid
22.400	27.013	68.402	0.014619	0.038509	0.043998	1.9422	11.672	22.254	1058.1	-0.0090812	11.402	0.10534	liquid
22.400	27.016	68.402	0.014619	0.038508	0.043998	1.9422	11.672	22.254	1058.1	-0.0090812	11.402	0.10534	liquid
22.400	27.019	68.402	0.014619	0.038508	0.043998	1.9421	11.672	22.254	1058.1	-0.0090813	11.402	0.10534	liquid
22.400	27.022	68.402	0.014619	0.038508	0.043999	1.9421	11.672	22.254	1058.1	-0.0090813	11.402	0.10534	liquid
22.400	27.025	68.402	0.014619	0.038508	0.043999	1.9421	11.672	22.254	1058.1	-0.0090814	11.402	0.10534	liquid
22.400	27.028	68.402	0.014619	0.038507	0.043999	1.9421	11.672	22.254	1058.1	-0.0090814	11.402	0.10534	liquid
22.400	27.031	68.402	0.014619	0.038507	0.044000	1.9421	11.672	22.254	1058.1	-0.0090814	11.402	0.10534	liquid
22.400	27.034	68.402	0.014619	0.038507	0.044000	1.9421	11.672	22.254	1058.1	-0.0090815	11.402	0.10534	liquid
22.400	27.037	68.402	0.014619	0.038507	0.044000	1.9421	11.672	22.254	1058.1	-0.0090815	11.402	0.10534	liquid
22.400	27.040	68.402	0.014619	0.038506	0.044001	1.9421	11.672	22.254	1058.1	-0.0090815	11.402	0.10534	liquid
22.400	27.043	68.402	0.014619	0.038506	0.044001	1.9421	11.672	22.254	1058.1	-0.0090816	11.402	0.10534	liquid
22.400	27.046	68.402	0.014619	0.038506	0.044001	1.9420	11.672	22.254	1058.1	-0.0090816	11.402	0.10534	liquid
22.400	27.049	68.402	0.014619	0.038505	0.044002	1.9420	11.672	22.254	1058.1	-0.0090816	11.403	0.10534	liquid
22.400	27.052	68.402	0.014619	0.038505	0.044002	1.9420	11.672	22.254	1058.1	-0.0090817	11.403	0.10534	liquid
22.400	27.055	68.402	0.014619	0.038505	0.044002	1.9420	11.672	22.253	1058.1	-0.0090817	11.403	0.10534	liquid
22.400	27.058	68.402	0.014619	0.038505	0.044003	1.9420	11.672	22.253	1058.1	-0.0090818	11.403	0.10534	liquid
22.400	27.061	68.402	0.014619	0.038504	0.044003	1.9420	11.672	22.253	1058.1	-0.0090818	11.403	0.10534	liquid
22.400	27.064	68.402	0.014619	0.038504	0.044003	1.9420	11.672	22.253	1058.1	-0.0090818	11.403	0.10534	liquid
22.400	27.067	68.402	0.014619	0.038504	0.044004	1.9420	11.672	22.253	1058.1	-0.0090819	11.403	0.10534	liquid
22.400	27.070	68.402	0.014619	0.038504	0.044004	1.9419	11.672	22.253	1058.1	-0.0090819	11.403	0.10534	liquid
22.400	27.073	68.403	0.014619	0.038503	0.044005	1.9419	11.672	22.253	1058.1	-0.0090819	11.403	0.10534	liquid
22.400	27.076	68.403	0.014619	0.038503	0.044005	1.9419	11.672	22.253	1058.1	-0.0090820	11.403	0.10534	liquid
22.400	27.079	68.403	0.014619	0.038503	0.044005	1.9419	11.672	22.253	1058.1	-0.0090820	11.403	0.10534	liquid
22.400	27.082	68.403	0.014619	0.038502	0.044006	1.9419	11.672	22.253	1058.1	-0.0090820	11.403	0.10534	liquid
22.400	27.085	68.403	0.014619	0.038502	0.044006	1.9419	11.672	22.253	1058.1	-0.0090821	11.403	0.10534	liquid
22.400	27.088	68.403	0.014619	0.038502	0.044006	1.9419	11.672	22.253	1058.1	-0.0090821	11.403	0.10534	liquid
22.400	27.091	68.403	0.014619	0.038502	0.044007	1.9419	11.672	22.253	1058.1	-0.0090822	11.403	0.10534	liquid
22.400	27.094	68.403	0.014619	0.038501	0.044007	1.9418	11.672	22.253	1058.1	-0.0090822	11.403	0.10534	liquid
22.400	27.097	68.403	0.014619	0.038501	0.044007	1.9418	11.672	22.253	1058.1	-0.0090822	11.403	0.10534	liquid
22.400	27.100	68.403	0.014619	0.038501	0.044008	1.9418	11.672	22.253	1058.1	-0.0090823	11.403	0.10534	liquid
22.400	27.103	68.403	0.014619	0.038501	0.044008	1.9418	11.672	22.253	1058.1	-0.0090823	11.403	0.10534	liquid
22.400	27.106	68.403	0.014619	0.038500	0.044008	1.9418	11.672	22.253	1058.1	-0.0090823	11.403	0.10534	liquid
22.400	27.109	68.403	0.014619	0.038500	0.044009	1.9418	11.672	22.253	1058.1	-0.0090824	11.403	0.10534	liquid
22.400	27.112	68.403	0.014619	0.038500	0.044009	1.9418	11.672	22.253	1058.1	-0.0090824	11.403	0.10534	liquid
22.400	27.115	68.403	0.014619	0.038499	0.044009	1.9418	11.672	22.253	1058.1	-0.0090824	11.403	0.10534	liquid
22.400	27.118	68.403	0.014619	0.038499	0.044010	1.9417	11.672	22.253	1058.1	-0.0090825	11.403	0.10534	liquid
22.400	27.121	68.403	0.014619	0.038499	0.044010	1.9417	11.672	22.253	1058.1	-0.0090825	11.403	0.10534	liquid
22.400	27.124	68.403	0.014619	0.038499	0.044010	1.9417	11.672	22.253	1058.1	-0.0090826	11.403	0.10534	liquid
22.400	27.127	68.403	0.014619	0.038498	0.044011	1.9417	11.672	22.253	1058.1	-0.0090826	11.403	0.10534	liquid
22.400	27.130	68.403	0.014619	0.038498	0.044011	1.9417	11.672	22.253	1058.1	-0.0090826	11.403	0.10534	liquid
22.400	27.133	68.403	0.014619	0.038498	0.044011	1.9417	11.672	22.253	1058.1	-0.0090827	11.403	0.10534	liquid
22.400	27.136	68.403	0.014619	0.038498	0.044012	1.9417	11.672	22.253	1058.1	-0.0090827	11.403	0.10534	liquid
22.400	27.139	68.403	0.014619	0.038497	0.044012	1.9417	11.672	22.253	1058.1	-0.0090827	11.403	0.10534	liquid
22.400	27.142	68.403	0.014619	0.038497	0.044012	1.9417	11.672	22.252	1058.1	-0.0090828	11.403	0.10534	liquid
22.400	27.145	68.403	0.014619	0.038497	0.044013	1.9416	11.672	22.252	1058.1	-0.0090828	11.403	0.10534	liquid
22.400	27.148	68.403	0.014619	0.038497	0.044013	1.9416	11.672	22.252	1058.1	-0.0090828	11.403	0.10534	liquid
22.400	27.151	68.403	0.014619	0.038496	0.044013	1.9416	11.672	22.252	1058.1	-0.0090829	11.403	0.10534	liquid
22.400	27.154	68.403	0.014619	0.038496	0.044014	1.9416	11.672	22.252	1058.1	-0.0090829	11.403	0.10534	liquid
22.400	27.157	68.403	0.014619	0.038496	0.044014	1.9416	11.672	22.252	1058.1	-0.0090830	11.403	0.10534	liquid
22.400	27.160	68.404	0.014619	0.038495	0.044014	1.9416	11.672	22.252	1058.1	-0.0090830	11.403	0.10534	liquid
22.400	27.163	68.404	0.014619	0.038495	0.044015	1.9416	11.672	22.252	1058.1	-0.0090830	11.403	0.10534	liquid
22.400	27.166	68.404	0.014619	0.038495	0.044015	1.9416	11.672	22.252	1058.1	-0.0090831	11.403	0.10534	liquid
22.400	27.169	68.404	0.014619	0.038495	0.044015	1.9415	11.672	22.252	1058.1	-0.0090831	11.403	0.10534	liquid
22.400	27.172	68.404	0.014619	0.038494	0.044016	1.9415	11.672	22.252	1058.1	-0.0090831	11.403	0.10534	liquid
22.400	27.175	68.404	0.014619	0.038494	0.044016	1.9415	11.672	22.252	1058.1	-0.0090832	11.403	0.10534	liquid
22.400	27.178	68.404	0.014619	0.038494	0.044016	1.9415	11.672	22.252	1058.1	-0.0090832	11.403	0.10534	liquid
22.400	27.181	68.404	0.014619	0.038494	0.044017	1.9415	11.672	22.252	1058.1	-0.0090832	11.403	0.10534	liquid
22.400	27.184	68.404	0.014619	0.038493	0.044017	1.9415	11.672	22.252	1058.1	-0.0090833	11.403	0.10534	liquid
22.400	27.187	68.404	0.014619	0.038493	0.044017	1.9415	11.672	22.252	1058.1	-0.0090833	11.403	0.10534	liquid
22.400	27.190	68.404	0.014619	0.038493	0.044018	1.9415	11.672	22.252	1058.1	-0.0090834	11.403	0.10534	liquid
22.400	27.193	68.404	0.014619	0.038492	0.044018	1.9414	11.672	22.252	1058.1	-0.0090834	11.403	0.10534	liquid
22.400	27.196	68.404	0.014619	0.038492	0.044018	1.9414	11.672	22.252	1058.1	-0.0090834	11.403	0.10534	liquid
22.400	27.199	68.404	0.014619	0.038492	0.044019	1.9414	11.672	22.252	1058.1	-0.0090835	11.403	0.10534	liquid
22.400	27.202	68.404	0.014619	0.038492	0.044019	1.9414	11.672	22.252	1058.1	-0.0090835	11.403	0.10534	liquid
22.400	27.205	68.404	0.014619	0.038491	0.044019	1.9414	11.672	22.252	1058.2	-0.0090835	11.404	0.10534	liquid
22.400	27.208	68.404	0.014619	0.038491	0.044020	1.9414	11.672	22.252	1058.2	-0.0090836	11.404	0.10534	liquid
22.400	27.211	68.404	0.014619	0.038491	0.044020	1.9414	11.672	22.252	1058.2	-0.0090836	11.404	0.10534	liquid
22.400	27.214	68.404	0.014619	0.038491	0.044020	1.9414	11.672	22.252	1058.2	-0.0090836	11.404	0.10534	liquid
22.400	27.217	68.404	0.014619	0.038490	0.044021	1.9413	11.672	22.252	1058.2	-0.0090837	11.404	0.10534	liquid
22.400	27.220	68.404	0.014619	0.038490	0.044021	1.9413	11.672	22.252	1058.2	-0.0090837	11.404	0.10534	liquid
22.400	27.223	68.404	0.014619	0.038490	0.044021	1.9413	11.672	22.252	1058.2	-0.0090838	11.404	0.10534	liquid
22.400	27.226	68.404	0.014619	0.038489	0.044022	1.9413	11.672	22.252	1058.2	-0.0090838	11.404	0.10534	liquid
22.400	27.229	68.404	0.014619	0.038489	0.044022	1.9413	11.672	22.252	1058.2	-0.0090838	11.404	0.10534	liquid
22.400	27.232	68.404	0.014619	0.038489	0.044022	1.9413	11.672	22.251	1058.2	-0.0090839	11.404	0.10534	liquid
22.400	27.235	68.404	0.014619	0.038489	0.044023	1.9413	11.672	22.251	1058.2	-0.0090839	11.404	0.10534	liquid
22.400	27.238	68.404	0.014619	0.038488	0.044023	1.9413	11.672	22.251	1058.2	-0.0090839	11.404	0.10534	liquid
22.400	27.241	68.404	0.014619	0.038488	0.044023	1.9412	11.672	22.251	1058.2	-0.0090840	11.404	0.10534	liquid
22.400	27.244	68.405	0.014619	0.038488	0.044024	1.9412	11.672	22.251	1058.2	-0.0090840	11.404	0.10534	liquid
22.400	27.247	68.405	0.014619	0.038488	0.044024	1.9412	11.672	22.251	1058.2	-0.0090840	11.404	0.10534	liquid
22.400	27.250	68.405	0.014619	0.038487	0.044024	1.9412	11.672	22.251	1058.2	-0.0090841	11.404	0.10534	liquid
22.400	27.253	68.405	0.014619	0.038487	0.044025	1.9412	11.672	22.251	1058.2	-0.0090841	11.404	0.10534	liquid
22.400	27.256	68.405	0.014619	0.038487	0.044025	1.9412	11.672	22.251	1058.2	-0.0090842	11.404	0.10534	liquid
22.400	27.259	68.405	0.014619	0.038487	0.044025	1.9412	11.672	22.251	1058.2	-0.0090842	11.404	0.10534	liquid
22.400	27.262	68.405	0.014619	0.038486	0.044026	1.9412	11.672	22.251	1058.2	-0.0090842	11.404	0.10534	liquid
22.400	27.265	68.405	0.014619	0.038486	0.044026	1.9412	11.672	22.251	1058.2	-0.0090843	11.404	0.10534	liquid
22.400	27.268	68.405	0.014619	0.038486	0.044026	1.9411	11.672	22.251	1058.2	-0.0090843	11.404	0.10534	liquid
22.400	27.271	68.405	0.014619	0.038485	0.044027	1.9411	11.672	22.251	1058.2	-0.0090843	11.404	0.10534	liquid
22.400	27.274	68.405	0.014619	0.038485	0.044027	1.9411	11.672	22.251	1058.2	-0.0090844	11.404	0.10534	liquid
22.400	27.277	68.405	0.014619	0.038485	0.044027	1.9411	11.672	22.251	1058.2	-0.0090844	11.404	0.10534	liquid
22.400	27.280	68.405	0.014619	0.038485	0.044028	1.9411	11.672	22.251	1058.2	-0.0090844	11.404	0.10534	liquid
22.400	27.283	68.405	0.014619	0.038484	0.044028	1.9411	11.672	22.251	1058.2	-0.0090845	11.404	0.10534	liquid
22.400	27.286	68.405	0.014619	0.038484	0.044028	1.9411	11.672	22.251	1058.2	-0.0090845	11.404	0.10534	liquid
22.400	27.289	68.405	0.014619	0.038484	0.044029	1.9411	11.672	22.251	1058.2	-0.0090846	11.404	0.10534	liquid
22.400	27.292	68.405	0.014619	0.038484	0.044029	1.9410	11.672	22.251	1058.2	-0.0090846	11.404	0.10534	liquid
22.400	27.295	68.405	0.014619	0.038483	0.044029	1.9410	11.672	22.251	1058.2	-0.0090846	11.404	0.10534	liquid
22.400	27.298	68.405	0.014619	0.038483	0.044030	1.9410	11.672	22.251	1058.2	-0.0090847	11.404	0.10534	liquid
22.400	27.301	68.405	0.014619	0.038483	0.044030	1.9410	11.672	22.251	1058.2	-0.0090847	11.404	0.10534	liquid
22.400	27.304	68.405	0.014619	0.038482	0.044030	1.9410	11.672	22.251	1058.2	-0.0090847	11.404	0.10534	liquid
22.400	27.307	68.405	0.014619	0.038482	0.044031	1.9410	11.672	22.251	1058.2	-0.0090848	11.404	0.10534	liquid
22.400	27.310	68.405	0.014619	0.038482	0.044031	1.9410	11.672	22.251	1058.2	-0.0090848	11.404	0.10534	liquid
22.400	27.313	68.405	0.014619	0.038482	0.044031	1.9410	11.672	22.251	1058.2	-0.0090848	11.404	0.10534	liquid
22.400	27.316	68.405	0.014619	0.038481	0.044032	1.9409	11.672	22.251	1058.2	-0.0090849	11.404	0.10534	liquid
22.400	27.319	68.405	0.014619	0.038481	0.044032	1.9409	11.672	22.250	1058.2	-0.0090849	11.404	0.10534	liquid
22.400	27.322	68.405	0.014619	0.038481	0.044032	1.9409	11.672	22.250	1058.2	-0.0090849	11.404	0.10534	liquid
22.400	27.325	68.405	0.014619	0.038481	0.044033	1.9409	11.672	22.250	1058.2	-0.0090850	11.404	0.10534	liquid
22.400	27.328	68.406	0.014619	0.038480	0.044033	1.9409	11.672	22.250	1058.2	-0.0090850	11.404	0.10535	liquid
22.400	27.331	68.406	0.014619	0.038480	0.044033	1.9409	11.672	22.250	1058.2	-0.0090851	11.404	0.10535	liquid
22.400	27.334	68.406	0.014619	0.038480	0.044034	1.9409	11.672	22.250	1058.2	-0.0090851	11.404	0.10535	liquid
22.400	27.337	68.406	0.014619	0.038480	0.044034	1.9409	11.672	22.250	1058.2	-0.0090851	11.404	0.10535	liquid
22.400	27.340	68.406	0.014619	0.038479	0.044034	1.9408	11.672	22.250	1058.2	-0.0090852	11.404	0.10535	liquid
22.400	27.343	68.406	0.014619	0.038479	0.044035	1.9408	11.672	22.250	1058.2	-0.0090852	11.404	0.10535	liquid
22.400	27.346	68.406	0.014619	0.038479	0.044035	1.9408	11.672	22.250	1058.2	-0.0090852	11.404	0.10535	liquid
22.400	27.349	68.406	0.014619	0.038478	0.044035	1.9408	11.672	22.250	1058.2	-0.0090853	11.404	0.10535	liquid
22.400	27.352	68.406	0.014619	0.038478	0.044036	1.9408	11.672	22.250	1058.2	-0.0090853	11.404	0.10535	liquid
22.400	27.355	68.406	0.014619	0.038478	0.044036	1.9408	11.672	22.250	1058.2	-0.0090853	11.404	0.10535	liquid
22.400	27.358	68.406	0.014619	0.038478	0.044037	1.9408	11.672	22.250	1058.2	-0.0090854	11.404	0.10535	liquid
22.400	27.361	68.406	0.014619	0.038477	0.044037	1.9408	11.672	22.250	1058.2	-0.0090854	11.405	0.10535	liquid
22.400	27.364	68.406	0.014619	0.038477	0.044037	1.9407	11.672	22.250	1058.2	-0.0090855	11.405	0.10535	liquid
22.400	27.367	68.406	0.014619	0.038477	0.044038	1.9407	11.672	22.250	1058.2	-0.0090855	11.405	0.10535	liquid
22.400	27.370	68.406	0.014619	0.038477	0.044038	1.9407	11.672	22.250	1058.2	-0.0090855	11.405	0.10535	liquid
22.400	27.373	68.406	0.014619	0.038476	0.044038	1.9407	11.672	22.250	1058.2	-0.0090856	11.405	0.10535	liquid
22.400	27.376	68.406	0.014619	0.038476	0.044039	1.9407	11.672	22.250	1058.2	-0.0090856	11.405	0.10535	liquid
22.400	27.379	68.406	0.014619	0.038476	0.044039	1.9407	11.672	22.250	1058.2	-0.0090856	11.405	0.10535	liquid
22.400	27.382	68.406	0.014619	0.038475	0.044039	1.9407	11.672	22.250	1058.2	-0.0090857	11.405	0.10535	liquid
22.400	27.385	68.406	0.014619	0.038475	0.044040	1.9407	11.672	22.250	1058.2	-0.0090857	11.405	0.10535	liquid
22.400	27.388	68.406	0.014619	0.038475	0.044040	1.9407	11.672	22.250	1058.2	-0.0090857	11.405	0.10535	liquid
22.400	27.391	68.406	0.014619	0.038475	0.044040	1.9406	11.672	22.250	1058.2	-0.0090858	11.405	0.10535	liquid
22.400	27.394	68.406	0.014619	0.038474	0.044041	1.9406	11.672	22.250	1058.2	-0.0090858	11.405	0.10535	liquid
22.400	27.397	68.406	0.014619	0.038474	0.044041	1.9406	11.672	22.250	1058.2	-0.0090859	11.405	0.10535	liquid
22.400	27.400	68.406	0.014619	0.038474	0.044041	1.9406	11.672	22.250	1058.2	-0.0090859	11.405	0.10535	liquid
