Temperature (K)	Pressure (psia)	Density (kg/m3)	Volume (m3/kg)	Internal Energy (kJ/mol)	Enthalpy (kJ/mol)	Entropy (J/mol*K)	Cv (J/mol*K)	Cp (J/mol*K)	Sound Spd. (m/s)	Joule-Thomson (F/psia)	Viscosity (uPa*s)	Therm. Cond. (W/m*K)	Phase
22.410	25.600	2.2100	0.45249	0.76229	0.92330	41.200	13.210	26.348	366.53	0.20305	1.2068	0.019402	vapor
22.410	25.603	2.2103	0.45243	0.76229	0.92329	41.199	13.210	26.350	366.52	0.20305	1.2069	0.019403	vapor
22.410	25.606	2.2106	0.45237	0.76228	0.92328	41.198	13.210	26.351	366.52	0.20305	1.2069	0.019403	vapor
22.410	25.609	2.2109	0.45230	0.76228	0.92327	41.197	13.210	26.352	366.52	0.20306	1.2069	0.019403	vapor
22.410	25.612	2.2112	0.45224	0.76227	0.92327	41.195	13.211	26.353	366.51	0.20306	1.2069	0.019403	vapor
22.410	25.615	2.2115	0.45218	0.76227	0.92326	41.194	13.211	26.354	366.51	0.20306	1.2069	0.019404	vapor
22.410	25.618	2.2118	0.45211	0.76226	0.92325	41.193	13.211	26.355	366.50	0.20307	1.2069	0.019404	vapor
22.410	25.621	2.2121	0.45205	0.76226	0.92324	41.192	13.211	26.357	366.50	0.20307	1.2069	0.019404	vapor
22.410	25.624	2.2124	0.45199	0.76225	0.92323	41.190	13.211	26.358	366.50	0.20307	1.2069	0.019404	vapor
22.410	25.627	2.2127	0.45193	0.76225	0.92322	41.189	13.211	26.359	366.49	0.20307	1.2069	0.019404	vapor
22.410	25.630	2.2131	0.45186	0.76224	0.92321	41.188	13.212	26.360	366.49	0.20308	1.2069	0.019405	vapor
22.410	25.630	2.2131	0.45186	0.76224	0.92321	41.188	13.212	26.360	366.49	0.20308	1.2069	0.019405	vapor
22.410	25.630	68.372	0.014626	0.038855	0.044065	1.9577	11.673	22.285	1057.1	-0.0090492	11.385	0.10531	liquid
22.410	25.633	68.372	0.014626	0.038855	0.044066	1.9577	11.673	22.285	1057.1	-0.0090492	11.385	0.10531	liquid
22.410	25.636	68.372	0.014626	0.038854	0.044066	1.9577	11.673	22.285	1057.1	-0.0090492	11.385	0.10531	liquid
22.410	25.639	68.372	0.014626	0.038854	0.044066	1.9577	11.673	22.284	1057.1	-0.0090493	11.385	0.10531	liquid
22.410	25.642	68.372	0.014626	0.038854	0.044067	1.9577	11.673	22.284	1057.1	-0.0090493	11.385	0.10531	liquid
22.410	25.645	68.372	0.014626	0.038854	0.044067	1.9577	11.673	22.284	1057.1	-0.0090494	11.385	0.10531	liquid
22.410	25.648	68.372	0.014626	0.038853	0.044067	1.9577	11.673	22.284	1057.1	-0.0090494	11.385	0.10531	liquid
22.410	25.651	68.372	0.014626	0.038853	0.044068	1.9577	11.673	22.284	1057.1	-0.0090494	11.385	0.10531	liquid
22.410	25.654	68.372	0.014626	0.038853	0.044068	1.9576	11.673	22.284	1057.1	-0.0090495	11.385	0.10531	liquid
22.410	25.657	68.372	0.014626	0.038853	0.044068	1.9576	11.673	22.284	1057.1	-0.0090495	11.385	0.10531	liquid
22.410	25.660	68.372	0.014626	0.038852	0.044069	1.9576	11.673	22.284	1057.1	-0.0090495	11.385	0.10531	liquid
22.410	25.663	68.372	0.014626	0.038852	0.044069	1.9576	11.673	22.284	1057.1	-0.0090496	11.385	0.10531	liquid
22.410	25.666	68.372	0.014626	0.038852	0.044069	1.9576	11.673	22.284	1057.1	-0.0090496	11.385	0.10531	liquid
22.410	25.669	68.372	0.014626	0.038851	0.044070	1.9576	11.673	22.284	1057.1	-0.0090496	11.385	0.10531	liquid
22.410	25.672	68.372	0.014626	0.038851	0.044070	1.9576	11.673	22.284	1057.1	-0.0090497	11.385	0.10531	liquid
22.410	25.675	68.372	0.014626	0.038851	0.044070	1.9576	11.673	22.284	1057.1	-0.0090497	11.385	0.10531	liquid
22.410	25.678	68.372	0.014626	0.038851	0.044071	1.9575	11.673	22.284	1057.1	-0.0090498	11.385	0.10531	liquid
22.410	25.681	68.372	0.014626	0.038850	0.044071	1.9575	11.673	22.284	1057.1	-0.0090498	11.385	0.10531	liquid
22.410	25.684	68.372	0.014626	0.038850	0.044071	1.9575	11.673	22.284	1057.1	-0.0090498	11.385	0.10531	liquid
22.410	25.687	68.373	0.014626	0.038850	0.044072	1.9575	11.673	22.284	1057.1	-0.0090499	11.385	0.10531	liquid
22.410	25.690	68.373	0.014626	0.038850	0.044072	1.9575	11.673	22.284	1057.1	-0.0090499	11.385	0.10531	liquid
22.410	25.693	68.373	0.014626	0.038849	0.044072	1.9575	11.673	22.284	1057.1	-0.0090499	11.385	0.10531	liquid
22.410	25.696	68.373	0.014626	0.038849	0.044073	1.9575	11.673	22.284	1057.1	-0.0090500	11.385	0.10531	liquid
22.410	25.699	68.373	0.014626	0.038849	0.044073	1.9575	11.673	22.284	1057.1	-0.0090500	11.385	0.10531	liquid
22.410	25.702	68.373	0.014626	0.038848	0.044073	1.9574	11.673	22.284	1057.1	-0.0090500	11.385	0.10531	liquid
22.410	25.705	68.373	0.014626	0.038848	0.044074	1.9574	11.673	22.284	1057.1	-0.0090501	11.385	0.10531	liquid
22.410	25.708	68.373	0.014626	0.038848	0.044074	1.9574	11.673	22.284	1057.1	-0.0090501	11.385	0.10531	liquid
22.410	25.711	68.373	0.014626	0.038848	0.044074	1.9574	11.673	22.284	1057.1	-0.0090502	11.385	0.10531	liquid
22.410	25.714	68.373	0.014626	0.038847	0.044075	1.9574	11.673	22.284	1057.1	-0.0090502	11.385	0.10531	liquid
22.410	25.717	68.373	0.014626	0.038847	0.044075	1.9574	11.673	22.284	1057.1	-0.0090502	11.385	0.10531	liquid
22.410	25.720	68.373	0.014626	0.038847	0.044075	1.9574	11.673	22.284	1057.1	-0.0090503	11.385	0.10531	liquid
22.410	25.723	68.373	0.014626	0.038847	0.044076	1.9574	11.673	22.284	1057.1	-0.0090503	11.385	0.10531	liquid
22.410	25.726	68.373	0.014626	0.038846	0.044076	1.9573	11.673	22.283	1057.1	-0.0090503	11.385	0.10531	liquid
22.410	25.729	68.373	0.014626	0.038846	0.044076	1.9573	11.673	22.283	1057.1	-0.0090504	11.385	0.10531	liquid
22.410	25.732	68.373	0.014626	0.038846	0.044077	1.9573	11.673	22.283	1057.1	-0.0090504	11.385	0.10531	liquid
22.410	25.735	68.373	0.014626	0.038846	0.044077	1.9573	11.673	22.283	1057.1	-0.0090504	11.385	0.10531	liquid
22.410	25.738	68.373	0.014626	0.038845	0.044077	1.9573	11.673	22.283	1057.1	-0.0090505	11.385	0.10531	liquid
22.410	25.741	68.373	0.014626	0.038845	0.044078	1.9573	11.673	22.283	1057.1	-0.0090505	11.385	0.10531	liquid
22.410	25.744	68.373	0.014626	0.038845	0.044078	1.9573	11.673	22.283	1057.1	-0.0090506	11.385	0.10531	liquid
22.410	25.747	68.373	0.014626	0.038844	0.044078	1.9573	11.673	22.283	1057.1	-0.0090506	11.385	0.10531	liquid
22.410	25.750	68.373	0.014626	0.038844	0.044079	1.9572	11.673	22.283	1057.1	-0.0090506	11.385	0.10531	liquid
22.410	25.753	68.373	0.014626	0.038844	0.044079	1.9572	11.673	22.283	1057.1	-0.0090507	11.385	0.10531	liquid
22.410	25.756	68.373	0.014626	0.038844	0.044079	1.9572	11.673	22.283	1057.1	-0.0090507	11.385	0.10531	liquid
22.410	25.759	68.373	0.014626	0.038843	0.044080	1.9572	11.673	22.283	1057.1	-0.0090507	11.385	0.10531	liquid
22.410	25.762	68.373	0.014626	0.038843	0.044080	1.9572	11.673	22.283	1057.1	-0.0090508	11.385	0.10531	liquid
22.410	25.765	68.373	0.014626	0.038843	0.044080	1.9572	11.673	22.283	1057.1	-0.0090508	11.385	0.10531	liquid
22.410	25.768	68.373	0.014626	0.038843	0.044081	1.9572	11.673	22.283	1057.1	-0.0090509	11.385	0.10531	liquid
22.410	25.771	68.374	0.014626	0.038842	0.044081	1.9572	11.673	22.283	1057.1	-0.0090509	11.385	0.10531	liquid
22.410	25.774	68.374	0.014626	0.038842	0.044081	1.9572	11.673	22.283	1057.1	-0.0090509	11.385	0.10531	liquid
22.410	25.777	68.374	0.014626	0.038842	0.044082	1.9571	11.673	22.283	1057.2	-0.0090510	11.386	0.10531	liquid
22.410	25.780	68.374	0.014626	0.038841	0.044082	1.9571	11.673	22.283	1057.2	-0.0090510	11.386	0.10531	liquid
22.410	25.783	68.374	0.014626	0.038841	0.044082	1.9571	11.673	22.283	1057.2	-0.0090510	11.386	0.10531	liquid
22.410	25.786	68.374	0.014626	0.038841	0.044083	1.9571	11.673	22.283	1057.2	-0.0090511	11.386	0.10531	liquid
22.410	25.789	68.374	0.014625	0.038841	0.044083	1.9571	11.673	22.283	1057.2	-0.0090511	11.386	0.10531	liquid
22.410	25.792	68.374	0.014625	0.038840	0.044084	1.9571	11.673	22.283	1057.2	-0.0090511	11.386	0.10531	liquid
22.410	25.795	68.374	0.014625	0.038840	0.044084	1.9571	11.673	22.283	1057.2	-0.0090512	11.386	0.10531	liquid
22.410	25.798	68.374	0.014625	0.038840	0.044084	1.9571	11.673	22.283	1057.2	-0.0090512	11.386	0.10531	liquid
22.410	25.801	68.374	0.014625	0.038840	0.044085	1.9570	11.673	22.283	1057.2	-0.0090513	11.386	0.10531	liquid
22.410	25.804	68.374	0.014625	0.038839	0.044085	1.9570	11.673	22.283	1057.2	-0.0090513	11.386	0.10531	liquid
22.410	25.807	68.374	0.014625	0.038839	0.044085	1.9570	11.673	22.283	1057.2	-0.0090513	11.386	0.10531	liquid
22.410	25.810	68.374	0.014625	0.038839	0.044086	1.9570	11.673	22.283	1057.2	-0.0090514	11.386	0.10531	liquid
22.410	25.813	68.374	0.014625	0.038838	0.044086	1.9570	11.673	22.283	1057.2	-0.0090514	11.386	0.10531	liquid
22.410	25.816	68.374	0.014625	0.038838	0.044086	1.9570	11.673	22.282	1057.2	-0.0090514	11.386	0.10531	liquid
22.410	25.819	68.374	0.014625	0.038838	0.044087	1.9570	11.673	22.282	1057.2	-0.0090515	11.386	0.10531	liquid
22.410	25.822	68.374	0.014625	0.038838	0.044087	1.9570	11.673	22.282	1057.2	-0.0090515	11.386	0.10531	liquid
22.410	25.825	68.374	0.014625	0.038837	0.044087	1.9569	11.673	22.282	1057.2	-0.0090515	11.386	0.10531	liquid
22.410	25.828	68.374	0.014625	0.038837	0.044088	1.9569	11.673	22.282	1057.2	-0.0090516	11.386	0.10531	liquid
22.410	25.831	68.374	0.014625	0.038837	0.044088	1.9569	11.673	22.282	1057.2	-0.0090516	11.386	0.10531	liquid
22.410	25.834	68.374	0.014625	0.038837	0.044088	1.9569	11.673	22.282	1057.2	-0.0090517	11.386	0.10531	liquid
22.410	25.837	68.374	0.014625	0.038836	0.044089	1.9569	11.673	22.282	1057.2	-0.0090517	11.386	0.10531	liquid
22.410	25.840	68.374	0.014625	0.038836	0.044089	1.9569	11.673	22.282	1057.2	-0.0090517	11.386	0.10531	liquid
22.410	25.843	68.374	0.014625	0.038836	0.044089	1.9569	11.673	22.282	1057.2	-0.0090518	11.386	0.10531	liquid
22.410	25.846	68.374	0.014625	0.038835	0.044090	1.9569	11.673	22.282	1057.2	-0.0090518	11.386	0.10531	liquid
22.410	25.849	68.374	0.014625	0.038835	0.044090	1.9568	11.673	22.282	1057.2	-0.0090518	11.386	0.10531	liquid
22.410	25.852	68.374	0.014625	0.038835	0.044090	1.9568	11.673	22.282	1057.2	-0.0090519	11.386	0.10531	liquid
22.410	25.855	68.375	0.014625	0.038835	0.044091	1.9568	11.673	22.282	1057.2	-0.0090519	11.386	0.10531	liquid
22.410	25.858	68.375	0.014625	0.038834	0.044091	1.9568	11.673	22.282	1057.2	-0.0090519	11.386	0.10531	liquid
22.410	25.861	68.375	0.014625	0.038834	0.044091	1.9568	11.673	22.282	1057.2	-0.0090520	11.386	0.10531	liquid
22.410	25.864	68.375	0.014625	0.038834	0.044092	1.9568	11.673	22.282	1057.2	-0.0090520	11.386	0.10531	liquid
22.410	25.867	68.375	0.014625	0.038834	0.044092	1.9568	11.673	22.282	1057.2	-0.0090521	11.386	0.10531	liquid
22.410	25.870	68.375	0.014625	0.038833	0.044092	1.9568	11.673	22.282	1057.2	-0.0090521	11.386	0.10531	liquid
22.410	25.873	68.375	0.014625	0.038833	0.044093	1.9567	11.673	22.282	1057.2	-0.0090521	11.386	0.10531	liquid
22.410	25.876	68.375	0.014625	0.038833	0.044093	1.9567	11.673	22.282	1057.2	-0.0090522	11.386	0.10531	liquid
22.410	25.879	68.375	0.014625	0.038832	0.044093	1.9567	11.673	22.282	1057.2	-0.0090522	11.386	0.10531	liquid
22.410	25.882	68.375	0.014625	0.038832	0.044094	1.9567	11.673	22.282	1057.2	-0.0090522	11.386	0.10531	liquid
22.410	25.885	68.375	0.014625	0.038832	0.044094	1.9567	11.673	22.282	1057.2	-0.0090523	11.386	0.10531	liquid
22.410	25.888	68.375	0.014625	0.038832	0.044094	1.9567	11.673	22.282	1057.2	-0.0090523	11.386	0.10531	liquid
22.410	25.891	68.375	0.014625	0.038831	0.044095	1.9567	11.673	22.282	1057.2	-0.0090523	11.386	0.10531	liquid
22.410	25.894	68.375	0.014625	0.038831	0.044095	1.9567	11.673	22.282	1057.2	-0.0090524	11.386	0.10531	liquid
22.410	25.897	68.375	0.014625	0.038831	0.044095	1.9566	11.673	22.282	1057.2	-0.0090524	11.386	0.10531	liquid
22.410	25.900	68.375	0.014625	0.038831	0.044096	1.9566	11.673	22.282	1057.2	-0.0090525	11.386	0.10531	liquid
22.410	25.903	68.375	0.014625	0.038830	0.044096	1.9566	11.673	22.281	1057.2	-0.0090525	11.386	0.10531	liquid
22.410	25.906	68.375	0.014625	0.038830	0.044096	1.9566	11.673	22.281	1057.2	-0.0090525	11.386	0.10531	liquid
22.410	25.909	68.375	0.014625	0.038830	0.044097	1.9566	11.673	22.281	1057.2	-0.0090526	11.386	0.10531	liquid
22.410	25.912	68.375	0.014625	0.038830	0.044097	1.9566	11.673	22.281	1057.2	-0.0090526	11.386	0.10531	liquid
22.410	25.915	68.375	0.014625	0.038829	0.044097	1.9566	11.673	22.281	1057.2	-0.0090526	11.386	0.10531	liquid
22.410	25.918	68.375	0.014625	0.038829	0.044098	1.9566	11.673	22.281	1057.2	-0.0090527	11.386	0.10531	liquid
22.410	25.921	68.375	0.014625	0.038829	0.044098	1.9566	11.673	22.281	1057.2	-0.0090527	11.386	0.10531	liquid
22.410	25.924	68.375	0.014625	0.038828	0.044098	1.9565	11.673	22.281	1057.2	-0.0090527	11.386	0.10531	liquid
22.410	25.927	68.375	0.014625	0.038828	0.044099	1.9565	11.673	22.281	1057.2	-0.0090528	11.386	0.10531	liquid
22.410	25.930	68.375	0.014625	0.038828	0.044099	1.9565	11.673	22.281	1057.2	-0.0090528	11.386	0.10531	liquid
22.410	25.933	68.375	0.014625	0.038828	0.044099	1.9565	11.673	22.281	1057.2	-0.0090529	11.387	0.10531	liquid
22.410	25.936	68.375	0.014625	0.038827	0.044100	1.9565	11.673	22.281	1057.2	-0.0090529	11.387	0.10531	liquid
22.410	25.939	68.376	0.014625	0.038827	0.044100	1.9565	11.673	22.281	1057.2	-0.0090529	11.387	0.10531	liquid
22.410	25.942	68.376	0.014625	0.038827	0.044100	1.9565	11.673	22.281	1057.2	-0.0090530	11.387	0.10531	liquid
22.410	25.945	68.376	0.014625	0.038827	0.044101	1.9565	11.673	22.281	1057.2	-0.0090530	11.387	0.10531	liquid
22.410	25.948	68.376	0.014625	0.038826	0.044101	1.9564	11.673	22.281	1057.2	-0.0090530	11.387	0.10531	liquid
22.410	25.951	68.376	0.014625	0.038826	0.044101	1.9564	11.673	22.281	1057.2	-0.0090531	11.387	0.10531	liquid
22.410	25.954	68.376	0.014625	0.038826	0.044102	1.9564	11.673	22.281	1057.2	-0.0090531	11.387	0.10531	liquid
22.410	25.957	68.376	0.014625	0.038825	0.044102	1.9564	11.673	22.281	1057.2	-0.0090531	11.387	0.10531	liquid
22.410	25.960	68.376	0.014625	0.038825	0.044102	1.9564	11.673	22.281	1057.2	-0.0090532	11.387	0.10531	liquid
22.410	25.963	68.376	0.014625	0.038825	0.044103	1.9564	11.673	22.281	1057.2	-0.0090532	11.387	0.10531	liquid
22.410	25.966	68.376	0.014625	0.038825	0.044103	1.9564	11.673	22.281	1057.2	-0.0090533	11.387	0.10531	liquid
22.410	25.969	68.376	0.014625	0.038824	0.044103	1.9564	11.673	22.281	1057.2	-0.0090533	11.387	0.10531	liquid
22.410	25.972	68.376	0.014625	0.038824	0.044104	1.9563	11.673	22.281	1057.2	-0.0090533	11.387	0.10531	liquid
22.410	25.975	68.376	0.014625	0.038824	0.044104	1.9563	11.673	22.281	1057.2	-0.0090534	11.387	0.10531	liquid
22.410	25.978	68.376	0.014625	0.038824	0.044104	1.9563	11.673	22.281	1057.2	-0.0090534	11.387	0.10531	liquid
22.410	25.981	68.376	0.014625	0.038823	0.044105	1.9563	11.673	22.281	1057.2	-0.0090534	11.387	0.10531	liquid
22.410	25.984	68.376	0.014625	0.038823	0.044105	1.9563	11.673	22.281	1057.2	-0.0090535	11.387	0.10531	liquid
22.410	25.987	68.376	0.014625	0.038823	0.044105	1.9563	11.673	22.281	1057.2	-0.0090535	11.387	0.10532	liquid
22.410	25.990	68.376	0.014625	0.038822	0.044106	1.9563	11.673	22.281	1057.2	-0.0090536	11.387	0.10532	liquid
22.410	25.993	68.376	0.014625	0.038822	0.044106	1.9563	11.673	22.280	1057.2	-0.0090536	11.387	0.10532	liquid
22.410	25.996	68.376	0.014625	0.038822	0.044106	1.9562	11.673	22.280	1057.3	-0.0090536	11.387	0.10532	liquid
22.410	25.999	68.376	0.014625	0.038822	0.044107	1.9562	11.673	22.280	1057.3	-0.0090537	11.387	0.10532	liquid
22.410	26.002	68.376	0.014625	0.038821	0.044107	1.9562	11.673	22.280	1057.3	-0.0090537	11.387	0.10532	liquid
22.410	26.005	68.376	0.014625	0.038821	0.044107	1.9562	11.673	22.280	1057.3	-0.0090537	11.387	0.10532	liquid
22.410	26.008	68.376	0.014625	0.038821	0.044108	1.9562	11.673	22.280	1057.3	-0.0090538	11.387	0.10532	liquid
22.410	26.011	68.376	0.014625	0.038821	0.044108	1.9562	11.673	22.280	1057.3	-0.0090538	11.387	0.10532	liquid
22.410	26.014	68.376	0.014625	0.038820	0.044108	1.9562	11.673	22.280	1057.3	-0.0090538	11.387	0.10532	liquid
22.410	26.017	68.376	0.014625	0.038820	0.044109	1.9562	11.673	22.280	1057.3	-0.0090539	11.387	0.10532	liquid
22.410	26.020	68.376	0.014625	0.038820	0.044109	1.9561	11.673	22.280	1057.3	-0.0090539	11.387	0.10532	liquid
22.410	26.023	68.376	0.014625	0.038819	0.044109	1.9561	11.673	22.280	1057.3	-0.0090540	11.387	0.10532	liquid
22.410	26.026	68.377	0.014625	0.038819	0.044110	1.9561	11.673	22.280	1057.3	-0.0090540	11.387	0.10532	liquid
22.410	26.029	68.377	0.014625	0.038819	0.044110	1.9561	11.673	22.280	1057.3	-0.0090540	11.387	0.10532	liquid
22.410	26.032	68.377	0.014625	0.038819	0.044110	1.9561	11.673	22.280	1057.3	-0.0090541	11.387	0.10532	liquid
22.410	26.035	68.377	0.014625	0.038818	0.044111	1.9561	11.673	22.280	1057.3	-0.0090541	11.387	0.10532	liquid
22.410	26.038	68.377	0.014625	0.038818	0.044111	1.9561	11.673	22.280	1057.3	-0.0090541	11.387	0.10532	liquid
22.410	26.041	68.377	0.014625	0.038818	0.044111	1.9561	11.673	22.280	1057.3	-0.0090542	11.387	0.10532	liquid
22.410	26.044	68.377	0.014625	0.038818	0.044112	1.9561	11.673	22.280	1057.3	-0.0090542	11.387	0.10532	liquid
22.410	26.047	68.377	0.014625	0.038817	0.044112	1.9560	11.673	22.280	1057.3	-0.0090542	11.387	0.10532	liquid
22.410	26.050	68.377	0.014625	0.038817	0.044112	1.9560	11.673	22.280	1057.3	-0.0090543	11.387	0.10532	liquid
22.410	26.053	68.377	0.014625	0.038817	0.044113	1.9560	11.673	22.280	1057.3	-0.0090543	11.387	0.10532	liquid
22.410	26.056	68.377	0.014625	0.038817	0.044113	1.9560	11.673	22.280	1057.3	-0.0090544	11.387	0.10532	liquid
22.410	26.059	68.377	0.014625	0.038816	0.044113	1.9560	11.673	22.280	1057.3	-0.0090544	11.387	0.10532	liquid
22.410	26.062	68.377	0.014625	0.038816	0.044114	1.9560	11.673	22.280	1057.3	-0.0090544	11.387	0.10532	liquid
22.410	26.065	68.377	0.014625	0.038816	0.044114	1.9560	11.673	22.280	1057.3	-0.0090545	11.387	0.10532	liquid
22.410	26.068	68.377	0.014625	0.038815	0.044114	1.9560	11.673	22.280	1057.3	-0.0090545	11.387	0.10532	liquid
22.410	26.071	68.377	0.014625	0.038815	0.044115	1.9559	11.673	22.280	1057.3	-0.0090545	11.387	0.10532	liquid
22.410	26.074	68.377	0.014625	0.038815	0.044115	1.9559	11.673	22.280	1057.3	-0.0090546	11.387	0.10532	liquid
22.410	26.077	68.377	0.014625	0.038815	0.044115	1.9559	11.673	22.280	1057.3	-0.0090546	11.387	0.10532	liquid
22.410	26.080	68.377	0.014625	0.038814	0.044116	1.9559	11.673	22.279	1057.3	-0.0090546	11.387	0.10532	liquid
22.410	26.083	68.377	0.014625	0.038814	0.044116	1.9559	11.673	22.279	1057.3	-0.0090547	11.387	0.10532	liquid
22.410	26.086	68.377	0.014625	0.038814	0.044116	1.9559	11.673	22.279	1057.3	-0.0090547	11.387	0.10532	liquid
22.410	26.089	68.377	0.014625	0.038814	0.044117	1.9559	11.673	22.279	1057.3	-0.0090548	11.388	0.10532	liquid
22.410	26.092	68.377	0.014625	0.038813	0.044117	1.9559	11.673	22.279	1057.3	-0.0090548	11.388	0.10532	liquid
22.410	26.095	68.377	0.014625	0.038813	0.044117	1.9558	11.673	22.279	1057.3	-0.0090548	11.388	0.10532	liquid
22.410	26.098	68.377	0.014625	0.038813	0.044118	1.9558	11.673	22.279	1057.3	-0.0090549	11.388	0.10532	liquid
22.410	26.101	68.377	0.014625	0.038812	0.044118	1.9558	11.673	22.279	1057.3	-0.0090549	11.388	0.10532	liquid
22.410	26.104	68.377	0.014625	0.038812	0.044118	1.9558	11.673	22.279	1057.3	-0.0090549	11.388	0.10532	liquid
22.410	26.107	68.377	0.014625	0.038812	0.044119	1.9558	11.673	22.279	1057.3	-0.0090550	11.388	0.10532	liquid
22.410	26.110	68.378	0.014625	0.038812	0.044119	1.9558	11.673	22.279	1057.3	-0.0090550	11.388	0.10532	liquid
22.410	26.113	68.378	0.014625	0.038811	0.044119	1.9558	11.673	22.279	1057.3	-0.0090550	11.388	0.10532	liquid
22.410	26.116	68.378	0.014625	0.038811	0.044120	1.9558	11.673	22.279	1057.3	-0.0090551	11.388	0.10532	liquid
22.410	26.119	68.378	0.014625	0.038811	0.044120	1.9557	11.673	22.279	1057.3	-0.0090551	11.388	0.10532	liquid
22.410	26.122	68.378	0.014625	0.038811	0.044120	1.9557	11.673	22.279	1057.3	-0.0090552	11.388	0.10532	liquid
22.410	26.125	68.378	0.014625	0.038810	0.044121	1.9557	11.673	22.279	1057.3	-0.0090552	11.388	0.10532	liquid
22.410	26.128	68.378	0.014625	0.038810	0.044121	1.9557	11.673	22.279	1057.3	-0.0090552	11.388	0.10532	liquid
22.410	26.131	68.378	0.014625	0.038810	0.044121	1.9557	11.673	22.279	1057.3	-0.0090553	11.388	0.10532	liquid
22.410	26.134	68.378	0.014625	0.038809	0.044122	1.9557	11.673	22.279	1057.3	-0.0090553	11.388	0.10532	liquid
22.410	26.137	68.378	0.014625	0.038809	0.044122	1.9557	11.673	22.279	1057.3	-0.0090553	11.388	0.10532	liquid
22.410	26.140	68.378	0.014625	0.038809	0.044123	1.9557	11.673	22.279	1057.3	-0.0090554	11.388	0.10532	liquid
22.410	26.143	68.378	0.014625	0.038809	0.044123	1.9556	11.673	22.279	1057.3	-0.0090554	11.388	0.10532	liquid
22.410	26.146	68.378	0.014625	0.038808	0.044123	1.9556	11.673	22.279	1057.3	-0.0090554	11.388	0.10532	liquid
22.410	26.149	68.378	0.014625	0.038808	0.044124	1.9556	11.673	22.279	1057.3	-0.0090555	11.388	0.10532	liquid
22.410	26.152	68.378	0.014625	0.038808	0.044124	1.9556	11.673	22.279	1057.3	-0.0090555	11.388	0.10532	liquid
22.410	26.155	68.378	0.014625	0.038808	0.044124	1.9556	11.673	22.279	1057.3	-0.0090556	11.388	0.10532	liquid
22.410	26.158	68.378	0.014625	0.038807	0.044125	1.9556	11.673	22.279	1057.3	-0.0090556	11.388	0.10532	liquid
22.410	26.161	68.378	0.014625	0.038807	0.044125	1.9556	11.673	22.279	1057.3	-0.0090556	11.388	0.10532	liquid
22.410	26.164	68.378	0.014625	0.038807	0.044125	1.9556	11.673	22.279	1057.3	-0.0090557	11.388	0.10532	liquid
22.410	26.167	68.378	0.014625	0.038806	0.044126	1.9556	11.673	22.278	1057.3	-0.0090557	11.388	0.10532	liquid
22.410	26.170	68.378	0.014625	0.038806	0.044126	1.9555	11.673	22.278	1057.3	-0.0090557	11.388	0.10532	liquid
22.410	26.173	68.378	0.014625	0.038806	0.044126	1.9555	11.673	22.278	1057.3	-0.0090558	11.388	0.10532	liquid
22.410	26.176	68.378	0.014625	0.038806	0.044127	1.9555	11.673	22.278	1057.3	-0.0090558	11.388	0.10532	liquid
22.410	26.179	68.378	0.014625	0.038805	0.044127	1.9555	11.673	22.278	1057.3	-0.0090558	11.388	0.10532	liquid
22.410	26.182	68.378	0.014625	0.038805	0.044127	1.9555	11.673	22.278	1057.3	-0.0090559	11.388	0.10532	liquid
22.410	26.185	68.378	0.014625	0.038805	0.044128	1.9555	11.673	22.278	1057.3	-0.0090559	11.388	0.10532	liquid
22.410	26.188	68.378	0.014624	0.038805	0.044128	1.9555	11.673	22.278	1057.3	-0.0090560	11.388	0.10532	liquid
22.410	26.191	68.378	0.014624	0.038804	0.044128	1.9555	11.673	22.278	1057.3	-0.0090560	11.388	0.10532	liquid
22.410	26.194	68.379	0.014624	0.038804	0.044129	1.9554	11.673	22.278	1057.3	-0.0090560	11.388	0.10532	liquid
22.410	26.197	68.379	0.014624	0.038804	0.044129	1.9554	11.673	22.278	1057.3	-0.0090561	11.388	0.10532	liquid
22.410	26.200	68.379	0.014624	0.038804	0.044129	1.9554	11.673	22.278	1057.3	-0.0090561	11.388	0.10532	liquid
22.410	26.203	68.379	0.014624	0.038803	0.044130	1.9554	11.673	22.278	1057.3	-0.0090561	11.388	0.10532	liquid
22.410	26.206	68.379	0.014624	0.038803	0.044130	1.9554	11.673	22.278	1057.3	-0.0090562	11.388	0.10532	liquid
22.410	26.209	68.379	0.014624	0.038803	0.044130	1.9554	11.673	22.278	1057.3	-0.0090562	11.388	0.10532	liquid
22.410	26.212	68.379	0.014624	0.038802	0.044131	1.9554	11.673	22.278	1057.3	-0.0090563	11.388	0.10532	liquid
22.410	26.215	68.379	0.014624	0.038802	0.044131	1.9554	11.673	22.278	1057.3	-0.0090563	11.388	0.10532	liquid
22.410	26.218	68.379	0.014624	0.038802	0.044131	1.9553	11.673	22.278	1057.4	-0.0090563	11.388	0.10532	liquid
22.410	26.221	68.379	0.014624	0.038802	0.044132	1.9553	11.673	22.278	1057.4	-0.0090564	11.388	0.10532	liquid
22.410	26.224	68.379	0.014624	0.038801	0.044132	1.9553	11.673	22.278	1057.4	-0.0090564	11.388	0.10532	liquid
22.410	26.227	68.379	0.014624	0.038801	0.044132	1.9553	11.673	22.278	1057.4	-0.0090564	11.388	0.10532	liquid
22.410	26.230	68.379	0.014624	0.038801	0.044133	1.9553	11.673	22.278	1057.4	-0.0090565	11.388	0.10532	liquid
22.410	26.233	68.379	0.014624	0.038801	0.044133	1.9553	11.673	22.278	1057.4	-0.0090565	11.388	0.10532	liquid
22.410	26.236	68.379	0.014624	0.038800	0.044133	1.9553	11.673	22.278	1057.4	-0.0090565	11.388	0.10532	liquid
22.410	26.239	68.379	0.014624	0.038800	0.044134	1.9553	11.673	22.278	1057.4	-0.0090566	11.388	0.10532	liquid
22.410	26.242	68.379	0.014624	0.038800	0.044134	1.9552	11.673	22.278	1057.4	-0.0090566	11.388	0.10532	liquid
22.410	26.245	68.379	0.014624	0.038799	0.044134	1.9552	11.673	22.278	1057.4	-0.0090567	11.389	0.10532	liquid
22.410	26.248	68.379	0.014624	0.038799	0.044135	1.9552	11.673	22.278	1057.4	-0.0090567	11.389	0.10532	liquid
22.410	26.251	68.379	0.014624	0.038799	0.044135	1.9552	11.673	22.278	1057.4	-0.0090567	11.389	0.10532	liquid
22.410	26.254	68.379	0.014624	0.038799	0.044135	1.9552	11.673	22.278	1057.4	-0.0090568	11.389	0.10532	liquid
22.410	26.257	68.379	0.014624	0.038798	0.044136	1.9552	11.673	22.277	1057.4	-0.0090568	11.389	0.10532	liquid
22.410	26.260	68.379	0.014624	0.038798	0.044136	1.9552	11.673	22.277	1057.4	-0.0090568	11.389	0.10532	liquid
22.410	26.263	68.379	0.014624	0.038798	0.044136	1.9552	11.673	22.277	1057.4	-0.0090569	11.389	0.10532	liquid
22.410	26.266	68.379	0.014624	0.038798	0.044137	1.9551	11.673	22.277	1057.4	-0.0090569	11.389	0.10532	liquid
22.410	26.269	68.379	0.014624	0.038797	0.044137	1.9551	11.673	22.277	1057.4	-0.0090569	11.389	0.10532	liquid
22.410	26.272	68.379	0.014624	0.038797	0.044137	1.9551	11.673	22.277	1057.4	-0.0090570	11.389	0.10532	liquid
22.410	26.275	68.379	0.014624	0.038797	0.044138	1.9551	11.673	22.277	1057.4	-0.0090570	11.389	0.10532	liquid
22.410	26.278	68.379	0.014624	0.038796	0.044138	1.9551	11.673	22.277	1057.4	-0.0090571	11.389	0.10532	liquid
22.410	26.281	68.380	0.014624	0.038796	0.044138	1.9551	11.673	22.277	1057.4	-0.0090571	11.389	0.10532	liquid
22.410	26.284	68.380	0.014624	0.038796	0.044139	1.9551	11.673	22.277	1057.4	-0.0090571	11.389	0.10532	liquid
22.410	26.287	68.380	0.014624	0.038796	0.044139	1.9551	11.673	22.277	1057.4	-0.0090572	11.389	0.10532	liquid
22.410	26.290	68.380	0.014624	0.038795	0.044139	1.9551	11.673	22.277	1057.4	-0.0090572	11.389	0.10532	liquid
22.410	26.293	68.380	0.014624	0.038795	0.044140	1.9550	11.673	22.277	1057.4	-0.0090572	11.389	0.10532	liquid
22.410	26.296	68.380	0.014624	0.038795	0.044140	1.9550	11.673	22.277	1057.4	-0.0090573	11.389	0.10532	liquid
22.410	26.299	68.380	0.014624	0.038795	0.044140	1.9550	11.673	22.277	1057.4	-0.0090573	11.389	0.10532	liquid
22.410	26.302	68.380	0.014624	0.038794	0.044141	1.9550	11.673	22.277	1057.4	-0.0090573	11.389	0.10532	liquid
22.410	26.305	68.380	0.014624	0.038794	0.044141	1.9550	11.673	22.277	1057.4	-0.0090574	11.389	0.10532	liquid
22.410	26.308	68.380	0.014624	0.038794	0.044141	1.9550	11.673	22.277	1057.4	-0.0090574	11.389	0.10532	liquid
22.410	26.311	68.380	0.014624	0.038793	0.044142	1.9550	11.673	22.277	1057.4	-0.0090575	11.389	0.10532	liquid
22.410	26.314	68.380	0.014624	0.038793	0.044142	1.9550	11.673	22.277	1057.4	-0.0090575	11.389	0.10532	liquid
22.410	26.317	68.380	0.014624	0.038793	0.044142	1.9549	11.673	22.277	1057.4	-0.0090575	11.389	0.10532	liquid
22.410	26.320	68.380	0.014624	0.038793	0.044143	1.9549	11.673	22.277	1057.4	-0.0090576	11.389	0.10532	liquid
22.410	26.323	68.380	0.014624	0.038792	0.044143	1.9549	11.673	22.277	1057.4	-0.0090576	11.389	0.10532	liquid
22.410	26.326	68.380	0.014624	0.038792	0.044143	1.9549	11.673	22.277	1057.4	-0.0090576	11.389	0.10532	liquid
22.410	26.329	68.380	0.014624	0.038792	0.044144	1.9549	11.673	22.277	1057.4	-0.0090577	11.389	0.10532	liquid
22.410	26.332	68.380	0.014624	0.038792	0.044144	1.9549	11.673	22.277	1057.4	-0.0090577	11.389	0.10532	liquid
22.410	26.335	68.380	0.014624	0.038791	0.044144	1.9549	11.673	22.277	1057.4	-0.0090577	11.389	0.10532	liquid
22.410	26.338	68.380	0.014624	0.038791	0.044145	1.9549	11.673	22.277	1057.4	-0.0090578	11.389	0.10532	liquid
22.410	26.341	68.380	0.014624	0.038791	0.044145	1.9548	11.673	22.277	1057.4	-0.0090578	11.389	0.10532	liquid
22.410	26.344	68.380	0.014624	0.038791	0.044145	1.9548	11.673	22.276	1057.4	-0.0090579	11.389	0.10532	liquid
22.410	26.347	68.380	0.014624	0.038790	0.044146	1.9548	11.673	22.276	1057.4	-0.0090579	11.389	0.10532	liquid
22.410	26.350	68.380	0.014624	0.038790	0.044146	1.9548	11.673	22.276	1057.4	-0.0090579	11.389	0.10532	liquid
22.410	26.353	68.380	0.014624	0.038790	0.044146	1.9548	11.673	22.276	1057.4	-0.0090580	11.389	0.10532	liquid
22.410	26.356	68.380	0.014624	0.038789	0.044147	1.9548	11.673	22.276	1057.4	-0.0090580	11.389	0.10532	liquid
22.410	26.359	68.380	0.014624	0.038789	0.044147	1.9548	11.673	22.276	1057.4	-0.0090580	11.389	0.10532	liquid
22.410	26.362	68.380	0.014624	0.038789	0.044147	1.9548	11.673	22.276	1057.4	-0.0090581	11.389	0.10532	liquid
22.410	26.365	68.381	0.014624	0.038789	0.044148	1.9547	11.673	22.276	1057.4	-0.0090581	11.389	0.10532	liquid
22.410	26.368	68.381	0.014624	0.038788	0.044148	1.9547	11.673	22.276	1057.4	-0.0090581	11.389	0.10532	liquid
22.410	26.371	68.381	0.014624	0.038788	0.044148	1.9547	11.673	22.276	1057.4	-0.0090582	11.389	0.10532	liquid
22.410	26.374	68.381	0.014624	0.038788	0.044149	1.9547	11.673	22.276	1057.4	-0.0090582	11.389	0.10532	liquid
22.410	26.377	68.381	0.014624	0.038788	0.044149	1.9547	11.674	22.276	1057.4	-0.0090583	11.389	0.10532	liquid
22.410	26.380	68.381	0.014624	0.038787	0.044149	1.9547	11.674	22.276	1057.4	-0.0090583	11.389	0.10532	liquid
22.410	26.383	68.381	0.014624	0.038787	0.044150	1.9547	11.674	22.276	1057.4	-0.0090583	11.389	0.10532	liquid
22.410	26.386	68.381	0.014624	0.038787	0.044150	1.9547	11.674	22.276	1057.4	-0.0090584	11.389	0.10532	liquid
22.410	26.389	68.381	0.014624	0.038786	0.044150	1.9546	11.674	22.276	1057.4	-0.0090584	11.389	0.10532	liquid
22.410	26.392	68.381	0.014624	0.038786	0.044151	1.9546	11.674	22.276	1057.4	-0.0090584	11.389	0.10532	liquid
22.410	26.395	68.381	0.014624	0.038786	0.044151	1.9546	11.674	22.276	1057.4	-0.0090585	11.389	0.10532	liquid
22.410	26.398	68.381	0.014624	0.038786	0.044151	1.9546	11.674	22.276	1057.4	-0.0090585	11.389	0.10532	liquid
22.410	26.401	68.381	0.014624	0.038785	0.044152	1.9546	11.674	22.276	1057.4	-0.0090585	11.390	0.10532	liquid
22.410	26.404	68.381	0.014624	0.038785	0.044152	1.9546	11.674	22.276	1057.4	-0.0090586	11.390	0.10532	liquid
22.410	26.407	68.381	0.014624	0.038785	0.044152	1.9546	11.674	22.276	1057.4	-0.0090586	11.390	0.10532	liquid
22.410	26.410	68.381	0.014624	0.038785	0.044153	1.9546	11.674	22.276	1057.4	-0.0090587	11.390	0.10532	liquid
22.410	26.413	68.381	0.014624	0.038784	0.044153	1.9545	11.674	22.276	1057.4	-0.0090587	11.390	0.10532	liquid
22.410	26.416	68.381	0.014624	0.038784	0.044153	1.9545	11.674	22.276	1057.4	-0.0090587	11.390	0.10532	liquid
22.410	26.419	68.381	0.014624	0.038784	0.044154	1.9545	11.674	22.276	1057.4	-0.0090588	11.390	0.10532	liquid
22.410	26.422	68.381	0.014624	0.038783	0.044154	1.9545	11.674	22.276	1057.4	-0.0090588	11.390	0.10532	liquid
22.410	26.425	68.381	0.014624	0.038783	0.044154	1.9545	11.674	22.276	1057.4	-0.0090588	11.390	0.10532	liquid
22.410	26.428	68.381	0.014624	0.038783	0.044155	1.9545	11.674	22.276	1057.4	-0.0090589	11.390	0.10533	liquid
22.410	26.431	68.381	0.014624	0.038783	0.044155	1.9545	11.674	22.276	1057.4	-0.0090589	11.390	0.10533	liquid
22.410	26.434	68.381	0.014624	0.038782	0.044155	1.9545	11.674	22.275	1057.4	-0.0090589	11.390	0.10533	liquid
22.410	26.437	68.381	0.014624	0.038782	0.044156	1.9545	11.674	22.275	1057.4	-0.0090590	11.390	0.10533	liquid
22.410	26.440	68.381	0.014624	0.038782	0.044156	1.9544	11.674	22.275	1057.5	-0.0090590	11.390	0.10533	liquid
22.410	26.443	68.381	0.014624	0.038782	0.044156	1.9544	11.674	22.275	1057.5	-0.0090591	11.390	0.10533	liquid
22.410	26.446	68.381	0.014624	0.038781	0.044157	1.9544	11.674	22.275	1057.5	-0.0090591	11.390	0.10533	liquid
22.410	26.449	68.382	0.014624	0.038781	0.044157	1.9544	11.674	22.275	1057.5	-0.0090591	11.390	0.10533	liquid
22.410	26.452	68.382	0.014624	0.038781	0.044157	1.9544	11.674	22.275	1057.5	-0.0090592	11.390	0.10533	liquid
22.410	26.455	68.382	0.014624	0.038781	0.044158	1.9544	11.674	22.275	1057.5	-0.0090592	11.390	0.10533	liquid
22.410	26.458	68.382	0.014624	0.038780	0.044158	1.9544	11.674	22.275	1057.5	-0.0090592	11.390	0.10533	liquid
22.410	26.461	68.382	0.014624	0.038780	0.044158	1.9544	11.674	22.275	1057.5	-0.0090593	11.390	0.10533	liquid
22.410	26.464	68.382	0.014624	0.038780	0.044159	1.9543	11.674	22.275	1057.5	-0.0090593	11.390	0.10533	liquid
22.410	26.467	68.382	0.014624	0.038779	0.044159	1.9543	11.674	22.275	1057.5	-0.0090593	11.390	0.10533	liquid
22.410	26.470	68.382	0.014624	0.038779	0.044159	1.9543	11.674	22.275	1057.5	-0.0090594	11.390	0.10533	liquid
22.410	26.473	68.382	0.014624	0.038779	0.044160	1.9543	11.674	22.275	1057.5	-0.0090594	11.390	0.10533	liquid
22.410	26.476	68.382	0.014624	0.038779	0.044160	1.9543	11.674	22.275	1057.5	-0.0090595	11.390	0.10533	liquid
22.410	26.479	68.382	0.014624	0.038778	0.044161	1.9543	11.674	22.275	1057.5	-0.0090595	11.390	0.10533	liquid
22.410	26.482	68.382	0.014624	0.038778	0.044161	1.9543	11.674	22.275	1057.5	-0.0090595	11.390	0.10533	liquid
22.410	26.485	68.382	0.014624	0.038778	0.044161	1.9543	11.674	22.275	1057.5	-0.0090596	11.390	0.10533	liquid
22.410	26.488	68.382	0.014624	0.038778	0.044162	1.9542	11.674	22.275	1057.5	-0.0090596	11.390	0.10533	liquid
22.410	26.491	68.382	0.014624	0.038777	0.044162	1.9542	11.674	22.275	1057.5	-0.0090596	11.390	0.10533	liquid
22.410	26.494	68.382	0.014624	0.038777	0.044162	1.9542	11.674	22.275	1057.5	-0.0090597	11.390	0.10533	liquid
22.410	26.497	68.382	0.014624	0.038777	0.044163	1.9542	11.674	22.275	1057.5	-0.0090597	11.390	0.10533	liquid
22.410	26.500	68.382	0.014624	0.038776	0.044163	1.9542	11.674	22.275	1057.5	-0.0090597	11.390	0.10533	liquid
22.410	26.503	68.382	0.014624	0.038776	0.044163	1.9542	11.674	22.275	1057.5	-0.0090598	11.390	0.10533	liquid
22.410	26.506	68.382	0.014624	0.038776	0.044164	1.9542	11.674	22.275	1057.5	-0.0090598	11.390	0.10533	liquid
22.410	26.509	68.382	0.014624	0.038776	0.044164	1.9542	11.674	22.275	1057.5	-0.0090599	11.390	0.10533	liquid
22.410	26.512	68.382	0.014624	0.038775	0.044164	1.9541	11.674	22.275	1057.5	-0.0090599	11.390	0.10533	liquid
22.410	26.515	68.382	0.014624	0.038775	0.044165	1.9541	11.674	22.275	1057.5	-0.0090599	11.390	0.10533	liquid
22.410	26.518	68.382	0.014624	0.038775	0.044165	1.9541	11.674	22.275	1057.5	-0.0090600	11.390	0.10533	liquid
22.410	26.521	68.382	0.014624	0.038775	0.044165	1.9541	11.674	22.274	1057.5	-0.0090600	11.390	0.10533	liquid
22.410	26.524	68.382	0.014624	0.038774	0.044166	1.9541	11.674	22.274	1057.5	-0.0090600	11.390	0.10533	liquid
22.410	26.527	68.382	0.014624	0.038774	0.044166	1.9541	11.674	22.274	1057.5	-0.0090601	11.390	0.10533	liquid
22.410	26.530	68.382	0.014624	0.038774	0.044166	1.9541	11.674	22.274	1057.5	-0.0090601	11.390	0.10533	liquid
22.410	26.533	68.382	0.014624	0.038773	0.044167	1.9541	11.674	22.274	1057.5	-0.0090602	11.390	0.10533	liquid
22.410	26.536	68.383	0.014624	0.038773	0.044167	1.9540	11.674	22.274	1057.5	-0.0090602	11.390	0.10533	liquid
22.410	26.539	68.383	0.014624	0.038773	0.044167	1.9540	11.674	22.274	1057.5	-0.0090602	11.390	0.10533	liquid
22.410	26.542	68.383	0.014624	0.038773	0.044168	1.9540	11.674	22.274	1057.5	-0.0090603	11.390	0.10533	liquid
22.410	26.545	68.383	0.014624	0.038772	0.044168	1.9540	11.674	22.274	1057.5	-0.0090603	11.390	0.10533	liquid
22.410	26.548	68.383	0.014624	0.038772	0.044168	1.9540	11.674	22.274	1057.5	-0.0090603	11.390	0.10533	liquid
22.410	26.551	68.383	0.014624	0.038772	0.044169	1.9540	11.674	22.274	1057.5	-0.0090604	11.390	0.10533	liquid
22.410	26.554	68.383	0.014624	0.038772	0.044169	1.9540	11.674	22.274	1057.5	-0.0090604	11.390	0.10533	liquid
22.410	26.557	68.383	0.014624	0.038771	0.044169	1.9540	11.674	22.274	1057.5	-0.0090604	11.391	0.10533	liquid
22.410	26.560	68.383	0.014624	0.038771	0.044170	1.9540	11.674	22.274	1057.5	-0.0090605	11.391	0.10533	liquid
22.410	26.563	68.383	0.014624	0.038771	0.044170	1.9539	11.674	22.274	1057.5	-0.0090605	11.391	0.10533	liquid
22.410	26.566	68.383	0.014624	0.038770	0.044170	1.9539	11.674	22.274	1057.5	-0.0090606	11.391	0.10533	liquid
22.410	26.569	68.383	0.014624	0.038770	0.044171	1.9539	11.674	22.274	1057.5	-0.0090606	11.391	0.10533	liquid
22.410	26.572	68.383	0.014624	0.038770	0.044171	1.9539	11.674	22.274	1057.5	-0.0090606	11.391	0.10533	liquid
22.410	26.575	68.383	0.014624	0.038770	0.044171	1.9539	11.674	22.274	1057.5	-0.0090607	11.391	0.10533	liquid
22.410	26.578	68.383	0.014624	0.038769	0.044172	1.9539	11.674	22.274	1057.5	-0.0090607	11.391	0.10533	liquid
22.410	26.581	68.383	0.014624	0.038769	0.044172	1.9539	11.674	22.274	1057.5	-0.0090607	11.391	0.10533	liquid
22.410	26.584	68.383	0.014623	0.038769	0.044172	1.9539	11.674	22.274	1057.5	-0.0090608	11.391	0.10533	liquid
22.410	26.587	68.383	0.014623	0.038769	0.044173	1.9538	11.674	22.274	1057.5	-0.0090608	11.391	0.10533	liquid
22.410	26.590	68.383	0.014623	0.038768	0.044173	1.9538	11.674	22.274	1057.5	-0.0090608	11.391	0.10533	liquid
22.410	26.593	68.383	0.014623	0.038768	0.044173	1.9538	11.674	22.274	1057.5	-0.0090609	11.391	0.10533	liquid
22.410	26.596	68.383	0.014623	0.038768	0.044174	1.9538	11.674	22.274	1057.5	-0.0090609	11.391	0.10533	liquid
22.410	26.599	68.383	0.014623	0.038768	0.044174	1.9538	11.674	22.274	1057.5	-0.0090610	11.391	0.10533	liquid
22.410	26.602	68.383	0.014623	0.038767	0.044174	1.9538	11.674	22.274	1057.5	-0.0090610	11.391	0.10533	liquid
22.410	26.605	68.383	0.014623	0.038767	0.044175	1.9538	11.674	22.274	1057.5	-0.0090610	11.391	0.10533	liquid
22.410	26.608	68.383	0.014623	0.038767	0.044175	1.9538	11.674	22.273	1057.5	-0.0090611	11.391	0.10533	liquid
22.410	26.611	68.383	0.014623	0.038766	0.044175	1.9537	11.674	22.273	1057.5	-0.0090611	11.391	0.10533	liquid
22.410	26.614	68.383	0.014623	0.038766	0.044176	1.9537	11.674	22.273	1057.5	-0.0090611	11.391	0.10533	liquid
22.410	26.617	68.383	0.014623	0.038766	0.044176	1.9537	11.674	22.273	1057.5	-0.0090612	11.391	0.10533	liquid
22.410	26.620	68.384	0.014623	0.038766	0.044176	1.9537	11.674	22.273	1057.5	-0.0090612	11.391	0.10533	liquid
22.410	26.623	68.384	0.014623	0.038765	0.044177	1.9537	11.674	22.273	1057.5	-0.0090612	11.391	0.10533	liquid
22.410	26.626	68.384	0.014623	0.038765	0.044177	1.9537	11.674	22.273	1057.5	-0.0090613	11.391	0.10533	liquid
22.410	26.629	68.384	0.014623	0.038765	0.044177	1.9537	11.674	22.273	1057.5	-0.0090613	11.391	0.10533	liquid
22.410	26.632	68.384	0.014623	0.038765	0.044178	1.9537	11.674	22.273	1057.5	-0.0090614	11.391	0.10533	liquid
22.410	26.635	68.384	0.014623	0.038764	0.044178	1.9536	11.674	22.273	1057.5	-0.0090614	11.391	0.10533	liquid
22.410	26.638	68.384	0.014623	0.038764	0.044178	1.9536	11.674	22.273	1057.5	-0.0090614	11.391	0.10533	liquid
22.410	26.641	68.384	0.014623	0.038764	0.044179	1.9536	11.674	22.273	1057.5	-0.0090615	11.391	0.10533	liquid
22.410	26.644	68.384	0.014623	0.038763	0.044179	1.9536	11.674	22.273	1057.5	-0.0090615	11.391	0.10533	liquid
22.410	26.647	68.384	0.014623	0.038763	0.044179	1.9536	11.674	22.273	1057.5	-0.0090615	11.391	0.10533	liquid
22.410	26.650	68.384	0.014623	0.038763	0.044180	1.9536	11.674	22.273	1057.5	-0.0090616	11.391	0.10533	liquid
22.410	26.653	68.384	0.014623	0.038763	0.044180	1.9536	11.674	22.273	1057.5	-0.0090616	11.391	0.10533	liquid
22.410	26.656	68.384	0.014623	0.038762	0.044180	1.9536	11.674	22.273	1057.5	-0.0090616	11.391	0.10533	liquid
22.410	26.659	68.384	0.014623	0.038762	0.044181	1.9535	11.674	22.273	1057.6	-0.0090617	11.391	0.10533	liquid
22.410	26.662	68.384	0.014623	0.038762	0.044181	1.9535	11.674	22.273	1057.6	-0.0090617	11.391	0.10533	liquid
22.410	26.665	68.384	0.014623	0.038762	0.044181	1.9535	11.674	22.273	1057.6	-0.0090618	11.391	0.10533	liquid
22.410	26.668	68.384	0.014623	0.038761	0.044182	1.9535	11.674	22.273	1057.6	-0.0090618	11.391	0.10533	liquid
22.410	26.671	68.384	0.014623	0.038761	0.044182	1.9535	11.674	22.273	1057.6	-0.0090618	11.391	0.10533	liquid
22.410	26.674	68.384	0.014623	0.038761	0.044182	1.9535	11.674	22.273	1057.6	-0.0090619	11.391	0.10533	liquid
22.410	26.677	68.384	0.014623	0.038760	0.044183	1.9535	11.674	22.273	1057.6	-0.0090619	11.391	0.10533	liquid
22.410	26.680	68.384	0.014623	0.038760	0.044183	1.9535	11.674	22.273	1057.6	-0.0090619	11.391	0.10533	liquid
22.410	26.683	68.384	0.014623	0.038760	0.044183	1.9535	11.674	22.273	1057.6	-0.0090620	11.391	0.10533	liquid
22.410	26.686	68.384	0.014623	0.038760	0.044184	1.9534	11.674	22.273	1057.6	-0.0090620	11.391	0.10533	liquid
22.410	26.689	68.384	0.014623	0.038759	0.044184	1.9534	11.674	22.273	1057.6	-0.0090620	11.391	0.10533	liquid
22.410	26.692	68.384	0.014623	0.038759	0.044184	1.9534	11.674	22.273	1057.6	-0.0090621	11.391	0.10533	liquid
22.410	26.695	68.384	0.014623	0.038759	0.044185	1.9534	11.674	22.273	1057.6	-0.0090621	11.391	0.10533	liquid
22.410	26.698	68.384	0.014623	0.038759	0.044185	1.9534	11.674	22.272	1057.6	-0.0090622	11.391	0.10533	liquid
22.410	26.701	68.384	0.014623	0.038758	0.044185	1.9534	11.674	22.272	1057.6	-0.0090622	11.391	0.10533	liquid
22.410	26.704	68.385	0.014623	0.038758	0.044186	1.9534	11.674	22.272	1057.6	-0.0090622	11.391	0.10533	liquid
22.410	26.707	68.385	0.014623	0.038758	0.044186	1.9534	11.674	22.272	1057.6	-0.0090623	11.391	0.10533	liquid
22.410	26.710	68.385	0.014623	0.038757	0.044186	1.9533	11.674	22.272	1057.6	-0.0090623	11.391	0.10533	liquid
22.410	26.713	68.385	0.014623	0.038757	0.044187	1.9533	11.674	22.272	1057.6	-0.0090623	11.392	0.10533	liquid
22.410	26.716	68.385	0.014623	0.038757	0.044187	1.9533	11.674	22.272	1057.6	-0.0090624	11.392	0.10533	liquid
22.410	26.719	68.385	0.014623	0.038757	0.044187	1.9533	11.674	22.272	1057.6	-0.0090624	11.392	0.10533	liquid
22.410	26.722	68.385	0.014623	0.038756	0.044188	1.9533	11.674	22.272	1057.6	-0.0090624	11.392	0.10533	liquid
22.410	26.725	68.385	0.014623	0.038756	0.044188	1.9533	11.674	22.272	1057.6	-0.0090625	11.392	0.10533	liquid
22.410	26.728	68.385	0.014623	0.038756	0.044188	1.9533	11.674	22.272	1057.6	-0.0090625	11.392	0.10533	liquid
22.410	26.731	68.385	0.014623	0.038756	0.044189	1.9533	11.674	22.272	1057.6	-0.0090626	11.392	0.10533	liquid
22.410	26.734	68.385	0.014623	0.038755	0.044189	1.9532	11.674	22.272	1057.6	-0.0090626	11.392	0.10533	liquid
22.410	26.737	68.385	0.014623	0.038755	0.044189	1.9532	11.674	22.272	1057.6	-0.0090626	11.392	0.10533	liquid
22.410	26.740	68.385	0.014623	0.038755	0.044190	1.9532	11.674	22.272	1057.6	-0.0090627	11.392	0.10533	liquid
22.410	26.743	68.385	0.014623	0.038755	0.044190	1.9532	11.674	22.272	1057.6	-0.0090627	11.392	0.10533	liquid
22.410	26.746	68.385	0.014623	0.038754	0.044190	1.9532	11.674	22.272	1057.6	-0.0090627	11.392	0.10533	liquid
22.410	26.749	68.385	0.014623	0.038754	0.044191	1.9532	11.674	22.272	1057.6	-0.0090628	11.392	0.10533	liquid
22.410	26.752	68.385	0.014623	0.038754	0.044191	1.9532	11.674	22.272	1057.6	-0.0090628	11.392	0.10533	liquid
22.410	26.755	68.385	0.014623	0.038753	0.044191	1.9532	11.674	22.272	1057.6	-0.0090628	11.392	0.10533	liquid
22.410	26.758	68.385	0.014623	0.038753	0.044192	1.9531	11.674	22.272	1057.6	-0.0090629	11.392	0.10533	liquid
22.410	26.761	68.385	0.014623	0.038753	0.044192	1.9531	11.674	22.272	1057.6	-0.0090629	11.392	0.10533	liquid
22.410	26.764	68.385	0.014623	0.038753	0.044192	1.9531	11.674	22.272	1057.6	-0.0090630	11.392	0.10533	liquid
22.410	26.767	68.385	0.014623	0.038752	0.044193	1.9531	11.674	22.272	1057.6	-0.0090630	11.392	0.10533	liquid
22.410	26.770	68.385	0.014623	0.038752	0.044193	1.9531	11.674	22.272	1057.6	-0.0090630	11.392	0.10533	liquid
22.410	26.773	68.385	0.014623	0.038752	0.044193	1.9531	11.674	22.272	1057.6	-0.0090631	11.392	0.10533	liquid
22.410	26.776	68.385	0.014623	0.038752	0.044194	1.9531	11.674	22.272	1057.6	-0.0090631	11.392	0.10533	liquid
22.410	26.779	68.385	0.014623	0.038751	0.044194	1.9531	11.674	22.272	1057.6	-0.0090631	11.392	0.10533	liquid
22.410	26.782	68.385	0.014623	0.038751	0.044194	1.9530	11.674	22.272	1057.6	-0.0090632	11.392	0.10533	liquid
22.410	26.785	68.385	0.014623	0.038751	0.044195	1.9530	11.674	22.271	1057.6	-0.0090632	11.392	0.10533	liquid
22.410	26.788	68.385	0.014623	0.038750	0.044195	1.9530	11.674	22.271	1057.6	-0.0090632	11.392	0.10533	liquid
22.410	26.791	68.386	0.014623	0.038750	0.044195	1.9530	11.674	22.271	1057.6	-0.0090633	11.392	0.10533	liquid
22.410	26.794	68.386	0.014623	0.038750	0.044196	1.9530	11.674	22.271	1057.6	-0.0090633	11.392	0.10533	liquid
22.410	26.797	68.386	0.014623	0.038750	0.044196	1.9530	11.674	22.271	1057.6	-0.0090634	11.392	0.10533	liquid
22.410	26.800	68.386	0.014623	0.038749	0.044196	1.9530	11.674	22.271	1057.6	-0.0090634	11.392	0.10533	liquid
22.410	26.803	68.386	0.014623	0.038749	0.044197	1.9530	11.674	22.271	1057.6	-0.0090634	11.392	0.10533	liquid
22.410	26.806	68.386	0.014623	0.038749	0.044197	1.9530	11.674	22.271	1057.6	-0.0090635	11.392	0.10533	liquid
22.410	26.809	68.386	0.014623	0.038749	0.044198	1.9529	11.674	22.271	1057.6	-0.0090635	11.392	0.10533	liquid
22.410	26.812	68.386	0.014623	0.038748	0.044198	1.9529	11.674	22.271	1057.6	-0.0090635	11.392	0.10533	liquid
22.410	26.815	68.386	0.014623	0.038748	0.044198	1.9529	11.674	22.271	1057.6	-0.0090636	11.392	0.10533	liquid
22.410	26.818	68.386	0.014623	0.038748	0.044199	1.9529	11.674	22.271	1057.6	-0.0090636	11.392	0.10533	liquid
22.410	26.821	68.386	0.014623	0.038747	0.044199	1.9529	11.674	22.271	1057.6	-0.0090636	11.392	0.10533	liquid
22.410	26.824	68.386	0.014623	0.038747	0.044199	1.9529	11.674	22.271	1057.6	-0.0090637	11.392	0.10533	liquid
22.410	26.827	68.386	0.014623	0.038747	0.044200	1.9529	11.674	22.271	1057.6	-0.0090637	11.392	0.10533	liquid
22.410	26.830	68.386	0.014623	0.038747	0.044200	1.9529	11.674	22.271	1057.6	-0.0090638	11.392	0.10533	liquid
22.410	26.833	68.386	0.014623	0.038746	0.044200	1.9528	11.674	22.271	1057.6	-0.0090638	11.392	0.10533	liquid
22.410	26.836	68.386	0.014623	0.038746	0.044201	1.9528	11.674	22.271	1057.6	-0.0090638	11.392	0.10533	liquid
22.410	26.839	68.386	0.014623	0.038746	0.044201	1.9528	11.674	22.271	1057.6	-0.0090639	11.392	0.10533	liquid
22.410	26.842	68.386	0.014623	0.038746	0.044201	1.9528	11.674	22.271	1057.6	-0.0090639	11.392	0.10533	liquid
22.410	26.845	68.386	0.014623	0.038745	0.044202	1.9528	11.674	22.271	1057.6	-0.0090639	11.392	0.10533	liquid
22.410	26.848	68.386	0.014623	0.038745	0.044202	1.9528	11.674	22.271	1057.6	-0.0090640	11.392	0.10533	liquid
22.410	26.851	68.386	0.014623	0.038745	0.044202	1.9528	11.674	22.271	1057.6	-0.0090640	11.392	0.10533	liquid
22.410	26.854	68.386	0.014623	0.038745	0.044203	1.9528	11.674	22.271	1057.6	-0.0090640	11.392	0.10533	liquid
22.410	26.857	68.386	0.014623	0.038744	0.044203	1.9527	11.674	22.271	1057.6	-0.0090641	11.392	0.10533	liquid
22.410	26.860	68.386	0.014623	0.038744	0.044203	1.9527	11.674	22.271	1057.6	-0.0090641	11.392	0.10533	liquid
22.410	26.863	68.386	0.014623	0.038744	0.044204	1.9527	11.674	22.271	1057.6	-0.0090642	11.392	0.10533	liquid
22.410	26.866	68.386	0.014623	0.038743	0.044204	1.9527	11.674	22.271	1057.6	-0.0090642	11.392	0.10533	liquid
22.410	26.869	68.386	0.014623	0.038743	0.044204	1.9527	11.674	22.271	1057.6	-0.0090642	11.393	0.10534	liquid
22.410	26.872	68.386	0.014623	0.038743	0.044205	1.9527	11.674	22.271	1057.6	-0.0090643	11.393	0.10534	liquid
22.410	26.875	68.387	0.014623	0.038743	0.044205	1.9527	11.674	22.270	1057.6	-0.0090643	11.393	0.10534	liquid
22.410	26.878	68.387	0.014623	0.038742	0.044205	1.9527	11.674	22.270	1057.6	-0.0090643	11.393	0.10534	liquid
22.410	26.881	68.387	0.014623	0.038742	0.044206	1.9526	11.674	22.270	1057.7	-0.0090644	11.393	0.10534	liquid
22.410	26.884	68.387	0.014623	0.038742	0.044206	1.9526	11.674	22.270	1057.7	-0.0090644	11.393	0.10534	liquid
22.410	26.887	68.387	0.014623	0.038742	0.044206	1.9526	11.674	22.270	1057.7	-0.0090644	11.393	0.10534	liquid
22.410	26.890	68.387	0.014623	0.038741	0.044207	1.9526	11.674	22.270	1057.7	-0.0090645	11.393	0.10534	liquid
22.410	26.893	68.387	0.014623	0.038741	0.044207	1.9526	11.674	22.270	1057.7	-0.0090645	11.393	0.10534	liquid
22.410	26.896	68.387	0.014623	0.038741	0.044207	1.9526	11.674	22.270	1057.7	-0.0090646	11.393	0.10534	liquid
22.410	26.899	68.387	0.014623	0.038740	0.044208	1.9526	11.674	22.270	1057.7	-0.0090646	11.393	0.10534	liquid
22.410	26.902	68.387	0.014623	0.038740	0.044208	1.9526	11.674	22.270	1057.7	-0.0090646	11.393	0.10534	liquid
22.410	26.905	68.387	0.014623	0.038740	0.044208	1.9525	11.674	22.270	1057.7	-0.0090647	11.393	0.10534	liquid
22.410	26.908	68.387	0.014623	0.038740	0.044209	1.9525	11.674	22.270	1057.7	-0.0090647	11.393	0.10534	liquid
22.410	26.911	68.387	0.014623	0.038739	0.044209	1.9525	11.674	22.270	1057.7	-0.0090647	11.393	0.10534	liquid
22.410	26.914	68.387	0.014623	0.038739	0.044209	1.9525	11.674	22.270	1057.7	-0.0090648	11.393	0.10534	liquid
22.410	26.917	68.387	0.014623	0.038739	0.044210	1.9525	11.674	22.270	1057.7	-0.0090648	11.393	0.10534	liquid
22.410	26.920	68.387	0.014623	0.038739	0.044210	1.9525	11.674	22.270	1057.7	-0.0090648	11.393	0.10534	liquid
22.410	26.923	68.387	0.014623	0.038738	0.044210	1.9525	11.674	22.270	1057.7	-0.0090649	11.393	0.10534	liquid
22.410	26.926	68.387	0.014623	0.038738	0.044211	1.9525	11.674	22.270	1057.7	-0.0090649	11.393	0.10534	liquid
22.410	26.929	68.387	0.014623	0.038738	0.044211	1.9525	11.674	22.270	1057.7	-0.0090650	11.393	0.10534	liquid
22.410	26.932	68.387	0.014623	0.038737	0.044211	1.9524	11.674	22.270	1057.7	-0.0090650	11.393	0.10534	liquid
22.410	26.935	68.387	0.014623	0.038737	0.044212	1.9524	11.674	22.270	1057.7	-0.0090650	11.393	0.10534	liquid
22.410	26.938	68.387	0.014623	0.038737	0.044212	1.9524	11.674	22.270	1057.7	-0.0090651	11.393	0.10534	liquid
22.410	26.941	68.387	0.014623	0.038737	0.044212	1.9524	11.674	22.270	1057.7	-0.0090651	11.393	0.10534	liquid
22.410	26.944	68.387	0.014623	0.038736	0.044213	1.9524	11.674	22.270	1057.7	-0.0090651	11.393	0.10534	liquid
22.410	26.947	68.387	0.014623	0.038736	0.044213	1.9524	11.674	22.270	1057.7	-0.0090652	11.393	0.10534	liquid
22.410	26.950	68.387	0.014623	0.038736	0.044213	1.9524	11.674	22.270	1057.7	-0.0090652	11.393	0.10534	liquid
22.410	26.953	68.387	0.014623	0.038736	0.044214	1.9524	11.674	22.270	1057.7	-0.0090652	11.393	0.10534	liquid
22.410	26.956	68.387	0.014623	0.038735	0.044214	1.9523	11.674	22.270	1057.7	-0.0090653	11.393	0.10534	liquid
22.410	26.959	68.388	0.014623	0.038735	0.044214	1.9523	11.674	22.270	1057.7	-0.0090653	11.393	0.10534	liquid
22.410	26.962	68.388	0.014623	0.038735	0.044215	1.9523	11.674	22.269	1057.7	-0.0090654	11.393	0.10534	liquid
22.410	26.965	68.388	0.014623	0.038735	0.044215	1.9523	11.674	22.269	1057.7	-0.0090654	11.393	0.10534	liquid
22.410	26.968	68.388	0.014623	0.038734	0.044215	1.9523	11.674	22.269	1057.7	-0.0090654	11.393	0.10534	liquid
22.410	26.971	68.388	0.014623	0.038734	0.044216	1.9523	11.674	22.269	1057.7	-0.0090655	11.393	0.10534	liquid
22.410	26.974	68.388	0.014623	0.038734	0.044216	1.9523	11.674	22.269	1057.7	-0.0090655	11.393	0.10534	liquid
22.410	26.977	68.388	0.014623	0.038733	0.044216	1.9523	11.674	22.269	1057.7	-0.0090655	11.393	0.10534	liquid
22.410	26.980	68.388	0.014623	0.038733	0.044217	1.9522	11.674	22.269	1057.7	-0.0090656	11.393	0.10534	liquid
22.410	26.983	68.388	0.014622	0.038733	0.044217	1.9522	11.674	22.269	1057.7	-0.0090656	11.393	0.10534	liquid
22.410	26.986	68.388	0.014622	0.038733	0.044217	1.9522	11.674	22.269	1057.7	-0.0090656	11.393	0.10534	liquid
22.410	26.989	68.388	0.014622	0.038732	0.044218	1.9522	11.674	22.269	1057.7	-0.0090657	11.393	0.10534	liquid
22.410	26.992	68.388	0.014622	0.038732	0.044218	1.9522	11.674	22.269	1057.7	-0.0090657	11.393	0.10534	liquid
22.410	26.995	68.388	0.014622	0.038732	0.044218	1.9522	11.674	22.269	1057.7	-0.0090658	11.393	0.10534	liquid
22.410	26.998	68.388	0.014622	0.038732	0.044219	1.9522	11.674	22.269	1057.7	-0.0090658	11.393	0.10534	liquid
22.410	27.001	68.388	0.014622	0.038731	0.044219	1.9522	11.674	22.269	1057.7	-0.0090658	11.393	0.10534	liquid
22.410	27.004	68.388	0.014622	0.038731	0.044219	1.9521	11.674	22.269	1057.7	-0.0090659	11.393	0.10534	liquid
22.410	27.007	68.388	0.014622	0.038731	0.044220	1.9521	11.674	22.269	1057.7	-0.0090659	11.393	0.10534	liquid
22.410	27.010	68.388	0.014622	0.038730	0.044220	1.9521	11.674	22.269	1057.7	-0.0090659	11.393	0.10534	liquid
22.410	27.013	68.388	0.014622	0.038730	0.044220	1.9521	11.674	22.269	1057.7	-0.0090660	11.393	0.10534	liquid
22.410	27.016	68.388	0.014622	0.038730	0.044221	1.9521	11.674	22.269	1057.7	-0.0090660	11.393	0.10534	liquid
22.410	27.019	68.388	0.014622	0.038730	0.044221	1.9521	11.674	22.269	1057.7	-0.0090660	11.393	0.10534	liquid
22.410	27.022	68.388	0.014622	0.038729	0.044221	1.9521	11.674	22.269	1057.7	-0.0090661	11.393	0.10534	liquid
22.410	27.025	68.388	0.014622	0.038729	0.044222	1.9521	11.674	22.269	1057.7	-0.0090661	11.394	0.10534	liquid
22.410	27.028	68.388	0.014622	0.038729	0.044222	1.9520	11.674	22.269	1057.7	-0.0090662	11.394	0.10534	liquid
22.410	27.031	68.388	0.014622	0.038729	0.044222	1.9520	11.674	22.269	1057.7	-0.0090662	11.394	0.10534	liquid
22.410	27.034	68.388	0.014622	0.038728	0.044223	1.9520	11.674	22.269	1057.7	-0.0090662	11.394	0.10534	liquid
22.410	27.037	68.388	0.014622	0.038728	0.044223	1.9520	11.674	22.269	1057.7	-0.0090663	11.394	0.10534	liquid
22.410	27.040	68.388	0.014622	0.038728	0.044223	1.9520	11.674	22.269	1057.7	-0.0090663	11.394	0.10534	liquid
22.410	27.043	68.388	0.014622	0.038727	0.044224	1.9520	11.674	22.269	1057.7	-0.0090663	11.394	0.10534	liquid
22.410	27.046	68.389	0.014622	0.038727	0.044224	1.9520	11.674	22.269	1057.7	-0.0090664	11.394	0.10534	liquid
22.410	27.049	68.389	0.014622	0.038727	0.044224	1.9520	11.674	22.269	1057.7	-0.0090664	11.394	0.10534	liquid
22.410	27.052	68.389	0.014622	0.038727	0.044225	1.9520	11.674	22.268	1057.7	-0.0090664	11.394	0.10534	liquid
22.410	27.055	68.389	0.014622	0.038726	0.044225	1.9519	11.674	22.268	1057.7	-0.0090665	11.394	0.10534	liquid
22.410	27.058	68.389	0.014622	0.038726	0.044225	1.9519	11.674	22.268	1057.7	-0.0090665	11.394	0.10534	liquid
22.410	27.061	68.389	0.014622	0.038726	0.044226	1.9519	11.674	22.268	1057.7	-0.0090666	11.394	0.10534	liquid
22.410	27.064	68.389	0.014622	0.038726	0.044226	1.9519	11.674	22.268	1057.7	-0.0090666	11.394	0.10534	liquid
22.410	27.067	68.389	0.014622	0.038725	0.044226	1.9519	11.674	22.268	1057.7	-0.0090666	11.394	0.10534	liquid
22.410	27.070	68.389	0.014622	0.038725	0.044227	1.9519	11.674	22.268	1057.7	-0.0090667	11.394	0.10534	liquid
22.410	27.073	68.389	0.014622	0.038725	0.044227	1.9519	11.674	22.268	1057.7	-0.0090667	11.394	0.10534	liquid
22.410	27.076	68.389	0.014622	0.038724	0.044227	1.9519	11.674	22.268	1057.7	-0.0090667	11.394	0.10534	liquid
22.410	27.079	68.389	0.014622	0.038724	0.044228	1.9518	11.674	22.268	1057.7	-0.0090668	11.394	0.10534	liquid
22.410	27.082	68.389	0.014622	0.038724	0.044228	1.9518	11.674	22.268	1057.7	-0.0090668	11.394	0.10534	liquid
22.410	27.085	68.389	0.014622	0.038724	0.044228	1.9518	11.674	22.268	1057.7	-0.0090668	11.394	0.10534	liquid
22.410	27.088	68.389	0.014622	0.038723	0.044229	1.9518	11.674	22.268	1057.7	-0.0090669	11.394	0.10534	liquid
22.410	27.091	68.389	0.014622	0.038723	0.044229	1.9518	11.674	22.268	1057.7	-0.0090669	11.394	0.10534	liquid
22.410	27.094	68.389	0.014622	0.038723	0.044229	1.9518	11.674	22.268	1057.7	-0.0090670	11.394	0.10534	liquid
22.410	27.097	68.389	0.014622	0.038723	0.044230	1.9518	11.674	22.268	1057.7	-0.0090670	11.394	0.10534	liquid
22.410	27.100	68.389	0.014622	0.038722	0.044230	1.9518	11.674	22.268	1057.7	-0.0090670	11.394	0.10534	liquid
22.410	27.103	68.389	0.014622	0.038722	0.044230	1.9517	11.674	22.268	1057.8	-0.0090671	11.394	0.10534	liquid
22.410	27.106	68.389	0.014622	0.038722	0.044231	1.9517	11.674	22.268	1057.8	-0.0090671	11.394	0.10534	liquid
22.410	27.109	68.389	0.014622	0.038722	0.044231	1.9517	11.674	22.268	1057.8	-0.0090671	11.394	0.10534	liquid
22.410	27.112	68.389	0.014622	0.038721	0.044231	1.9517	11.674	22.268	1057.8	-0.0090672	11.394	0.10534	liquid
22.410	27.115	68.389	0.014622	0.038721	0.044232	1.9517	11.674	22.268	1057.8	-0.0090672	11.394	0.10534	liquid
22.410	27.118	68.389	0.014622	0.038721	0.044232	1.9517	11.674	22.268	1057.8	-0.0090672	11.394	0.10534	liquid
22.410	27.121	68.389	0.014622	0.038720	0.044232	1.9517	11.674	22.268	1057.8	-0.0090673	11.394	0.10534	liquid
22.410	27.124	68.389	0.014622	0.038720	0.044233	1.9517	11.674	22.268	1057.8	-0.0090673	11.394	0.10534	liquid
22.410	27.127	68.389	0.014622	0.038720	0.044233	1.9516	11.674	22.268	1057.8	-0.0090674	11.394	0.10534	liquid
22.410	27.130	68.390	0.014622	0.038720	0.044234	1.9516	11.674	22.268	1057.8	-0.0090674	11.394	0.10534	liquid
22.410	27.133	68.390	0.014622	0.038719	0.044234	1.9516	11.674	22.268	1057.8	-0.0090674	11.394	0.10534	liquid
22.410	27.136	68.390	0.014622	0.038719	0.044234	1.9516	11.674	22.268	1057.8	-0.0090675	11.394	0.10534	liquid
22.410	27.139	68.390	0.014622	0.038719	0.044235	1.9516	11.674	22.267	1057.8	-0.0090675	11.394	0.10534	liquid
22.410	27.142	68.390	0.014622	0.038719	0.044235	1.9516	11.674	22.267	1057.8	-0.0090675	11.394	0.10534	liquid
22.410	27.145	68.390	0.014622	0.038718	0.044235	1.9516	11.674	22.267	1057.8	-0.0090676	11.394	0.10534	liquid
22.410	27.148	68.390	0.014622	0.038718	0.044236	1.9516	11.674	22.267	1057.8	-0.0090676	11.394	0.10534	liquid
22.410	27.151	68.390	0.014622	0.038718	0.044236	1.9515	11.674	22.267	1057.8	-0.0090676	11.394	0.10534	liquid
22.410	27.154	68.390	0.014622	0.038717	0.044236	1.9515	11.674	22.267	1057.8	-0.0090677	11.394	0.10534	liquid
22.410	27.157	68.390	0.014622	0.038717	0.044237	1.9515	11.674	22.267	1057.8	-0.0090677	11.394	0.10534	liquid
22.410	27.160	68.390	0.014622	0.038717	0.044237	1.9515	11.674	22.267	1057.8	-0.0090678	11.394	0.10534	liquid
22.410	27.163	68.390	0.014622	0.038717	0.044237	1.9515	11.674	22.267	1057.8	-0.0090678	11.394	0.10534	liquid
22.410	27.166	68.390	0.014622	0.038716	0.044238	1.9515	11.674	22.267	1057.8	-0.0090678	11.394	0.10534	liquid
22.410	27.169	68.390	0.014622	0.038716	0.044238	1.9515	11.674	22.267	1057.8	-0.0090679	11.394	0.10534	liquid
22.410	27.172	68.390	0.014622	0.038716	0.044238	1.9515	11.674	22.267	1057.8	-0.0090679	11.394	0.10534	liquid
22.410	27.175	68.390	0.014622	0.038716	0.044239	1.9515	11.674	22.267	1057.8	-0.0090679	11.394	0.10534	liquid
22.410	27.178	68.390	0.014622	0.038715	0.044239	1.9514	11.674	22.267	1057.8	-0.0090680	11.394	0.10534	liquid
22.410	27.181	68.390	0.014622	0.038715	0.044239	1.9514	11.674	22.267	1057.8	-0.0090680	11.395	0.10534	liquid
22.410	27.184	68.390	0.014622	0.038715	0.044240	1.9514	11.674	22.267	1057.8	-0.0090680	11.395	0.10534	liquid
22.410	27.187	68.390	0.014622	0.038714	0.044240	1.9514	11.674	22.267	1057.8	-0.0090681	11.395	0.10534	liquid
22.410	27.190	68.390	0.014622	0.038714	0.044240	1.9514	11.674	22.267	1057.8	-0.0090681	11.395	0.10534	liquid
22.410	27.193	68.390	0.014622	0.038714	0.044241	1.9514	11.674	22.267	1057.8	-0.0090682	11.395	0.10534	liquid
22.410	27.196	68.390	0.014622	0.038714	0.044241	1.9514	11.674	22.267	1057.8	-0.0090682	11.395	0.10534	liquid
22.410	27.199	68.390	0.014622	0.038713	0.044241	1.9514	11.674	22.267	1057.8	-0.0090682	11.395	0.10534	liquid
22.410	27.202	68.390	0.014622	0.038713	0.044242	1.9513	11.674	22.267	1057.8	-0.0090683	11.395	0.10534	liquid
22.410	27.205	68.390	0.014622	0.038713	0.044242	1.9513	11.674	22.267	1057.8	-0.0090683	11.395	0.10534	liquid
22.410	27.208	68.390	0.014622	0.038713	0.044242	1.9513	11.674	22.267	1057.8	-0.0090683	11.395	0.10534	liquid
22.410	27.211	68.390	0.014622	0.038712	0.044243	1.9513	11.674	22.267	1057.8	-0.0090684	11.395	0.10534	liquid
22.410	27.214	68.391	0.014622	0.038712	0.044243	1.9513	11.674	22.267	1057.8	-0.0090684	11.395	0.10534	liquid
22.410	27.217	68.391	0.014622	0.038712	0.044243	1.9513	11.674	22.267	1057.8	-0.0090684	11.395	0.10534	liquid
22.410	27.220	68.391	0.014622	0.038712	0.044244	1.9513	11.674	22.267	1057.8	-0.0090685	11.395	0.10534	liquid
22.410	27.223	68.391	0.014622	0.038711	0.044244	1.9513	11.674	22.267	1057.8	-0.0090685	11.395	0.10534	liquid
22.410	27.226	68.391	0.014622	0.038711	0.044244	1.9512	11.674	22.267	1057.8	-0.0090686	11.395	0.10534	liquid
22.410	27.229	68.391	0.014622	0.038711	0.044245	1.9512	11.674	22.266	1057.8	-0.0090686	11.395	0.10534	liquid
22.410	27.232	68.391	0.014622	0.038710	0.044245	1.9512	11.674	22.266	1057.8	-0.0090686	11.395	0.10534	liquid
22.410	27.235	68.391	0.014622	0.038710	0.044245	1.9512	11.674	22.266	1057.8	-0.0090687	11.395	0.10534	liquid
22.410	27.238	68.391	0.014622	0.038710	0.044246	1.9512	11.674	22.266	1057.8	-0.0090687	11.395	0.10534	liquid
22.410	27.241	68.391	0.014622	0.038710	0.044246	1.9512	11.674	22.266	1057.8	-0.0090687	11.395	0.10534	liquid
22.410	27.244	68.391	0.014622	0.038709	0.044246	1.9512	11.674	22.266	1057.8	-0.0090688	11.395	0.10534	liquid
22.410	27.247	68.391	0.014622	0.038709	0.044247	1.9512	11.674	22.266	1057.8	-0.0090688	11.395	0.10534	liquid
22.410	27.250	68.391	0.014622	0.038709	0.044247	1.9511	11.674	22.266	1057.8	-0.0090688	11.395	0.10534	liquid
22.410	27.253	68.391	0.014622	0.038709	0.044247	1.9511	11.674	22.266	1057.8	-0.0090689	11.395	0.10534	liquid
22.410	27.256	68.391	0.014622	0.038708	0.044248	1.9511	11.674	22.266	1057.8	-0.0090689	11.395	0.10534	liquid
22.410	27.259	68.391	0.014622	0.038708	0.044248	1.9511	11.674	22.266	1057.8	-0.0090690	11.395	0.10534	liquid
22.410	27.262	68.391	0.014622	0.038708	0.044248	1.9511	11.674	22.266	1057.8	-0.0090690	11.395	0.10534	liquid
22.410	27.265	68.391	0.014622	0.038707	0.044249	1.9511	11.674	22.266	1057.8	-0.0090690	11.395	0.10534	liquid
22.410	27.268	68.391	0.014622	0.038707	0.044249	1.9511	11.674	22.266	1057.8	-0.0090691	11.395	0.10534	liquid
22.410	27.271	68.391	0.014622	0.038707	0.044249	1.9511	11.674	22.266	1057.8	-0.0090691	11.395	0.10534	liquid
22.410	27.274	68.391	0.014622	0.038707	0.044250	1.9510	11.674	22.266	1057.8	-0.0090691	11.395	0.10534	liquid
22.410	27.277	68.391	0.014622	0.038706	0.044250	1.9510	11.674	22.266	1057.8	-0.0090692	11.395	0.10534	liquid
22.410	27.280	68.391	0.014622	0.038706	0.044250	1.9510	11.674	22.266	1057.8	-0.0090692	11.395	0.10534	liquid
22.410	27.283	68.391	0.014622	0.038706	0.044251	1.9510	11.674	22.266	1057.8	-0.0090692	11.395	0.10534	liquid
22.410	27.286	68.391	0.014622	0.038706	0.044251	1.9510	11.674	22.266	1057.8	-0.0090693	11.395	0.10534	liquid
22.410	27.289	68.391	0.014622	0.038705	0.044251	1.9510	11.674	22.266	1057.8	-0.0090693	11.395	0.10534	liquid
22.410	27.292	68.391	0.014622	0.038705	0.044252	1.9510	11.674	22.266	1057.8	-0.0090694	11.395	0.10534	liquid
22.410	27.295	68.391	0.014622	0.038705	0.044252	1.9510	11.674	22.266	1057.8	-0.0090694	11.395	0.10534	liquid
22.410	27.298	68.391	0.014622	0.038704	0.044252	1.9510	11.674	22.266	1057.8	-0.0090694	11.395	0.10534	liquid
22.410	27.301	68.392	0.014622	0.038704	0.044253	1.9509	11.674	22.266	1057.8	-0.0090695	11.395	0.10534	liquid
22.410	27.304	68.392	0.014622	0.038704	0.044253	1.9509	11.674	22.266	1057.8	-0.0090695	11.395	0.10534	liquid
22.410	27.307	68.392	0.014622	0.038704	0.044253	1.9509	11.674	22.266	1057.8	-0.0090695	11.395	0.10534	liquid
22.410	27.310	68.392	0.014622	0.038703	0.044254	1.9509	11.674	22.266	1057.8	-0.0090696	11.395	0.10535	liquid
22.410	27.313	68.392	0.014622	0.038703	0.044254	1.9509	11.674	22.266	1057.8	-0.0090696	11.395	0.10535	liquid
22.410	27.316	68.392	0.014622	0.038703	0.044254	1.9509	11.674	22.265	1057.8	-0.0090696	11.395	0.10535	liquid
22.410	27.319	68.392	0.014622	0.038703	0.044255	1.9509	11.674	22.265	1057.8	-0.0090697	11.395	0.10535	liquid
22.410	27.322	68.392	0.014622	0.038702	0.044255	1.9509	11.674	22.265	1057.8	-0.0090697	11.395	0.10535	liquid
22.410	27.325	68.392	0.014622	0.038702	0.044255	1.9508	11.674	22.265	1057.9	-0.0090698	11.395	0.10535	liquid
22.410	27.328	68.392	0.014622	0.038702	0.044256	1.9508	11.674	22.265	1057.9	-0.0090698	11.395	0.10535	liquid
22.410	27.331	68.392	0.014622	0.038702	0.044256	1.9508	11.674	22.265	1057.9	-0.0090698	11.395	0.10535	liquid
22.410	27.334	68.392	0.014622	0.038701	0.044256	1.9508	11.674	22.265	1057.9	-0.0090699	11.395	0.10535	liquid
22.410	27.337	68.392	0.014622	0.038701	0.044257	1.9508	11.674	22.265	1057.9	-0.0090699	11.396	0.10535	liquid
22.410	27.340	68.392	0.014622	0.038701	0.044257	1.9508	11.674	22.265	1057.9	-0.0090699	11.396	0.10535	liquid
22.410	27.343	68.392	0.014622	0.038700	0.044257	1.9508	11.674	22.265	1057.9	-0.0090700	11.396	0.10535	liquid
22.410	27.346	68.392	0.014622	0.038700	0.044258	1.9508	11.674	22.265	1057.9	-0.0090700	11.396	0.10535	liquid
22.410	27.349	68.392	0.014622	0.038700	0.044258	1.9507	11.674	22.265	1057.9	-0.0090700	11.396	0.10535	liquid
22.410	27.352	68.392	0.014622	0.038700	0.044258	1.9507	11.674	22.265	1057.9	-0.0090701	11.396	0.10535	liquid
22.410	27.355	68.392	0.014622	0.038699	0.044259	1.9507	11.674	22.265	1057.9	-0.0090701	11.396	0.10535	liquid
22.410	27.358	68.392	0.014622	0.038699	0.044259	1.9507	11.674	22.265	1057.9	-0.0090702	11.396	0.10535	liquid
22.410	27.361	68.392	0.014622	0.038699	0.044259	1.9507	11.674	22.265	1057.9	-0.0090702	11.396	0.10535	liquid
22.410	27.364	68.392	0.014622	0.038699	0.044260	1.9507	11.674	22.265	1057.9	-0.0090702	11.396	0.10535	liquid
22.410	27.367	68.392	0.014622	0.038698	0.044260	1.9507	11.674	22.265	1057.9	-0.0090703	11.396	0.10535	liquid
22.410	27.370	68.392	0.014622	0.038698	0.044260	1.9507	11.674	22.265	1057.9	-0.0090703	11.396	0.10535	liquid
22.410	27.373	68.392	0.014622	0.038698	0.044261	1.9506	11.674	22.265	1057.9	-0.0090703	11.396	0.10535	liquid
22.410	27.376	68.392	0.014622	0.038697	0.044261	1.9506	11.674	22.265	1057.9	-0.0090704	11.396	0.10535	liquid
22.410	27.379	68.392	0.014621	0.038697	0.044261	1.9506	11.674	22.265	1057.9	-0.0090704	11.396	0.10535	liquid
22.410	27.382	68.392	0.014621	0.038697	0.044262	1.9506	11.674	22.265	1057.9	-0.0090704	11.396	0.10535	liquid
22.410	27.385	68.393	0.014621	0.038697	0.044262	1.9506	11.674	22.265	1057.9	-0.0090705	11.396	0.10535	liquid
22.410	27.388	68.393	0.014621	0.038696	0.044262	1.9506	11.674	22.265	1057.9	-0.0090705	11.396	0.10535	liquid
22.410	27.391	68.393	0.014621	0.038696	0.044263	1.9506	11.674	22.265	1057.9	-0.0090706	11.396	0.10535	liquid
22.410	27.394	68.393	0.014621	0.038696	0.044263	1.9506	11.674	22.265	1057.9	-0.0090706	11.396	0.10535	liquid
22.410	27.397	68.393	0.014621	0.038696	0.044263	1.9505	11.674	22.265	1057.9	-0.0090706	11.396	0.10535	liquid
22.410	27.400	68.393	0.014621	0.038695	0.044264	1.9505	11.674	22.265	1057.9	-0.0090707	11.396	0.10535	liquid
