Temperature (K)	Pressure (psia)	Density (kg/m3)	Volume (m3/kg)	Internal Energy (kJ/mol)	Enthalpy (kJ/mol)	Entropy (J/mol*K)	Cv (J/mol*K)	Cp (J/mol*K)	Sound Spd. (m/s)	Joule-Thomson (F/psia)	Viscosity (uPa*s)	Therm. Cond. (W/m*K)	Phase
22.430	25.600	2.2071	0.45309	0.76261	0.92383	41.224	13.205	26.324	366.78	0.20271	1.2078	0.019417	vapor
22.430	25.603	2.2074	0.45302	0.76260	0.92382	41.223	13.205	26.325	366.77	0.20271	1.2078	0.019418	vapor
22.430	25.606	2.2077	0.45296	0.76260	0.92381	41.221	13.205	26.326	366.77	0.20272	1.2078	0.019418	vapor
22.430	25.609	2.2080	0.45290	0.76259	0.92380	41.220	13.205	26.327	366.76	0.20272	1.2079	0.019418	vapor
22.430	25.612	2.2083	0.45283	0.76259	0.92379	41.219	13.206	26.328	366.76	0.20272	1.2079	0.019418	vapor
22.430	25.615	2.2086	0.45277	0.76258	0.92378	41.218	13.206	26.330	366.76	0.20272	1.2079	0.019418	vapor
22.430	25.618	2.2089	0.45271	0.76258	0.92378	41.216	13.206	26.331	366.75	0.20273	1.2079	0.019419	vapor
22.430	25.621	2.2092	0.45265	0.76257	0.92377	41.215	13.206	26.332	366.75	0.20273	1.2079	0.019419	vapor
22.430	25.624	2.2095	0.45258	0.76257	0.92376	41.214	13.206	26.333	366.75	0.20273	1.2079	0.019419	vapor
22.430	25.627	2.2098	0.45252	0.76256	0.92375	41.213	13.206	26.334	366.74	0.20274	1.2079	0.019419	vapor
22.430	25.630	2.2102	0.45246	0.76256	0.92374	41.211	13.207	26.335	366.74	0.20274	1.2079	0.019420	vapor
22.430	25.633	2.2105	0.45239	0.76255	0.92373	41.210	13.207	26.337	366.73	0.20274	1.2079	0.019420	vapor
22.430	25.636	2.2108	0.45233	0.76254	0.92372	41.209	13.207	26.338	366.73	0.20274	1.2079	0.019420	vapor
22.430	25.639	2.2111	0.45227	0.76254	0.92371	41.208	13.207	26.339	366.73	0.20275	1.2079	0.019420	vapor
22.430	25.642	2.2114	0.45221	0.76253	0.92370	41.206	13.207	26.340	366.72	0.20275	1.2079	0.019420	vapor
22.430	25.645	2.2117	0.45214	0.76253	0.92369	41.205	13.207	26.341	366.72	0.20275	1.2079	0.019421	vapor
22.430	25.648	2.2120	0.45208	0.76252	0.92369	41.204	13.208	26.342	366.71	0.20276	1.2079	0.019421	vapor
22.430	25.651	2.2123	0.45202	0.76252	0.92368	41.203	13.208	26.343	366.71	0.20276	1.2080	0.019421	vapor
22.430	25.654	2.2126	0.45196	0.76251	0.92367	41.202	13.208	26.345	366.71	0.20276	1.2080	0.019421	vapor
22.430	25.657	2.2129	0.45189	0.76251	0.92366	41.200	13.208	26.346	366.70	0.20276	1.2080	0.019421	vapor
22.430	25.660	2.2132	0.45183	0.76250	0.92365	41.199	13.208	26.347	366.70	0.20277	1.2080	0.019422	vapor
22.430	25.663	2.2135	0.45177	0.76250	0.92364	41.198	13.209	26.348	366.70	0.20277	1.2080	0.019422	vapor
22.430	25.666	2.2138	0.45171	0.76249	0.92363	41.197	13.209	26.349	366.69	0.20277	1.2080	0.019422	vapor
22.430	25.669	2.2141	0.45164	0.76248	0.92362	41.195	13.209	26.350	366.69	0.20278	1.2080	0.019422	vapor
22.430	25.672	2.2144	0.45158	0.76248	0.92361	41.194	13.209	26.352	366.68	0.20278	1.2080	0.019423	vapor
22.430	25.675	2.2148	0.45152	0.76247	0.92361	41.193	13.209	26.353	366.68	0.20278	1.2080	0.019423	vapor
22.430	25.678	2.2151	0.45145	0.76247	0.92360	41.192	13.209	26.354	366.68	0.20278	1.2080	0.019423	vapor
22.430	25.681	2.2154	0.45139	0.76246	0.92359	41.190	13.210	26.355	366.67	0.20279	1.2080	0.019423	vapor
22.430	25.684	2.2157	0.45133	0.76246	0.92358	41.189	13.210	26.356	366.67	0.20279	1.2080	0.019423	vapor
22.430	25.687	2.2160	0.45127	0.76245	0.92357	41.188	13.210	26.357	366.67	0.20279	1.2080	0.019424	vapor
22.430	25.690	2.2163	0.45120	0.76245	0.92356	41.187	13.210	26.359	366.66	0.20280	1.2080	0.019424	vapor
22.430	25.693	2.2166	0.45114	0.76244	0.92355	41.185	13.210	26.360	366.66	0.20280	1.2081	0.019424	vapor
22.430	25.696	2.2169	0.45108	0.76244	0.92354	41.184	13.210	26.361	366.65	0.20280	1.2081	0.019424	vapor
22.430	25.699	2.2172	0.45102	0.76243	0.92353	41.183	13.211	26.362	366.65	0.20280	1.2081	0.019424	vapor
22.430	25.702	2.2175	0.45095	0.76243	0.92353	41.182	13.211	26.363	366.65	0.20281	1.2081	0.019425	vapor
22.430	25.705	2.2178	0.45089	0.76242	0.92352	41.180	13.211	26.364	366.64	0.20281	1.2081	0.019425	vapor
22.430	25.708	2.2181	0.45083	0.76241	0.92351	41.179	13.211	26.366	366.64	0.20281	1.2081	0.019425	vapor
22.430	25.711	2.2184	0.45077	0.76241	0.92350	41.178	13.211	26.367	366.63	0.20282	1.2081	0.019425	vapor
22.430	25.714	2.2187	0.45071	0.76240	0.92349	41.177	13.211	26.368	366.63	0.20282	1.2081	0.019426	vapor
22.430	25.717	2.2191	0.45064	0.76240	0.92348	41.176	13.212	26.369	366.63	0.20282	1.2081	0.019426	vapor
22.430	25.720	2.2194	0.45058	0.76239	0.92347	41.174	13.212	26.370	366.62	0.20282	1.2081	0.019426	vapor
22.430	25.723	2.2197	0.45052	0.76239	0.92346	41.173	13.212	26.371	366.62	0.20283	1.2081	0.019426	vapor
22.430	25.726	2.2200	0.45046	0.76238	0.92345	41.172	13.212	26.373	366.62	0.20283	1.2081	0.019426	vapor
22.430	25.729	2.2203	0.45039	0.76238	0.92345	41.171	13.212	26.374	366.61	0.20283	1.2081	0.019427	vapor
22.430	25.732	2.2206	0.45033	0.76237	0.92344	41.169	13.213	26.375	366.61	0.20284	1.2081	0.019427	vapor
22.430	25.735	2.2209	0.45027	0.76237	0.92343	41.168	13.213	26.376	366.60	0.20284	1.2082	0.019427	vapor
22.430	25.738	2.2212	0.45021	0.76236	0.92342	41.167	13.213	26.377	366.60	0.20284	1.2082	0.019427	vapor
22.430	25.741	2.2215	0.45014	0.76235	0.92341	41.166	13.213	26.378	366.60	0.20284	1.2082	0.019427	vapor
22.430	25.744	2.2218	0.45008	0.76235	0.92340	41.164	13.213	26.379	366.59	0.20285	1.2082	0.019428	vapor
22.430	25.747	2.2221	0.45002	0.76234	0.92339	41.163	13.213	26.381	366.59	0.20285	1.2082	0.019428	vapor
22.430	25.750	2.2224	0.44996	0.76234	0.92338	41.162	13.214	26.382	366.59	0.20285	1.2082	0.019428	vapor
22.430	25.753	2.2227	0.44990	0.76233	0.92337	41.161	13.214	26.383	366.58	0.20286	1.2082	0.019428	vapor
22.430	25.756	2.2230	0.44983	0.76233	0.92337	41.160	13.214	26.384	366.58	0.20286	1.2082	0.019429	vapor
22.430	25.759	2.2234	0.44977	0.76232	0.92336	41.158	13.214	26.385	366.57	0.20286	1.2082	0.019429	vapor
22.430	25.759	2.2234	0.44976	0.76232	0.92335	41.158	13.214	26.385	366.57	0.20286	1.2082	0.019429	vapor
22.430	25.759	68.346	0.014631	0.039287	0.044526	1.9771	11.676	22.313	1056.4	-0.0090202	11.368	0.10531	liquid
22.430	25.762	68.346	0.014631	0.039287	0.044526	1.9771	11.676	22.313	1056.4	-0.0090202	11.368	0.10531	liquid
22.430	25.765	68.346	0.014631	0.039287	0.044526	1.9771	11.676	22.313	1056.4	-0.0090202	11.368	0.10531	liquid
22.430	25.768	68.346	0.014631	0.039286	0.044527	1.9771	11.676	22.313	1056.4	-0.0090203	11.368	0.10531	liquid
22.430	25.771	68.346	0.014631	0.039286	0.044527	1.9771	11.676	22.313	1056.4	-0.0090203	11.368	0.10531	liquid
22.430	25.774	68.346	0.014631	0.039286	0.044527	1.9770	11.676	22.313	1056.4	-0.0090203	11.368	0.10531	liquid
22.430	25.777	68.346	0.014631	0.039286	0.044528	1.9770	11.676	22.313	1056.4	-0.0090204	11.368	0.10531	liquid
22.430	25.780	68.346	0.014631	0.039285	0.044528	1.9770	11.676	22.313	1056.4	-0.0090204	11.368	0.10531	liquid
22.430	25.783	68.346	0.014631	0.039285	0.044528	1.9770	11.676	22.313	1056.4	-0.0090205	11.368	0.10531	liquid
22.430	25.786	68.346	0.014631	0.039285	0.044529	1.9770	11.676	22.313	1056.4	-0.0090205	11.368	0.10531	liquid
22.430	25.789	68.346	0.014631	0.039284	0.044529	1.9770	11.676	22.313	1056.4	-0.0090205	11.368	0.10531	liquid
22.430	25.792	68.346	0.014631	0.039284	0.044529	1.9770	11.676	22.313	1056.4	-0.0090206	11.368	0.10531	liquid
22.430	25.795	68.346	0.014631	0.039284	0.044530	1.9770	11.676	22.313	1056.4	-0.0090206	11.368	0.10531	liquid
22.430	25.798	68.346	0.014631	0.039284	0.044530	1.9769	11.676	22.313	1056.5	-0.0090206	11.368	0.10531	liquid
22.430	25.801	68.346	0.014631	0.039283	0.044530	1.9769	11.676	22.313	1056.5	-0.0090207	11.368	0.10531	liquid
22.430	25.804	68.347	0.014631	0.039283	0.044531	1.9769	11.676	22.313	1056.5	-0.0090207	11.368	0.10531	liquid
22.430	25.807	68.347	0.014631	0.039283	0.044531	1.9769	11.676	22.313	1056.5	-0.0090207	11.368	0.10531	liquid
22.430	25.810	68.347	0.014631	0.039283	0.044531	1.9769	11.676	22.313	1056.5	-0.0090208	11.368	0.10531	liquid
22.430	25.813	68.347	0.014631	0.039282	0.044532	1.9769	11.676	22.313	1056.5	-0.0090208	11.368	0.10531	liquid
22.430	25.816	68.347	0.014631	0.039282	0.044532	1.9769	11.676	22.313	1056.5	-0.0090209	11.368	0.10531	liquid
22.430	25.819	68.347	0.014631	0.039282	0.044532	1.9769	11.676	22.313	1056.5	-0.0090209	11.368	0.10531	liquid
22.430	25.822	68.347	0.014631	0.039281	0.044533	1.9768	11.676	22.312	1056.5	-0.0090209	11.368	0.10531	liquid
22.430	25.825	68.347	0.014631	0.039281	0.044533	1.9768	11.676	22.312	1056.5	-0.0090210	11.368	0.10531	liquid
22.430	25.828	68.347	0.014631	0.039281	0.044533	1.9768	11.676	22.312	1056.5	-0.0090210	11.368	0.10531	liquid
22.430	25.831	68.347	0.014631	0.039281	0.044534	1.9768	11.676	22.312	1056.5	-0.0090210	11.368	0.10531	liquid
22.430	25.834	68.347	0.014631	0.039280	0.044534	1.9768	11.676	22.312	1056.5	-0.0090211	11.368	0.10531	liquid
22.430	25.837	68.347	0.014631	0.039280	0.044534	1.9768	11.676	22.312	1056.5	-0.0090211	11.368	0.10531	liquid
22.430	25.840	68.347	0.014631	0.039280	0.044535	1.9768	11.676	22.312	1056.5	-0.0090212	11.368	0.10531	liquid
22.430	25.843	68.347	0.014631	0.039280	0.044535	1.9768	11.676	22.312	1056.5	-0.0090212	11.368	0.10531	liquid
22.430	25.846	68.347	0.014631	0.039279	0.044535	1.9767	11.676	22.312	1056.5	-0.0090212	11.368	0.10531	liquid
22.430	25.849	68.347	0.014631	0.039279	0.044536	1.9767	11.676	22.312	1056.5	-0.0090213	11.368	0.10531	liquid
22.430	25.852	68.347	0.014631	0.039279	0.044536	1.9767	11.676	22.312	1056.5	-0.0090213	11.368	0.10531	liquid
22.430	25.855	68.347	0.014631	0.039278	0.044537	1.9767	11.676	22.312	1056.5	-0.0090213	11.368	0.10531	liquid
22.430	25.858	68.347	0.014631	0.039278	0.044537	1.9767	11.676	22.312	1056.5	-0.0090214	11.368	0.10531	liquid
22.430	25.861	68.347	0.014631	0.039278	0.044537	1.9767	11.676	22.312	1056.5	-0.0090214	11.368	0.10531	liquid
22.430	25.864	68.347	0.014631	0.039278	0.044538	1.9767	11.676	22.312	1056.5	-0.0090214	11.368	0.10531	liquid
22.430	25.867	68.347	0.014631	0.039277	0.044538	1.9767	11.676	22.312	1056.5	-0.0090215	11.368	0.10531	liquid
22.430	25.870	68.347	0.014631	0.039277	0.044538	1.9766	11.676	22.312	1056.5	-0.0090215	11.368	0.10531	liquid
22.430	25.873	68.347	0.014631	0.039277	0.044539	1.9766	11.676	22.312	1056.5	-0.0090216	11.368	0.10531	liquid
22.430	25.876	68.347	0.014631	0.039277	0.044539	1.9766	11.676	22.312	1056.5	-0.0090216	11.369	0.10531	liquid
22.430	25.879	68.347	0.014631	0.039276	0.044539	1.9766	11.676	22.312	1056.5	-0.0090216	11.369	0.10531	liquid
22.430	25.882	68.347	0.014631	0.039276	0.044540	1.9766	11.676	22.312	1056.5	-0.0090217	11.369	0.10531	liquid
22.430	25.885	68.347	0.014631	0.039276	0.044540	1.9766	11.676	22.312	1056.5	-0.0090217	11.369	0.10531	liquid
22.430	25.888	68.347	0.014631	0.039276	0.044540	1.9766	11.676	22.312	1056.5	-0.0090217	11.369	0.10531	liquid
22.430	25.891	68.348	0.014631	0.039275	0.044541	1.9766	11.676	22.312	1056.5	-0.0090218	11.369	0.10531	liquid
22.430	25.894	68.348	0.014631	0.039275	0.044541	1.9766	11.676	22.312	1056.5	-0.0090218	11.369	0.10531	liquid
22.430	25.897	68.348	0.014631	0.039275	0.044541	1.9765	11.676	22.312	1056.5	-0.0090218	11.369	0.10531	liquid
22.430	25.900	68.348	0.014631	0.039274	0.044542	1.9765	11.676	22.312	1056.5	-0.0090219	11.369	0.10531	liquid
22.430	25.903	68.348	0.014631	0.039274	0.044542	1.9765	11.676	22.312	1056.5	-0.0090219	11.369	0.10531	liquid
22.430	25.906	68.348	0.014631	0.039274	0.044542	1.9765	11.676	22.312	1056.5	-0.0090220	11.369	0.10531	liquid
22.430	25.909	68.348	0.014631	0.039274	0.044543	1.9765	11.676	22.311	1056.5	-0.0090220	11.369	0.10531	liquid
22.430	25.912	68.348	0.014631	0.039273	0.044543	1.9765	11.676	22.311	1056.5	-0.0090220	11.369	0.10531	liquid
22.430	25.915	68.348	0.014631	0.039273	0.044543	1.9765	11.676	22.311	1056.5	-0.0090221	11.369	0.10531	liquid
22.430	25.918	68.348	0.014631	0.039273	0.044544	1.9765	11.676	22.311	1056.5	-0.0090221	11.369	0.10531	liquid
22.430	25.921	68.348	0.014631	0.039273	0.044544	1.9764	11.676	22.311	1056.5	-0.0090221	11.369	0.10531	liquid
22.430	25.924	68.348	0.014631	0.039272	0.044544	1.9764	11.676	22.311	1056.5	-0.0090222	11.369	0.10531	liquid
22.430	25.927	68.348	0.014631	0.039272	0.044545	1.9764	11.676	22.311	1056.5	-0.0090222	11.369	0.10531	liquid
22.430	25.930	68.348	0.014631	0.039272	0.044545	1.9764	11.676	22.311	1056.5	-0.0090223	11.369	0.10531	liquid
22.430	25.933	68.348	0.014631	0.039271	0.044545	1.9764	11.676	22.311	1056.5	-0.0090223	11.369	0.10531	liquid
22.430	25.936	68.348	0.014631	0.039271	0.044546	1.9764	11.676	22.311	1056.5	-0.0090223	11.369	0.10531	liquid
22.430	25.939	68.348	0.014631	0.039271	0.044546	1.9764	11.676	22.311	1056.5	-0.0090224	11.369	0.10531	liquid
22.430	25.942	68.348	0.014631	0.039271	0.044546	1.9764	11.676	22.311	1056.5	-0.0090224	11.369	0.10531	liquid
22.430	25.945	68.348	0.014631	0.039270	0.044547	1.9763	11.676	22.311	1056.5	-0.0090224	11.369	0.10531	liquid
22.430	25.948	68.348	0.014631	0.039270	0.044547	1.9763	11.676	22.311	1056.5	-0.0090225	11.369	0.10531	liquid
22.430	25.951	68.348	0.014631	0.039270	0.044547	1.9763	11.676	22.311	1056.5	-0.0090225	11.369	0.10531	liquid
22.430	25.954	68.348	0.014631	0.039270	0.044548	1.9763	11.676	22.311	1056.5	-0.0090225	11.369	0.10531	liquid
22.430	25.957	68.348	0.014631	0.039269	0.044548	1.9763	11.676	22.311	1056.5	-0.0090226	11.369	0.10531	liquid
22.430	25.960	68.348	0.014631	0.039269	0.044548	1.9763	11.676	22.311	1056.5	-0.0090226	11.369	0.10531	liquid
22.430	25.963	68.348	0.014631	0.039269	0.044549	1.9763	11.676	22.311	1056.5	-0.0090227	11.369	0.10532	liquid
22.430	25.966	68.348	0.014631	0.039268	0.044549	1.9763	11.676	22.311	1056.5	-0.0090227	11.369	0.10532	liquid
22.430	25.969	68.348	0.014631	0.039268	0.044549	1.9762	11.676	22.311	1056.5	-0.0090227	11.369	0.10532	liquid
22.430	25.972	68.348	0.014631	0.039268	0.044550	1.9762	11.676	22.311	1056.5	-0.0090228	11.369	0.10532	liquid
22.430	25.975	68.349	0.014631	0.039268	0.044550	1.9762	11.676	22.311	1056.5	-0.0090228	11.369	0.10532	liquid
22.430	25.978	68.349	0.014631	0.039267	0.044550	1.9762	11.676	22.311	1056.5	-0.0090228	11.369	0.10532	liquid
22.430	25.981	68.349	0.014631	0.039267	0.044551	1.9762	11.676	22.311	1056.5	-0.0090229	11.369	0.10532	liquid
22.430	25.984	68.349	0.014631	0.039267	0.044551	1.9762	11.676	22.311	1056.5	-0.0090229	11.369	0.10532	liquid
22.430	25.987	68.349	0.014631	0.039267	0.044551	1.9762	11.676	22.311	1056.5	-0.0090229	11.369	0.10532	liquid
22.430	25.990	68.349	0.014631	0.039266	0.044552	1.9762	11.676	22.311	1056.5	-0.0090230	11.369	0.10532	liquid
22.430	25.993	68.349	0.014631	0.039266	0.044552	1.9761	11.676	22.311	1056.5	-0.0090230	11.369	0.10532	liquid
22.430	25.996	68.349	0.014631	0.039266	0.044552	1.9761	11.676	22.311	1056.5	-0.0090231	11.369	0.10532	liquid
22.430	25.999	68.349	0.014631	0.039265	0.044553	1.9761	11.676	22.310	1056.5	-0.0090231	11.369	0.10532	liquid
22.430	26.002	68.349	0.014631	0.039265	0.044553	1.9761	11.676	22.310	1056.5	-0.0090231	11.369	0.10532	liquid
22.430	26.005	68.349	0.014631	0.039265	0.044553	1.9761	11.676	22.310	1056.5	-0.0090232	11.369	0.10532	liquid
22.430	26.008	68.349	0.014631	0.039265	0.044554	1.9761	11.676	22.310	1056.5	-0.0090232	11.369	0.10532	liquid
22.430	26.011	68.349	0.014631	0.039264	0.044554	1.9761	11.676	22.310	1056.5	-0.0090232	11.369	0.10532	liquid
22.430	26.014	68.349	0.014631	0.039264	0.044554	1.9761	11.676	22.310	1056.5	-0.0090233	11.369	0.10532	liquid
22.430	26.017	68.349	0.014631	0.039264	0.044555	1.9760	11.676	22.310	1056.5	-0.0090233	11.369	0.10532	liquid
22.430	26.020	68.349	0.014631	0.039264	0.044555	1.9760	11.676	22.310	1056.6	-0.0090233	11.369	0.10532	liquid
22.430	26.023	68.349	0.014631	0.039263	0.044555	1.9760	11.676	22.310	1056.6	-0.0090234	11.369	0.10532	liquid
22.430	26.026	68.349	0.014631	0.039263	0.044556	1.9760	11.676	22.310	1056.6	-0.0090234	11.369	0.10532	liquid
22.430	26.029	68.349	0.014631	0.039263	0.044556	1.9760	11.676	22.310	1056.6	-0.0090235	11.369	0.10532	liquid
22.430	26.032	68.349	0.014631	0.039262	0.044556	1.9760	11.676	22.310	1056.6	-0.0090235	11.370	0.10532	liquid
22.430	26.035	68.349	0.014631	0.039262	0.044557	1.9760	11.676	22.310	1056.6	-0.0090235	11.370	0.10532	liquid
22.430	26.038	68.349	0.014631	0.039262	0.044557	1.9760	11.676	22.310	1056.6	-0.0090236	11.370	0.10532	liquid
22.430	26.041	68.349	0.014631	0.039262	0.044557	1.9760	11.676	22.310	1056.6	-0.0090236	11.370	0.10532	liquid
22.430	26.044	68.349	0.014631	0.039261	0.044558	1.9759	11.676	22.310	1056.6	-0.0090236	11.370	0.10532	liquid
22.430	26.047	68.349	0.014631	0.039261	0.044558	1.9759	11.676	22.310	1056.6	-0.0090237	11.370	0.10532	liquid
22.430	26.050	68.349	0.014631	0.039261	0.044558	1.9759	11.676	22.310	1056.6	-0.0090237	11.370	0.10532	liquid
22.430	26.053	68.349	0.014631	0.039261	0.044559	1.9759	11.676	22.310	1056.6	-0.0090238	11.370	0.10532	liquid
22.430	26.056	68.349	0.014631	0.039260	0.044559	1.9759	11.676	22.310	1056.6	-0.0090238	11.370	0.10532	liquid
22.430	26.059	68.350	0.014631	0.039260	0.044559	1.9759	11.676	22.310	1056.6	-0.0090238	11.370	0.10532	liquid
22.430	26.062	68.350	0.014631	0.039260	0.044560	1.9759	11.676	22.310	1056.6	-0.0090239	11.370	0.10532	liquid
22.430	26.065	68.350	0.014631	0.039259	0.044560	1.9759	11.676	22.310	1056.6	-0.0090239	11.370	0.10532	liquid
22.430	26.068	68.350	0.014631	0.039259	0.044560	1.9758	11.676	22.310	1056.6	-0.0090239	11.370	0.10532	liquid
22.430	26.071	68.350	0.014631	0.039259	0.044561	1.9758	11.676	22.310	1056.6	-0.0090240	11.370	0.10532	liquid
22.430	26.074	68.350	0.014631	0.039259	0.044561	1.9758	11.676	22.310	1056.6	-0.0090240	11.370	0.10532	liquid
22.430	26.077	68.350	0.014631	0.039258	0.044561	1.9758	11.676	22.310	1056.6	-0.0090240	11.370	0.10532	liquid
22.430	26.080	68.350	0.014631	0.039258	0.044562	1.9758	11.676	22.310	1056.6	-0.0090241	11.370	0.10532	liquid
22.430	26.083	68.350	0.014631	0.039258	0.044562	1.9758	11.676	22.310	1056.6	-0.0090241	11.370	0.10532	liquid
22.430	26.086	68.350	0.014631	0.039258	0.044562	1.9758	11.676	22.309	1056.6	-0.0090242	11.370	0.10532	liquid
22.430	26.089	68.350	0.014631	0.039257	0.044563	1.9758	11.676	22.309	1056.6	-0.0090242	11.370	0.10532	liquid
22.430	26.092	68.350	0.014631	0.039257	0.044563	1.9757	11.676	22.309	1056.6	-0.0090242	11.370	0.10532	liquid
22.430	26.095	68.350	0.014631	0.039257	0.044563	1.9757	11.676	22.309	1056.6	-0.0090243	11.370	0.10532	liquid
22.430	26.098	68.350	0.014631	0.039256	0.044564	1.9757	11.676	22.309	1056.6	-0.0090243	11.370	0.10532	liquid
22.430	26.101	68.350	0.014631	0.039256	0.044564	1.9757	11.676	22.309	1056.6	-0.0090243	11.370	0.10532	liquid
22.430	26.104	68.350	0.014631	0.039256	0.044564	1.9757	11.676	22.309	1056.6	-0.0090244	11.370	0.10532	liquid
22.430	26.107	68.350	0.014631	0.039256	0.044565	1.9757	11.676	22.309	1056.6	-0.0090244	11.370	0.10532	liquid
22.430	26.110	68.350	0.014631	0.039255	0.044565	1.9757	11.676	22.309	1056.6	-0.0090244	11.370	0.10532	liquid
22.430	26.113	68.350	0.014631	0.039255	0.044565	1.9757	11.676	22.309	1056.6	-0.0090245	11.370	0.10532	liquid
22.430	26.116	68.350	0.014631	0.039255	0.044566	1.9756	11.676	22.309	1056.6	-0.0090245	11.370	0.10532	liquid
22.430	26.119	68.350	0.014631	0.039255	0.044566	1.9756	11.676	22.309	1056.6	-0.0090246	11.370	0.10532	liquid
22.430	26.122	68.350	0.014631	0.039254	0.044566	1.9756	11.676	22.309	1056.6	-0.0090246	11.370	0.10532	liquid
22.430	26.125	68.350	0.014631	0.039254	0.044567	1.9756	11.676	22.309	1056.6	-0.0090246	11.370	0.10532	liquid
22.430	26.128	68.350	0.014631	0.039254	0.044567	1.9756	11.676	22.309	1056.6	-0.0090247	11.370	0.10532	liquid
22.430	26.131	68.350	0.014631	0.039253	0.044567	1.9756	11.676	22.309	1056.6	-0.0090247	11.370	0.10532	liquid
22.430	26.134	68.350	0.014630	0.039253	0.044568	1.9756	11.676	22.309	1056.6	-0.0090247	11.370	0.10532	liquid
22.430	26.137	68.350	0.014630	0.039253	0.044568	1.9756	11.676	22.309	1056.6	-0.0090248	11.370	0.10532	liquid
22.430	26.140	68.350	0.014630	0.039253	0.044568	1.9755	11.676	22.309	1056.6	-0.0090248	11.370	0.10532	liquid
22.430	26.143	68.351	0.014630	0.039252	0.044569	1.9755	11.676	22.309	1056.6	-0.0090249	11.370	0.10532	liquid
22.430	26.146	68.351	0.014630	0.039252	0.044569	1.9755	11.676	22.309	1056.6	-0.0090249	11.370	0.10532	liquid
22.430	26.149	68.351	0.014630	0.039252	0.044569	1.9755	11.676	22.309	1056.6	-0.0090249	11.370	0.10532	liquid
22.430	26.152	68.351	0.014630	0.039252	0.044570	1.9755	11.676	22.309	1056.6	-0.0090250	11.370	0.10532	liquid
22.430	26.155	68.351	0.014630	0.039251	0.044570	1.9755	11.676	22.309	1056.6	-0.0090250	11.370	0.10532	liquid
22.430	26.158	68.351	0.014630	0.039251	0.044570	1.9755	11.676	22.309	1056.6	-0.0090250	11.370	0.10532	liquid
22.430	26.161	68.351	0.014630	0.039251	0.044571	1.9755	11.676	22.309	1056.6	-0.0090251	11.370	0.10532	liquid
22.430	26.164	68.351	0.014630	0.039251	0.044571	1.9754	11.676	22.309	1056.6	-0.0090251	11.370	0.10532	liquid
22.430	26.167	68.351	0.014630	0.039250	0.044571	1.9754	11.676	22.309	1056.6	-0.0090251	11.370	0.10532	liquid
22.430	26.170	68.351	0.014630	0.039250	0.044572	1.9754	11.676	22.309	1056.6	-0.0090252	11.370	0.10532	liquid
22.430	26.173	68.351	0.014630	0.039250	0.044572	1.9754	11.676	22.308	1056.6	-0.0090252	11.370	0.10532	liquid
22.430	26.176	68.351	0.014630	0.039249	0.044572	1.9754	11.676	22.308	1056.6	-0.0090253	11.370	0.10532	liquid
22.430	26.179	68.351	0.014630	0.039249	0.044573	1.9754	11.676	22.308	1056.6	-0.0090253	11.370	0.10532	liquid
22.430	26.182	68.351	0.014630	0.039249	0.044573	1.9754	11.676	22.308	1056.6	-0.0090253	11.370	0.10532	liquid
22.430	26.185	68.351	0.014630	0.039249	0.044573	1.9754	11.676	22.308	1056.6	-0.0090254	11.370	0.10532	liquid
22.430	26.188	68.351	0.014630	0.039248	0.044574	1.9754	11.676	22.308	1056.6	-0.0090254	11.371	0.10532	liquid
22.430	26.191	68.351	0.014630	0.039248	0.044574	1.9753	11.676	22.308	1056.6	-0.0090254	11.371	0.10532	liquid
22.430	26.194	68.351	0.014630	0.039248	0.044574	1.9753	11.676	22.308	1056.6	-0.0090255	11.371	0.10532	liquid
22.430	26.197	68.351	0.014630	0.039248	0.044575	1.9753	11.676	22.308	1056.6	-0.0090255	11.371	0.10532	liquid
22.430	26.200	68.351	0.014630	0.039247	0.044575	1.9753	11.676	22.308	1056.6	-0.0090255	11.371	0.10532	liquid
22.430	26.203	68.351	0.014630	0.039247	0.044575	1.9753	11.676	22.308	1056.6	-0.0090256	11.371	0.10532	liquid
22.430	26.206	68.351	0.014630	0.039247	0.044576	1.9753	11.676	22.308	1056.6	-0.0090256	11.371	0.10532	liquid
22.430	26.209	68.351	0.014630	0.039246	0.044576	1.9753	11.676	22.308	1056.6	-0.0090257	11.371	0.10532	liquid
22.430	26.212	68.351	0.014630	0.039246	0.044576	1.9753	11.676	22.308	1056.6	-0.0090257	11.371	0.10532	liquid
22.430	26.215	68.351	0.014630	0.039246	0.044577	1.9752	11.676	22.308	1056.6	-0.0090257	11.371	0.10532	liquid
22.430	26.218	68.351	0.014630	0.039246	0.044577	1.9752	11.676	22.308	1056.6	-0.0090258	11.371	0.10532	liquid
22.430	26.221	68.351	0.014630	0.039245	0.044577	1.9752	11.676	22.308	1056.6	-0.0090258	11.371	0.10532	liquid
22.430	26.224	68.351	0.014630	0.039245	0.044578	1.9752	11.676	22.308	1056.6	-0.0090258	11.371	0.10532	liquid
22.430	26.227	68.351	0.014630	0.039245	0.044578	1.9752	11.676	22.308	1056.6	-0.0090259	11.371	0.10532	liquid
22.430	26.230	68.352	0.014630	0.039245	0.044578	1.9752	11.676	22.308	1056.6	-0.0090259	11.371	0.10532	liquid
22.430	26.233	68.352	0.014630	0.039244	0.044579	1.9752	11.676	22.308	1056.6	-0.0090260	11.371	0.10532	liquid
22.430	26.236	68.352	0.014630	0.039244	0.044579	1.9752	11.676	22.308	1056.6	-0.0090260	11.371	0.10532	liquid
22.430	26.239	68.352	0.014630	0.039244	0.044579	1.9751	11.676	22.308	1056.7	-0.0090260	11.371	0.10532	liquid
22.430	26.242	68.352	0.014630	0.039243	0.044580	1.9751	11.676	22.308	1056.7	-0.0090261	11.371	0.10532	liquid
22.430	26.245	68.352	0.014630	0.039243	0.044580	1.9751	11.676	22.308	1056.7	-0.0090261	11.371	0.10532	liquid
22.430	26.248	68.352	0.014630	0.039243	0.044580	1.9751	11.676	22.308	1056.7	-0.0090261	11.371	0.10532	liquid
22.430	26.251	68.352	0.014630	0.039243	0.044581	1.9751	11.676	22.308	1056.7	-0.0090262	11.371	0.10532	liquid
22.430	26.254	68.352	0.014630	0.039242	0.044581	1.9751	11.676	22.308	1056.7	-0.0090262	11.371	0.10532	liquid
22.430	26.257	68.352	0.014630	0.039242	0.044581	1.9751	11.676	22.308	1056.7	-0.0090262	11.371	0.10532	liquid
22.430	26.260	68.352	0.014630	0.039242	0.044582	1.9751	11.676	22.307	1056.7	-0.0090263	11.371	0.10532	liquid
22.430	26.263	68.352	0.014630	0.039242	0.044582	1.9750	11.676	22.307	1056.7	-0.0090263	11.371	0.10532	liquid
22.430	26.266	68.352	0.014630	0.039241	0.044582	1.9750	11.676	22.307	1056.7	-0.0090264	11.371	0.10532	liquid
22.430	26.269	68.352	0.014630	0.039241	0.044583	1.9750	11.676	22.307	1056.7	-0.0090264	11.371	0.10532	liquid
22.430	26.272	68.352	0.014630	0.039241	0.044583	1.9750	11.676	22.307	1056.7	-0.0090264	11.371	0.10532	liquid
22.430	26.275	68.352	0.014630	0.039240	0.044583	1.9750	11.676	22.307	1056.7	-0.0090265	11.371	0.10532	liquid
22.430	26.278	68.352	0.014630	0.039240	0.044584	1.9750	11.676	22.307	1056.7	-0.0090265	11.371	0.10532	liquid
22.430	26.281	68.352	0.014630	0.039240	0.044584	1.9750	11.676	22.307	1056.7	-0.0090265	11.371	0.10532	liquid
22.430	26.284	68.352	0.014630	0.039240	0.044584	1.9750	11.676	22.307	1056.7	-0.0090266	11.371	0.10532	liquid
22.430	26.287	68.352	0.014630	0.039239	0.044585	1.9749	11.676	22.307	1056.7	-0.0090266	11.371	0.10532	liquid
22.430	26.290	68.352	0.014630	0.039239	0.044585	1.9749	11.676	22.307	1056.7	-0.0090266	11.371	0.10532	liquid
22.430	26.293	68.352	0.014630	0.039239	0.044585	1.9749	11.676	22.307	1056.7	-0.0090267	11.371	0.10532	liquid
22.430	26.296	68.352	0.014630	0.039239	0.044586	1.9749	11.676	22.307	1056.7	-0.0090267	11.371	0.10532	liquid
22.430	26.299	68.352	0.014630	0.039238	0.044586	1.9749	11.676	22.307	1056.7	-0.0090268	11.371	0.10532	liquid
22.430	26.302	68.352	0.014630	0.039238	0.044587	1.9749	11.676	22.307	1056.7	-0.0090268	11.371	0.10532	liquid
22.430	26.305	68.352	0.014630	0.039238	0.044587	1.9749	11.676	22.307	1056.7	-0.0090268	11.371	0.10532	liquid
22.430	26.308	68.352	0.014630	0.039237	0.044587	1.9749	11.676	22.307	1056.7	-0.0090269	11.371	0.10532	liquid
22.430	26.311	68.352	0.014630	0.039237	0.044588	1.9749	11.676	22.307	1056.7	-0.0090269	11.371	0.10532	liquid
22.430	26.314	68.353	0.014630	0.039237	0.044588	1.9748	11.676	22.307	1056.7	-0.0090269	11.371	0.10532	liquid
22.430	26.317	68.353	0.014630	0.039237	0.044588	1.9748	11.676	22.307	1056.7	-0.0090270	11.371	0.10532	liquid
22.430	26.320	68.353	0.014630	0.039236	0.044589	1.9748	11.676	22.307	1056.7	-0.0090270	11.371	0.10532	liquid
22.430	26.323	68.353	0.014630	0.039236	0.044589	1.9748	11.676	22.307	1056.7	-0.0090270	11.371	0.10532	liquid
22.430	26.326	68.353	0.014630	0.039236	0.044589	1.9748	11.676	22.307	1056.7	-0.0090271	11.371	0.10532	liquid
22.430	26.329	68.353	0.014630	0.039236	0.044590	1.9748	11.676	22.307	1056.7	-0.0090271	11.371	0.10532	liquid
22.430	26.332	68.353	0.014630	0.039235	0.044590	1.9748	11.676	22.307	1056.7	-0.0090272	11.371	0.10532	liquid
22.430	26.335	68.353	0.014630	0.039235	0.044590	1.9748	11.676	22.307	1056.7	-0.0090272	11.371	0.10532	liquid
22.430	26.338	68.353	0.014630	0.039235	0.044591	1.9747	11.676	22.307	1056.7	-0.0090272	11.371	0.10532	liquid
22.430	26.341	68.353	0.014630	0.039234	0.044591	1.9747	11.676	22.307	1056.7	-0.0090273	11.371	0.10532	liquid
22.430	26.344	68.353	0.014630	0.039234	0.044591	1.9747	11.676	22.307	1056.7	-0.0090273	11.371	0.10532	liquid
22.430	26.347	68.353	0.014630	0.039234	0.044592	1.9747	11.676	22.306	1056.7	-0.0090273	11.372	0.10532	liquid
22.430	26.350	68.353	0.014630	0.039234	0.044592	1.9747	11.676	22.306	1056.7	-0.0090274	11.372	0.10532	liquid
22.430	26.353	68.353	0.014630	0.039233	0.044592	1.9747	11.676	22.306	1056.7	-0.0090274	11.372	0.10532	liquid
22.430	26.356	68.353	0.014630	0.039233	0.044593	1.9747	11.676	22.306	1056.7	-0.0090275	11.372	0.10532	liquid
22.430	26.359	68.353	0.014630	0.039233	0.044593	1.9747	11.676	22.306	1056.7	-0.0090275	11.372	0.10532	liquid
22.430	26.362	68.353	0.014630	0.039233	0.044593	1.9746	11.676	22.306	1056.7	-0.0090275	11.372	0.10532	liquid
22.430	26.365	68.353	0.014630	0.039232	0.044594	1.9746	11.676	22.306	1056.7	-0.0090276	11.372	0.10532	liquid
22.430	26.368	68.353	0.014630	0.039232	0.044594	1.9746	11.676	22.306	1056.7	-0.0090276	11.372	0.10532	liquid
22.430	26.371	68.353	0.014630	0.039232	0.044594	1.9746	11.676	22.306	1056.7	-0.0090276	11.372	0.10532	liquid
22.430	26.374	68.353	0.014630	0.039231	0.044595	1.9746	11.676	22.306	1056.7	-0.0090277	11.372	0.10532	liquid
22.430	26.377	68.353	0.014630	0.039231	0.044595	1.9746	11.676	22.306	1056.7	-0.0090277	11.372	0.10532	liquid
22.430	26.380	68.353	0.014630	0.039231	0.044595	1.9746	11.676	22.306	1056.7	-0.0090277	11.372	0.10532	liquid
22.430	26.383	68.353	0.014630	0.039231	0.044596	1.9746	11.676	22.306	1056.7	-0.0090278	11.372	0.10532	liquid
22.430	26.386	68.353	0.014630	0.039230	0.044596	1.9745	11.676	22.306	1056.7	-0.0090278	11.372	0.10532	liquid
22.430	26.389	68.353	0.014630	0.039230	0.044596	1.9745	11.676	22.306	1056.7	-0.0090279	11.372	0.10532	liquid
22.430	26.392	68.353	0.014630	0.039230	0.044597	1.9745	11.676	22.306	1056.7	-0.0090279	11.372	0.10532	liquid
22.430	26.395	68.353	0.014630	0.039230	0.044597	1.9745	11.676	22.306	1056.7	-0.0090279	11.372	0.10532	liquid
22.430	26.398	68.354	0.014630	0.039229	0.044597	1.9745	11.676	22.306	1056.7	-0.0090280	11.372	0.10532	liquid
22.430	26.401	68.354	0.014630	0.039229	0.044598	1.9745	11.676	22.306	1056.7	-0.0090280	11.372	0.10533	liquid
22.430	26.404	68.354	0.014630	0.039229	0.044598	1.9745	11.676	22.306	1056.7	-0.0090280	11.372	0.10533	liquid
22.430	26.407	68.354	0.014630	0.039228	0.044598	1.9745	11.676	22.306	1056.7	-0.0090281	11.372	0.10533	liquid
22.430	26.410	68.354	0.014630	0.039228	0.044599	1.9744	11.676	22.306	1056.7	-0.0090281	11.372	0.10533	liquid
22.430	26.413	68.354	0.014630	0.039228	0.044599	1.9744	11.676	22.306	1056.7	-0.0090281	11.372	0.10533	liquid
22.430	26.416	68.354	0.014630	0.039228	0.044599	1.9744	11.676	22.306	1056.7	-0.0090282	11.372	0.10533	liquid
22.430	26.419	68.354	0.014630	0.039227	0.044600	1.9744	11.676	22.306	1056.7	-0.0090282	11.372	0.10533	liquid
22.430	26.422	68.354	0.014630	0.039227	0.044600	1.9744	11.676	22.306	1056.7	-0.0090283	11.372	0.10533	liquid
22.430	26.425	68.354	0.014630	0.039227	0.044600	1.9744	11.676	22.306	1056.7	-0.0090283	11.372	0.10533	liquid
22.430	26.428	68.354	0.014630	0.039227	0.044601	1.9744	11.676	22.306	1056.7	-0.0090283	11.372	0.10533	liquid
22.430	26.431	68.354	0.014630	0.039226	0.044601	1.9744	11.676	22.306	1056.7	-0.0090284	11.372	0.10533	liquid
22.430	26.434	68.354	0.014630	0.039226	0.044601	1.9743	11.676	22.306	1056.7	-0.0090284	11.372	0.10533	liquid
22.430	26.437	68.354	0.014630	0.039226	0.044602	1.9743	11.676	22.305	1056.7	-0.0090284	11.372	0.10533	liquid
22.430	26.440	68.354	0.014630	0.039226	0.044602	1.9743	11.676	22.305	1056.7	-0.0090285	11.372	0.10533	liquid
22.430	26.443	68.354	0.014630	0.039225	0.044602	1.9743	11.676	22.305	1056.7	-0.0090285	11.372	0.10533	liquid
22.430	26.446	68.354	0.014630	0.039225	0.044603	1.9743	11.676	22.305	1056.7	-0.0090286	11.372	0.10533	liquid
22.430	26.449	68.354	0.014630	0.039225	0.044603	1.9743	11.676	22.305	1056.7	-0.0090286	11.372	0.10533	liquid
22.430	26.452	68.354	0.014630	0.039224	0.044603	1.9743	11.676	22.305	1056.7	-0.0090286	11.372	0.10533	liquid
22.430	26.455	68.354	0.014630	0.039224	0.044604	1.9743	11.676	22.305	1056.7	-0.0090287	11.372	0.10533	liquid
22.430	26.458	68.354	0.014630	0.039224	0.044604	1.9743	11.676	22.305	1056.7	-0.0090287	11.372	0.10533	liquid
22.430	26.461	68.354	0.014630	0.039224	0.044604	1.9742	11.676	22.305	1056.8	-0.0090287	11.372	0.10533	liquid
22.430	26.464	68.354	0.014630	0.039223	0.044605	1.9742	11.676	22.305	1056.8	-0.0090288	11.372	0.10533	liquid
22.430	26.467	68.354	0.014630	0.039223	0.044605	1.9742	11.676	22.305	1056.8	-0.0090288	11.372	0.10533	liquid
22.430	26.470	68.354	0.014630	0.039223	0.044605	1.9742	11.676	22.305	1056.8	-0.0090288	11.372	0.10533	liquid
22.430	26.473	68.354	0.014630	0.039223	0.044606	1.9742	11.676	22.305	1056.8	-0.0090289	11.372	0.10533	liquid
22.430	26.476	68.354	0.014630	0.039222	0.044606	1.9742	11.676	22.305	1056.8	-0.0090289	11.372	0.10533	liquid
22.430	26.479	68.354	0.014630	0.039222	0.044606	1.9742	11.676	22.305	1056.8	-0.0090290	11.372	0.10533	liquid
22.430	26.482	68.355	0.014630	0.039222	0.044607	1.9742	11.676	22.305	1056.8	-0.0090290	11.372	0.10533	liquid
22.430	26.485	68.355	0.014630	0.039221	0.044607	1.9741	11.676	22.305	1056.8	-0.0090290	11.372	0.10533	liquid
22.430	26.488	68.355	0.014630	0.039221	0.044607	1.9741	11.676	22.305	1056.8	-0.0090291	11.372	0.10533	liquid
22.430	26.491	68.355	0.014630	0.039221	0.044608	1.9741	11.676	22.305	1056.8	-0.0090291	11.372	0.10533	liquid
22.430	26.494	68.355	0.014630	0.039221	0.044608	1.9741	11.676	22.305	1056.8	-0.0090291	11.372	0.10533	liquid
22.430	26.497	68.355	0.014630	0.039220	0.044608	1.9741	11.676	22.305	1056.8	-0.0090292	11.372	0.10533	liquid
22.430	26.500	68.355	0.014630	0.039220	0.044609	1.9741	11.676	22.305	1056.8	-0.0090292	11.372	0.10533	liquid
22.430	26.503	68.355	0.014630	0.039220	0.044609	1.9741	11.676	22.305	1056.8	-0.0090292	11.373	0.10533	liquid
22.430	26.506	68.355	0.014630	0.039220	0.044609	1.9741	11.676	22.305	1056.8	-0.0090293	11.373	0.10533	liquid
22.430	26.509	68.355	0.014630	0.039219	0.044610	1.9740	11.676	22.305	1056.8	-0.0090293	11.373	0.10533	liquid
22.430	26.512	68.355	0.014630	0.039219	0.044610	1.9740	11.676	22.305	1056.8	-0.0090294	11.373	0.10533	liquid
22.430	26.515	68.355	0.014630	0.039219	0.044610	1.9740	11.676	22.305	1056.8	-0.0090294	11.373	0.10533	liquid
22.430	26.518	68.355	0.014630	0.039218	0.044611	1.9740	11.676	22.305	1056.8	-0.0090294	11.373	0.10533	liquid
22.430	26.521	68.355	0.014630	0.039218	0.044611	1.9740	11.676	22.305	1056.8	-0.0090295	11.373	0.10533	liquid
22.430	26.524	68.355	0.014630	0.039218	0.044611	1.9740	11.676	22.304	1056.8	-0.0090295	11.373	0.10533	liquid
22.430	26.527	68.355	0.014630	0.039218	0.044612	1.9740	11.676	22.304	1056.8	-0.0090295	11.373	0.10533	liquid
22.430	26.530	68.355	0.014629	0.039217	0.044612	1.9740	11.676	22.304	1056.8	-0.0090296	11.373	0.10533	liquid
22.430	26.533	68.355	0.014629	0.039217	0.044612	1.9739	11.676	22.304	1056.8	-0.0090296	11.373	0.10533	liquid
22.430	26.536	68.355	0.014629	0.039217	0.044613	1.9739	11.676	22.304	1056.8	-0.0090296	11.373	0.10533	liquid
22.430	26.539	68.355	0.014629	0.039217	0.044613	1.9739	11.676	22.304	1056.8	-0.0090297	11.373	0.10533	liquid
22.430	26.542	68.355	0.014629	0.039216	0.044613	1.9739	11.676	22.304	1056.8	-0.0090297	11.373	0.10533	liquid
22.430	26.545	68.355	0.014629	0.039216	0.044614	1.9739	11.676	22.304	1056.8	-0.0090298	11.373	0.10533	liquid
22.430	26.548	68.355	0.014629	0.039216	0.044614	1.9739	11.676	22.304	1056.8	-0.0090298	11.373	0.10533	liquid
22.430	26.551	68.355	0.014629	0.039215	0.044614	1.9739	11.676	22.304	1056.8	-0.0090298	11.373	0.10533	liquid
22.430	26.554	68.355	0.014629	0.039215	0.044615	1.9739	11.676	22.304	1056.8	-0.0090299	11.373	0.10533	liquid
22.430	26.557	68.355	0.014629	0.039215	0.044615	1.9738	11.676	22.304	1056.8	-0.0090299	11.373	0.10533	liquid
22.430	26.560	68.355	0.014629	0.039215	0.044615	1.9738	11.676	22.304	1056.8	-0.0090299	11.373	0.10533	liquid
22.430	26.563	68.355	0.014629	0.039214	0.044616	1.9738	11.676	22.304	1056.8	-0.0090300	11.373	0.10533	liquid
22.430	26.566	68.355	0.014629	0.039214	0.044616	1.9738	11.676	22.304	1056.8	-0.0090300	11.373	0.10533	liquid
22.430	26.569	68.356	0.014629	0.039214	0.044616	1.9738	11.676	22.304	1056.8	-0.0090301	11.373	0.10533	liquid
22.430	26.572	68.356	0.014629	0.039214	0.044617	1.9738	11.676	22.304	1056.8	-0.0090301	11.373	0.10533	liquid
22.430	26.575	68.356	0.014629	0.039213	0.044617	1.9738	11.676	22.304	1056.8	-0.0090301	11.373	0.10533	liquid
22.430	26.578	68.356	0.014629	0.039213	0.044617	1.9738	11.676	22.304	1056.8	-0.0090302	11.373	0.10533	liquid
22.430	26.581	68.356	0.014629	0.039213	0.044618	1.9737	11.676	22.304	1056.8	-0.0090302	11.373	0.10533	liquid
22.430	26.584	68.356	0.014629	0.039212	0.044618	1.9737	11.676	22.304	1056.8	-0.0090302	11.373	0.10533	liquid
22.430	26.587	68.356	0.014629	0.039212	0.044618	1.9737	11.676	22.304	1056.8	-0.0090303	11.373	0.10533	liquid
22.430	26.590	68.356	0.014629	0.039212	0.044619	1.9737	11.676	22.304	1056.8	-0.0090303	11.373	0.10533	liquid
22.430	26.593	68.356	0.014629	0.039212	0.044619	1.9737	11.676	22.304	1056.8	-0.0090303	11.373	0.10533	liquid
22.430	26.596	68.356	0.014629	0.039211	0.044619	1.9737	11.676	22.304	1056.8	-0.0090304	11.373	0.10533	liquid
22.430	26.599	68.356	0.014629	0.039211	0.044620	1.9737	11.676	22.304	1056.8	-0.0090304	11.373	0.10533	liquid
22.430	26.602	68.356	0.014629	0.039211	0.044620	1.9737	11.676	22.304	1056.8	-0.0090305	11.373	0.10533	liquid
22.430	26.605	68.356	0.014629	0.039211	0.044620	1.9737	11.676	22.304	1056.8	-0.0090305	11.373	0.10533	liquid
22.430	26.608	68.356	0.014629	0.039210	0.044621	1.9736	11.676	22.304	1056.8	-0.0090305	11.373	0.10533	liquid
22.430	26.611	68.356	0.014629	0.039210	0.044621	1.9736	11.676	22.303	1056.8	-0.0090306	11.373	0.10533	liquid
22.430	26.614	68.356	0.014629	0.039210	0.044621	1.9736	11.676	22.303	1056.8	-0.0090306	11.373	0.10533	liquid
22.430	26.617	68.356	0.014629	0.039209	0.044622	1.9736	11.676	22.303	1056.8	-0.0090306	11.373	0.10533	liquid
22.430	26.620	68.356	0.014629	0.039209	0.044622	1.9736	11.676	22.303	1056.8	-0.0090307	11.373	0.10533	liquid
22.430	26.623	68.356	0.014629	0.039209	0.044622	1.9736	11.676	22.303	1056.8	-0.0090307	11.373	0.10533	liquid
22.430	26.626	68.356	0.014629	0.039209	0.044623	1.9736	11.676	22.303	1056.8	-0.0090307	11.373	0.10533	liquid
22.430	26.629	68.356	0.014629	0.039208	0.044623	1.9736	11.676	22.303	1056.8	-0.0090308	11.373	0.10533	liquid
22.430	26.632	68.356	0.014629	0.039208	0.044623	1.9735	11.676	22.303	1056.8	-0.0090308	11.373	0.10533	liquid
22.430	26.635	68.356	0.014629	0.039208	0.044624	1.9735	11.676	22.303	1056.8	-0.0090309	11.373	0.10533	liquid
22.430	26.638	68.356	0.014629	0.039208	0.044624	1.9735	11.676	22.303	1056.8	-0.0090309	11.373	0.10533	liquid
22.430	26.641	68.356	0.014629	0.039207	0.044624	1.9735	11.676	22.303	1056.8	-0.0090309	11.373	0.10533	liquid
22.430	26.644	68.356	0.014629	0.039207	0.044625	1.9735	11.676	22.303	1056.8	-0.0090310	11.373	0.10533	liquid
22.430	26.647	68.356	0.014629	0.039207	0.044625	1.9735	11.676	22.303	1056.8	-0.0090310	11.373	0.10533	liquid
22.430	26.650	68.356	0.014629	0.039206	0.044625	1.9735	11.676	22.303	1056.8	-0.0090310	11.373	0.10533	liquid
22.430	26.653	68.357	0.014629	0.039206	0.044626	1.9735	11.676	22.303	1056.8	-0.0090311	11.373	0.10533	liquid
22.430	26.656	68.357	0.014629	0.039206	0.044626	1.9734	11.676	22.303	1056.8	-0.0090311	11.373	0.10533	liquid
22.430	26.659	68.357	0.014629	0.039206	0.044626	1.9734	11.676	22.303	1056.8	-0.0090311	11.374	0.10533	liquid
22.430	26.662	68.357	0.014629	0.039205	0.044627	1.9734	11.676	22.303	1056.8	-0.0090312	11.374	0.10533	liquid
22.430	26.665	68.357	0.014629	0.039205	0.044627	1.9734	11.676	22.303	1056.8	-0.0090312	11.374	0.10533	liquid
22.430	26.668	68.357	0.014629	0.039205	0.044627	1.9734	11.676	22.303	1056.8	-0.0090313	11.374	0.10533	liquid
22.430	26.671	68.357	0.014629	0.039205	0.044628	1.9734	11.676	22.303	1056.8	-0.0090313	11.374	0.10533	liquid
22.430	26.674	68.357	0.014629	0.039204	0.044628	1.9734	11.676	22.303	1056.8	-0.0090313	11.374	0.10533	liquid
22.430	26.677	68.357	0.014629	0.039204	0.044628	1.9734	11.676	22.303	1056.8	-0.0090314	11.374	0.10533	liquid
22.430	26.680	68.357	0.014629	0.039204	0.044629	1.9733	11.676	22.303	1056.9	-0.0090314	11.374	0.10533	liquid
22.430	26.683	68.357	0.014629	0.039204	0.044629	1.9733	11.676	22.303	1056.9	-0.0090314	11.374	0.10533	liquid
22.430	26.686	68.357	0.014629	0.039203	0.044629	1.9733	11.676	22.303	1056.9	-0.0090315	11.374	0.10533	liquid
22.430	26.689	68.357	0.014629	0.039203	0.044630	1.9733	11.676	22.303	1056.9	-0.0090315	11.374	0.10533	liquid
22.430	26.692	68.357	0.014629	0.039203	0.044630	1.9733	11.676	22.303	1056.9	-0.0090316	11.374	0.10533	liquid
22.430	26.695	68.357	0.014629	0.039202	0.044630	1.9733	11.676	22.303	1056.9	-0.0090316	11.374	0.10533	liquid
22.430	26.698	68.357	0.014629	0.039202	0.044631	1.9733	11.676	22.302	1056.9	-0.0090316	11.374	0.10533	liquid
22.430	26.701	68.357	0.014629	0.039202	0.044631	1.9733	11.676	22.302	1056.9	-0.0090317	11.374	0.10533	liquid
22.430	26.704	68.357	0.014629	0.039202	0.044631	1.9732	11.676	22.302	1056.9	-0.0090317	11.374	0.10533	liquid
22.430	26.707	68.357	0.014629	0.039201	0.044632	1.9732	11.676	22.302	1056.9	-0.0090317	11.374	0.10533	liquid
22.430	26.710	68.357	0.014629	0.039201	0.044632	1.9732	11.676	22.302	1056.9	-0.0090318	11.374	0.10533	liquid
22.430	26.713	68.357	0.014629	0.039201	0.044632	1.9732	11.676	22.302	1056.9	-0.0090318	11.374	0.10533	liquid
22.430	26.716	68.357	0.014629	0.039201	0.044633	1.9732	11.676	22.302	1056.9	-0.0090318	11.374	0.10533	liquid
22.430	26.719	68.357	0.014629	0.039200	0.044633	1.9732	11.676	22.302	1056.9	-0.0090319	11.374	0.10533	liquid
22.430	26.722	68.357	0.014629	0.039200	0.044633	1.9732	11.676	22.302	1056.9	-0.0090319	11.374	0.10533	liquid
22.430	26.725	68.357	0.014629	0.039200	0.044634	1.9732	11.676	22.302	1056.9	-0.0090320	11.374	0.10533	liquid
22.430	26.728	68.357	0.014629	0.039199	0.044634	1.9732	11.676	22.302	1056.9	-0.0090320	11.374	0.10533	liquid
22.430	26.731	68.357	0.014629	0.039199	0.044634	1.9731	11.676	22.302	1056.9	-0.0090320	11.374	0.10533	liquid
22.430	26.734	68.357	0.014629	0.039199	0.044635	1.9731	11.676	22.302	1056.9	-0.0090321	11.374	0.10533	liquid
22.430	26.737	68.358	0.014629	0.039199	0.044635	1.9731	11.676	22.302	1056.9	-0.0090321	11.374	0.10533	liquid
22.430	26.740	68.358	0.014629	0.039198	0.044636	1.9731	11.676	22.302	1056.9	-0.0090321	11.374	0.10533	liquid
22.430	26.743	68.358	0.014629	0.039198	0.044636	1.9731	11.676	22.302	1056.9	-0.0090322	11.374	0.10533	liquid
22.430	26.746	68.358	0.014629	0.039198	0.044636	1.9731	11.676	22.302	1056.9	-0.0090322	11.374	0.10533	liquid
22.430	26.749	68.358	0.014629	0.039198	0.044637	1.9731	11.676	22.302	1056.9	-0.0090322	11.374	0.10533	liquid
22.430	26.752	68.358	0.014629	0.039197	0.044637	1.9731	11.676	22.302	1056.9	-0.0090323	11.374	0.10533	liquid
22.430	26.755	68.358	0.014629	0.039197	0.044637	1.9730	11.676	22.302	1056.9	-0.0090323	11.374	0.10533	liquid
22.430	26.758	68.358	0.014629	0.039197	0.044638	1.9730	11.676	22.302	1056.9	-0.0090324	11.374	0.10533	liquid
22.430	26.761	68.358	0.014629	0.039196	0.044638	1.9730	11.676	22.302	1056.9	-0.0090324	11.374	0.10533	liquid
22.430	26.764	68.358	0.014629	0.039196	0.044638	1.9730	11.676	22.302	1056.9	-0.0090324	11.374	0.10533	liquid
22.430	26.767	68.358	0.014629	0.039196	0.044639	1.9730	11.676	22.302	1056.9	-0.0090325	11.374	0.10533	liquid
22.430	26.770	68.358	0.014629	0.039196	0.044639	1.9730	11.676	22.302	1056.9	-0.0090325	11.374	0.10533	liquid
22.430	26.773	68.358	0.014629	0.039195	0.044639	1.9730	11.676	22.302	1056.9	-0.0090325	11.374	0.10533	liquid
22.430	26.776	68.358	0.014629	0.039195	0.044640	1.9730	11.676	22.302	1056.9	-0.0090326	11.374	0.10533	liquid
22.430	26.779	68.358	0.014629	0.039195	0.044640	1.9729	11.676	22.302	1056.9	-0.0090326	11.374	0.10533	liquid
22.430	26.782	68.358	0.014629	0.039195	0.044640	1.9729	11.676	22.302	1056.9	-0.0090326	11.374	0.10533	liquid
22.430	26.785	68.358	0.014629	0.039194	0.044641	1.9729	11.676	22.302	1056.9	-0.0090327	11.374	0.10533	liquid
22.430	26.788	68.358	0.014629	0.039194	0.044641	1.9729	11.676	22.301	1056.9	-0.0090327	11.374	0.10533	liquid
22.430	26.791	68.358	0.014629	0.039194	0.044641	1.9729	11.676	22.301	1056.9	-0.0090328	11.374	0.10533	liquid
22.430	26.794	68.358	0.014629	0.039193	0.044642	1.9729	11.676	22.301	1056.9	-0.0090328	11.374	0.10533	liquid
22.430	26.797	68.358	0.014629	0.039193	0.044642	1.9729	11.676	22.301	1056.9	-0.0090328	11.374	0.10533	liquid
22.430	26.800	68.358	0.014629	0.039193	0.044642	1.9729	11.676	22.301	1056.9	-0.0090329	11.374	0.10533	liquid
22.430	26.803	68.358	0.014629	0.039193	0.044643	1.9728	11.676	22.301	1056.9	-0.0090329	11.374	0.10533	liquid
22.430	26.806	68.358	0.014629	0.039192	0.044643	1.9728	11.676	22.301	1056.9	-0.0090329	11.374	0.10533	liquid
22.430	26.809	68.358	0.014629	0.039192	0.044643	1.9728	11.676	22.301	1056.9	-0.0090330	11.374	0.10533	liquid
22.430	26.812	68.358	0.014629	0.039192	0.044644	1.9728	11.676	22.301	1056.9	-0.0090330	11.374	0.10533	liquid
22.430	26.815	68.358	0.014629	0.039192	0.044644	1.9728	11.676	22.301	1056.9	-0.0090330	11.375	0.10533	liquid
22.430	26.818	68.358	0.014629	0.039191	0.044644	1.9728	11.676	22.301	1056.9	-0.0090331	11.375	0.10533	liquid
22.430	26.821	68.358	0.014629	0.039191	0.044645	1.9728	11.676	22.301	1056.9	-0.0090331	11.375	0.10533	liquid
22.430	26.824	68.359	0.014629	0.039191	0.044645	1.9728	11.676	22.301	1056.9	-0.0090332	11.375	0.10533	liquid
22.430	26.827	68.359	0.014629	0.039190	0.044645	1.9727	11.676	22.301	1056.9	-0.0090332	11.375	0.10533	liquid
22.430	26.830	68.359	0.014629	0.039190	0.044646	1.9727	11.676	22.301	1056.9	-0.0090332	11.375	0.10533	liquid
22.430	26.833	68.359	0.014629	0.039190	0.044646	1.9727	11.676	22.301	1056.9	-0.0090333	11.375	0.10533	liquid
22.430	26.836	68.359	0.014629	0.039190	0.044646	1.9727	11.676	22.301	1056.9	-0.0090333	11.375	0.10533	liquid
22.430	26.839	68.359	0.014629	0.039189	0.044647	1.9727	11.676	22.301	1056.9	-0.0090333	11.375	0.10533	liquid
22.430	26.842	68.359	0.014629	0.039189	0.044647	1.9727	11.676	22.301	1056.9	-0.0090334	11.375	0.10534	liquid
22.430	26.845	68.359	0.014629	0.039189	0.044647	1.9727	11.676	22.301	1056.9	-0.0090334	11.375	0.10534	liquid
22.430	26.848	68.359	0.014629	0.039189	0.044648	1.9727	11.676	22.301	1056.9	-0.0090335	11.375	0.10534	liquid
22.430	26.851	68.359	0.014629	0.039188	0.044648	1.9726	11.676	22.301	1056.9	-0.0090335	11.375	0.10534	liquid
22.430	26.854	68.359	0.014629	0.039188	0.044648	1.9726	11.676	22.301	1056.9	-0.0090335	11.375	0.10534	liquid
22.430	26.857	68.359	0.014629	0.039188	0.044649	1.9726	11.676	22.301	1056.9	-0.0090336	11.375	0.10534	liquid
22.430	26.860	68.359	0.014629	0.039187	0.044649	1.9726	11.676	22.301	1056.9	-0.0090336	11.375	0.10534	liquid
22.430	26.863	68.359	0.014629	0.039187	0.044649	1.9726	11.676	22.301	1056.9	-0.0090336	11.375	0.10534	liquid
22.430	26.866	68.359	0.014629	0.039187	0.044650	1.9726	11.676	22.301	1056.9	-0.0090337	11.375	0.10534	liquid
22.430	26.869	68.359	0.014629	0.039187	0.044650	1.9726	11.676	22.301	1056.9	-0.0090337	11.375	0.10534	liquid
22.430	26.872	68.359	0.014629	0.039186	0.044650	1.9726	11.676	22.301	1056.9	-0.0090337	11.375	0.10534	liquid
22.430	26.875	68.359	0.014629	0.039186	0.044651	1.9726	11.676	22.300	1056.9	-0.0090338	11.375	0.10534	liquid
22.430	26.878	68.359	0.014629	0.039186	0.044651	1.9725	11.676	22.300	1056.9	-0.0090338	11.375	0.10534	liquid
22.430	26.881	68.359	0.014629	0.039186	0.044651	1.9725	11.676	22.300	1056.9	-0.0090339	11.375	0.10534	liquid
22.430	26.884	68.359	0.014629	0.039185	0.044652	1.9725	11.676	22.300	1056.9	-0.0090339	11.375	0.10534	liquid
22.430	26.887	68.359	0.014629	0.039185	0.044652	1.9725	11.676	22.300	1056.9	-0.0090339	11.375	0.10534	liquid
22.430	26.890	68.359	0.014629	0.039185	0.044652	1.9725	11.676	22.300	1056.9	-0.0090340	11.375	0.10534	liquid
22.430	26.893	68.359	0.014629	0.039185	0.044653	1.9725	11.676	22.300	1056.9	-0.0090340	11.375	0.10534	liquid
22.430	26.896	68.359	0.014629	0.039184	0.044653	1.9725	11.676	22.300	1056.9	-0.0090340	11.375	0.10534	liquid
22.430	26.899	68.359	0.014629	0.039184	0.044653	1.9725	11.676	22.300	1056.9	-0.0090341	11.375	0.10534	liquid
22.430	26.902	68.359	0.014629	0.039184	0.044654	1.9724	11.676	22.300	1057.0	-0.0090341	11.375	0.10534	liquid
22.430	26.905	68.359	0.014629	0.039183	0.044654	1.9724	11.676	22.300	1057.0	-0.0090341	11.375	0.10534	liquid
22.430	26.908	68.360	0.014629	0.039183	0.044654	1.9724	11.676	22.300	1057.0	-0.0090342	11.375	0.10534	liquid
22.430	26.911	68.360	0.014629	0.039183	0.044655	1.9724	11.676	22.300	1057.0	-0.0090342	11.375	0.10534	liquid
22.430	26.914	68.360	0.014629	0.039183	0.044655	1.9724	11.676	22.300	1057.0	-0.0090343	11.375	0.10534	liquid
22.430	26.917	68.360	0.014629	0.039182	0.044655	1.9724	11.676	22.300	1057.0	-0.0090343	11.375	0.10534	liquid
22.430	26.920	68.360	0.014629	0.039182	0.044656	1.9724	11.676	22.300	1057.0	-0.0090343	11.375	0.10534	liquid
22.430	26.923	68.360	0.014629	0.039182	0.044656	1.9724	11.676	22.300	1057.0	-0.0090344	11.375	0.10534	liquid
22.430	26.926	68.360	0.014628	0.039182	0.044656	1.9723	11.676	22.300	1057.0	-0.0090344	11.375	0.10534	liquid
22.430	26.929	68.360	0.014628	0.039181	0.044657	1.9723	11.676	22.300	1057.0	-0.0090344	11.375	0.10534	liquid
22.430	26.932	68.360	0.014628	0.039181	0.044657	1.9723	11.676	22.300	1057.0	-0.0090345	11.375	0.10534	liquid
22.430	26.935	68.360	0.014628	0.039181	0.044657	1.9723	11.676	22.300	1057.0	-0.0090345	11.375	0.10534	liquid
22.430	26.938	68.360	0.014628	0.039180	0.044658	1.9723	11.676	22.300	1057.0	-0.0090345	11.375	0.10534	liquid
22.430	26.941	68.360	0.014628	0.039180	0.044658	1.9723	11.676	22.300	1057.0	-0.0090346	11.375	0.10534	liquid
22.430	26.944	68.360	0.014628	0.039180	0.044658	1.9723	11.676	22.300	1057.0	-0.0090346	11.375	0.10534	liquid
22.430	26.947	68.360	0.014628	0.039180	0.044659	1.9723	11.676	22.300	1057.0	-0.0090347	11.375	0.10534	liquid
22.430	26.950	68.360	0.014628	0.039179	0.044659	1.9722	11.676	22.300	1057.0	-0.0090347	11.375	0.10534	liquid
22.430	26.953	68.360	0.014628	0.039179	0.044659	1.9722	11.676	22.300	1057.0	-0.0090347	11.375	0.10534	liquid
22.430	26.956	68.360	0.014628	0.039179	0.044660	1.9722	11.676	22.300	1057.0	-0.0090348	11.375	0.10534	liquid
22.430	26.959	68.360	0.014628	0.039179	0.044660	1.9722	11.676	22.300	1057.0	-0.0090348	11.375	0.10534	liquid
22.430	26.962	68.360	0.014628	0.039178	0.044660	1.9722	11.676	22.299	1057.0	-0.0090348	11.375	0.10534	liquid
22.430	26.965	68.360	0.014628	0.039178	0.044661	1.9722	11.676	22.299	1057.0	-0.0090349	11.375	0.10534	liquid
22.430	26.968	68.360	0.014628	0.039178	0.044661	1.9722	11.676	22.299	1057.0	-0.0090349	11.375	0.10534	liquid
22.430	26.971	68.360	0.014628	0.039177	0.044661	1.9722	11.676	22.299	1057.0	-0.0090350	11.376	0.10534	liquid
22.430	26.974	68.360	0.014628	0.039177	0.044662	1.9721	11.676	22.299	1057.0	-0.0090350	11.376	0.10534	liquid
22.430	26.977	68.360	0.014628	0.039177	0.044662	1.9721	11.676	22.299	1057.0	-0.0090350	11.376	0.10534	liquid
22.430	26.980	68.360	0.014628	0.039177	0.044662	1.9721	11.676	22.299	1057.0	-0.0090351	11.376	0.10534	liquid
22.430	26.983	68.360	0.014628	0.039176	0.044663	1.9721	11.676	22.299	1057.0	-0.0090351	11.376	0.10534	liquid
22.430	26.986	68.360	0.014628	0.039176	0.044663	1.9721	11.676	22.299	1057.0	-0.0090351	11.376	0.10534	liquid
22.430	26.989	68.360	0.014628	0.039176	0.044663	1.9721	11.676	22.299	1057.0	-0.0090352	11.376	0.10534	liquid
22.430	26.992	68.361	0.014628	0.039176	0.044664	1.9721	11.676	22.299	1057.0	-0.0090352	11.376	0.10534	liquid
22.430	26.995	68.361	0.014628	0.039175	0.044664	1.9721	11.676	22.299	1057.0	-0.0090352	11.376	0.10534	liquid
22.430	26.998	68.361	0.014628	0.039175	0.044664	1.9720	11.676	22.299	1057.0	-0.0090353	11.376	0.10534	liquid
22.430	27.001	68.361	0.014628	0.039175	0.044665	1.9720	11.676	22.299	1057.0	-0.0090353	11.376	0.10534	liquid
22.430	27.004	68.361	0.014628	0.039174	0.044665	1.9720	11.676	22.299	1057.0	-0.0090354	11.376	0.10534	liquid
22.430	27.007	68.361	0.014628	0.039174	0.044665	1.9720	11.676	22.299	1057.0	-0.0090354	11.376	0.10534	liquid
22.430	27.010	68.361	0.014628	0.039174	0.044666	1.9720	11.676	22.299	1057.0	-0.0090354	11.376	0.10534	liquid
22.430	27.013	68.361	0.014628	0.039174	0.044666	1.9720	11.676	22.299	1057.0	-0.0090355	11.376	0.10534	liquid
22.430	27.016	68.361	0.014628	0.039173	0.044666	1.9720	11.676	22.299	1057.0	-0.0090355	11.376	0.10534	liquid
22.430	27.019	68.361	0.014628	0.039173	0.044667	1.9720	11.676	22.299	1057.0	-0.0090355	11.376	0.10534	liquid
22.430	27.022	68.361	0.014628	0.039173	0.044667	1.9720	11.676	22.299	1057.0	-0.0090356	11.376	0.10534	liquid
22.430	27.025	68.361	0.014628	0.039173	0.044667	1.9719	11.676	22.299	1057.0	-0.0090356	11.376	0.10534	liquid
22.430	27.028	68.361	0.014628	0.039172	0.044668	1.9719	11.676	22.299	1057.0	-0.0090356	11.376	0.10534	liquid
22.430	27.031	68.361	0.014628	0.039172	0.044668	1.9719	11.676	22.299	1057.0	-0.0090357	11.376	0.10534	liquid
22.430	27.034	68.361	0.014628	0.039172	0.044668	1.9719	11.676	22.299	1057.0	-0.0090357	11.376	0.10534	liquid
22.430	27.037	68.361	0.014628	0.039171	0.044669	1.9719	11.676	22.299	1057.0	-0.0090358	11.376	0.10534	liquid
22.430	27.040	68.361	0.014628	0.039171	0.044669	1.9719	11.676	22.299	1057.0	-0.0090358	11.376	0.10534	liquid
22.430	27.043	68.361	0.014628	0.039171	0.044669	1.9719	11.676	22.299	1057.0	-0.0090358	11.376	0.10534	liquid
22.430	27.046	68.361	0.014628	0.039171	0.044670	1.9719	11.676	22.299	1057.0	-0.0090359	11.376	0.10534	liquid
22.430	27.049	68.361	0.014628	0.039170	0.044670	1.9718	11.676	22.299	1057.0	-0.0090359	11.376	0.10534	liquid
22.430	27.052	68.361	0.014628	0.039170	0.044670	1.9718	11.676	22.298	1057.0	-0.0090359	11.376	0.10534	liquid
22.430	27.055	68.361	0.014628	0.039170	0.044671	1.9718	11.676	22.298	1057.0	-0.0090360	11.376	0.10534	liquid
22.430	27.058	68.361	0.014628	0.039170	0.044671	1.9718	11.676	22.298	1057.0	-0.0090360	11.376	0.10534	liquid
22.430	27.061	68.361	0.014628	0.039169	0.044671	1.9718	11.676	22.298	1057.0	-0.0090360	11.376	0.10534	liquid
22.430	27.064	68.361	0.014628	0.039169	0.044672	1.9718	11.676	22.298	1057.0	-0.0090361	11.376	0.10534	liquid
22.430	27.067	68.361	0.014628	0.039169	0.044672	1.9718	11.676	22.298	1057.0	-0.0090361	11.376	0.10534	liquid
22.430	27.070	68.361	0.014628	0.039169	0.044672	1.9718	11.676	22.298	1057.0	-0.0090362	11.376	0.10534	liquid
22.430	27.073	68.361	0.014628	0.039168	0.044673	1.9717	11.676	22.298	1057.0	-0.0090362	11.376	0.10534	liquid
22.430	27.076	68.362	0.014628	0.039168	0.044673	1.9717	11.676	22.298	1057.0	-0.0090362	11.376	0.10534	liquid
22.430	27.079	68.362	0.014628	0.039168	0.044673	1.9717	11.676	22.298	1057.0	-0.0090363	11.376	0.10534	liquid
22.430	27.082	68.362	0.014628	0.039167	0.044674	1.9717	11.676	22.298	1057.0	-0.0090363	11.376	0.10534	liquid
22.430	27.085	68.362	0.014628	0.039167	0.044674	1.9717	11.676	22.298	1057.0	-0.0090363	11.376	0.10534	liquid
22.430	27.088	68.362	0.014628	0.039167	0.044674	1.9717	11.676	22.298	1057.0	-0.0090364	11.376	0.10534	liquid
22.430	27.091	68.362	0.014628	0.039167	0.044675	1.9717	11.676	22.298	1057.0	-0.0090364	11.376	0.10534	liquid
22.430	27.094	68.362	0.014628	0.039166	0.044675	1.9717	11.676	22.298	1057.0	-0.0090364	11.376	0.10534	liquid
22.430	27.097	68.362	0.014628	0.039166	0.044675	1.9716	11.676	22.298	1057.0	-0.0090365	11.376	0.10534	liquid
22.430	27.100	68.362	0.014628	0.039166	0.044676	1.9716	11.676	22.298	1057.0	-0.0090365	11.376	0.10534	liquid
22.430	27.103	68.362	0.014628	0.039166	0.044676	1.9716	11.676	22.298	1057.0	-0.0090366	11.376	0.10534	liquid
22.430	27.106	68.362	0.014628	0.039165	0.044676	1.9716	11.676	22.298	1057.0	-0.0090366	11.376	0.10534	liquid
22.430	27.109	68.362	0.014628	0.039165	0.044677	1.9716	11.676	22.298	1057.0	-0.0090366	11.376	0.10534	liquid
22.430	27.112	68.362	0.014628	0.039165	0.044677	1.9716	11.676	22.298	1057.0	-0.0090367	11.376	0.10534	liquid
22.430	27.115	68.362	0.014628	0.039164	0.044677	1.9716	11.676	22.298	1057.0	-0.0090367	11.376	0.10534	liquid
22.430	27.118	68.362	0.014628	0.039164	0.044678	1.9716	11.676	22.298	1057.0	-0.0090367	11.376	0.10534	liquid
22.430	27.121	68.362	0.014628	0.039164	0.044678	1.9715	11.676	22.298	1057.1	-0.0090368	11.376	0.10534	liquid
22.430	27.124	68.362	0.014628	0.039164	0.044678	1.9715	11.676	22.298	1057.1	-0.0090368	11.376	0.10534	liquid
22.430	27.127	68.362	0.014628	0.039163	0.044679	1.9715	11.676	22.298	1057.1	-0.0090369	11.377	0.10534	liquid
22.430	27.130	68.362	0.014628	0.039163	0.044679	1.9715	11.676	22.298	1057.1	-0.0090369	11.377	0.10534	liquid
22.430	27.133	68.362	0.014628	0.039163	0.044679	1.9715	11.676	22.298	1057.1	-0.0090369	11.377	0.10534	liquid
22.430	27.136	68.362	0.014628	0.039163	0.044680	1.9715	11.676	22.298	1057.1	-0.0090370	11.377	0.10534	liquid
22.430	27.139	68.362	0.014628	0.039162	0.044680	1.9715	11.676	22.297	1057.1	-0.0090370	11.377	0.10534	liquid
22.430	27.142	68.362	0.014628	0.039162	0.044681	1.9715	11.676	22.297	1057.1	-0.0090370	11.377	0.10534	liquid
22.430	27.145	68.362	0.014628	0.039162	0.044681	1.9715	11.676	22.297	1057.1	-0.0090371	11.377	0.10534	liquid
22.430	27.148	68.362	0.014628	0.039161	0.044681	1.9714	11.676	22.297	1057.1	-0.0090371	11.377	0.10534	liquid
22.430	27.151	68.362	0.014628	0.039161	0.044682	1.9714	11.676	22.297	1057.1	-0.0090371	11.377	0.10534	liquid
22.430	27.154	68.362	0.014628	0.039161	0.044682	1.9714	11.676	22.297	1057.1	-0.0090372	11.377	0.10534	liquid
22.430	27.157	68.362	0.014628	0.039161	0.044682	1.9714	11.676	22.297	1057.1	-0.0090372	11.377	0.10534	liquid
22.430	27.160	68.362	0.014628	0.039160	0.044683	1.9714	11.676	22.297	1057.1	-0.0090373	11.377	0.10534	liquid
22.430	27.163	68.363	0.014628	0.039160	0.044683	1.9714	11.676	22.297	1057.1	-0.0090373	11.377	0.10534	liquid
22.430	27.166	68.363	0.014628	0.039160	0.044683	1.9714	11.676	22.297	1057.1	-0.0090373	11.377	0.10534	liquid
22.430	27.169	68.363	0.014628	0.039160	0.044684	1.9714	11.676	22.297	1057.1	-0.0090374	11.377	0.10534	liquid
22.430	27.172	68.363	0.014628	0.039159	0.044684	1.9713	11.676	22.297	1057.1	-0.0090374	11.377	0.10534	liquid
22.430	27.175	68.363	0.014628	0.039159	0.044684	1.9713	11.676	22.297	1057.1	-0.0090374	11.377	0.10534	liquid
22.430	27.178	68.363	0.014628	0.039159	0.044685	1.9713	11.676	22.297	1057.1	-0.0090375	11.377	0.10534	liquid
22.430	27.181	68.363	0.014628	0.039158	0.044685	1.9713	11.676	22.297	1057.1	-0.0090375	11.377	0.10534	liquid
22.430	27.184	68.363	0.014628	0.039158	0.044685	1.9713	11.676	22.297	1057.1	-0.0090375	11.377	0.10534	liquid
22.430	27.187	68.363	0.014628	0.039158	0.044686	1.9713	11.676	22.297	1057.1	-0.0090376	11.377	0.10534	liquid
22.430	27.190	68.363	0.014628	0.039158	0.044686	1.9713	11.676	22.297	1057.1	-0.0090376	11.377	0.10534	liquid
22.430	27.193	68.363	0.014628	0.039157	0.044686	1.9713	11.676	22.297	1057.1	-0.0090377	11.377	0.10534	liquid
22.430	27.196	68.363	0.014628	0.039157	0.044687	1.9712	11.676	22.297	1057.1	-0.0090377	11.377	0.10534	liquid
22.430	27.199	68.363	0.014628	0.039157	0.044687	1.9712	11.676	22.297	1057.1	-0.0090377	11.377	0.10534	liquid
22.430	27.202	68.363	0.014628	0.039157	0.044687	1.9712	11.676	22.297	1057.1	-0.0090378	11.377	0.10534	liquid
22.430	27.205	68.363	0.014628	0.039156	0.044688	1.9712	11.676	22.297	1057.1	-0.0090378	11.377	0.10534	liquid
22.430	27.208	68.363	0.014628	0.039156	0.044688	1.9712	11.676	22.297	1057.1	-0.0090378	11.377	0.10534	liquid
22.430	27.211	68.363	0.014628	0.039156	0.044688	1.9712	11.676	22.297	1057.1	-0.0090379	11.377	0.10534	liquid
22.430	27.214	68.363	0.014628	0.039155	0.044689	1.9712	11.676	22.297	1057.1	-0.0090379	11.377	0.10534	liquid
22.430	27.217	68.363	0.014628	0.039155	0.044689	1.9712	11.676	22.297	1057.1	-0.0090379	11.377	0.10534	liquid
22.430	27.220	68.363	0.014628	0.039155	0.044689	1.9711	11.676	22.297	1057.1	-0.0090380	11.377	0.10534	liquid
22.430	27.223	68.363	0.014628	0.039155	0.044690	1.9711	11.676	22.297	1057.1	-0.0090380	11.377	0.10534	liquid
22.430	27.226	68.363	0.014628	0.039154	0.044690	1.9711	11.676	22.296	1057.1	-0.0090381	11.377	0.10534	liquid
22.430	27.229	68.363	0.014628	0.039154	0.044690	1.9711	11.676	22.296	1057.1	-0.0090381	11.377	0.10534	liquid
22.430	27.232	68.363	0.014628	0.039154	0.044691	1.9711	11.676	22.296	1057.1	-0.0090381	11.377	0.10534	liquid
22.430	27.235	68.363	0.014628	0.039154	0.044691	1.9711	11.676	22.296	1057.1	-0.0090382	11.377	0.10534	liquid
22.430	27.238	68.363	0.014628	0.039153	0.044691	1.9711	11.676	22.296	1057.1	-0.0090382	11.377	0.10534	liquid
22.430	27.241	68.363	0.014628	0.039153	0.044692	1.9711	11.676	22.296	1057.1	-0.0090382	11.377	0.10534	liquid
22.430	27.244	68.363	0.014628	0.039153	0.044692	1.9710	11.676	22.296	1057.1	-0.0090383	11.377	0.10534	liquid
22.430	27.247	68.364	0.014628	0.039152	0.044692	1.9710	11.676	22.296	1057.1	-0.0090383	11.377	0.10534	liquid
22.430	27.250	68.364	0.014628	0.039152	0.044693	1.9710	11.676	22.296	1057.1	-0.0090383	11.377	0.10534	liquid
22.430	27.253	68.364	0.014628	0.039152	0.044693	1.9710	11.676	22.296	1057.1	-0.0090384	11.377	0.10534	liquid
22.430	27.256	68.364	0.014628	0.039152	0.044693	1.9710	11.676	22.296	1057.1	-0.0090384	11.377	0.10534	liquid
22.430	27.259	68.364	0.014628	0.039151	0.044694	1.9710	11.676	22.296	1057.1	-0.0090385	11.377	0.10534	liquid
22.430	27.262	68.364	0.014628	0.039151	0.044694	1.9710	11.676	22.296	1057.1	-0.0090385	11.377	0.10534	liquid
22.430	27.265	68.364	0.014628	0.039151	0.044694	1.9710	11.676	22.296	1057.1	-0.0090385	11.377	0.10534	liquid
22.430	27.268	68.364	0.014628	0.039151	0.044695	1.9709	11.676	22.296	1057.1	-0.0090386	11.377	0.10534	liquid
22.430	27.271	68.364	0.014628	0.039150	0.044695	1.9709	11.676	22.296	1057.1	-0.0090386	11.377	0.10534	liquid
22.430	27.274	68.364	0.014628	0.039150	0.044695	1.9709	11.676	22.296	1057.1	-0.0090386	11.377	0.10534	liquid
22.430	27.277	68.364	0.014628	0.039150	0.044696	1.9709	11.676	22.296	1057.1	-0.0090387	11.377	0.10534	liquid
22.430	27.280	68.364	0.014628	0.039150	0.044696	1.9709	11.676	22.296	1057.1	-0.0090387	11.377	0.10534	liquid
22.430	27.283	68.364	0.014628	0.039149	0.044696	1.9709	11.676	22.296	1057.1	-0.0090388	11.378	0.10535	liquid
22.430	27.286	68.364	0.014628	0.039149	0.044697	1.9709	11.676	22.296	1057.1	-0.0090388	11.378	0.10535	liquid
22.430	27.289	68.364	0.014628	0.039149	0.044697	1.9709	11.676	22.296	1057.1	-0.0090388	11.378	0.10535	liquid
22.430	27.292	68.364	0.014628	0.039148	0.044697	1.9709	11.676	22.296	1057.1	-0.0090389	11.378	0.10535	liquid
22.430	27.295	68.364	0.014628	0.039148	0.044698	1.9708	11.676	22.296	1057.1	-0.0090389	11.378	0.10535	liquid
22.430	27.298	68.364	0.014628	0.039148	0.044698	1.9708	11.676	22.296	1057.1	-0.0090389	11.378	0.10535	liquid
22.430	27.301	68.364	0.014628	0.039148	0.044698	1.9708	11.676	22.296	1057.1	-0.0090390	11.378	0.10535	liquid
22.430	27.304	68.364	0.014628	0.039147	0.044699	1.9708	11.676	22.296	1057.1	-0.0090390	11.378	0.10535	liquid
22.430	27.307	68.364	0.014628	0.039147	0.044699	1.9708	11.676	22.296	1057.1	-0.0090390	11.378	0.10535	liquid
22.430	27.310	68.364	0.014628	0.039147	0.044699	1.9708	11.676	22.296	1057.1	-0.0090391	11.378	0.10535	liquid
22.430	27.313	68.364	0.014628	0.039147	0.044700	1.9708	11.676	22.296	1057.1	-0.0090391	11.378	0.10535	liquid
22.430	27.316	68.364	0.014628	0.039146	0.044700	1.9708	11.676	22.295	1057.1	-0.0090392	11.378	0.10535	liquid
22.430	27.319	68.364	0.014628	0.039146	0.044700	1.9707	11.676	22.295	1057.1	-0.0090392	11.378	0.10535	liquid
22.430	27.322	68.364	0.014627	0.039146	0.044701	1.9707	11.676	22.295	1057.1	-0.0090392	11.378	0.10535	liquid
22.430	27.325	68.364	0.014627	0.039145	0.044701	1.9707	11.676	22.295	1057.1	-0.0090393	11.378	0.10535	liquid
22.430	27.328	68.364	0.014627	0.039145	0.044701	1.9707	11.676	22.295	1057.1	-0.0090393	11.378	0.10535	liquid
22.430	27.331	68.365	0.014627	0.039145	0.044702	1.9707	11.676	22.295	1057.1	-0.0090393	11.378	0.10535	liquid
22.430	27.334	68.365	0.014627	0.039145	0.044702	1.9707	11.676	22.295	1057.1	-0.0090394	11.378	0.10535	liquid
22.430	27.337	68.365	0.014627	0.039144	0.044702	1.9707	11.676	22.295	1057.1	-0.0090394	11.378	0.10535	liquid
22.430	27.340	68.365	0.014627	0.039144	0.044703	1.9707	11.676	22.295	1057.1	-0.0090394	11.378	0.10535	liquid
22.430	27.343	68.365	0.014627	0.039144	0.044703	1.9706	11.676	22.295	1057.2	-0.0090395	11.378	0.10535	liquid
22.430	27.346	68.365	0.014627	0.039144	0.044703	1.9706	11.676	22.295	1057.2	-0.0090395	11.378	0.10535	liquid
22.430	27.349	68.365	0.014627	0.039143	0.044704	1.9706	11.676	22.295	1057.2	-0.0090396	11.378	0.10535	liquid
22.430	27.352	68.365	0.014627	0.039143	0.044704	1.9706	11.676	22.295	1057.2	-0.0090396	11.378	0.10535	liquid
22.430	27.355	68.365	0.014627	0.039143	0.044704	1.9706	11.676	22.295	1057.2	-0.0090396	11.378	0.10535	liquid
22.430	27.358	68.365	0.014627	0.039142	0.044705	1.9706	11.676	22.295	1057.2	-0.0090397	11.378	0.10535	liquid
22.430	27.361	68.365	0.014627	0.039142	0.044705	1.9706	11.676	22.295	1057.2	-0.0090397	11.378	0.10535	liquid
22.430	27.364	68.365	0.014627	0.039142	0.044705	1.9706	11.676	22.295	1057.2	-0.0090397	11.378	0.10535	liquid
22.430	27.367	68.365	0.014627	0.039142	0.044706	1.9705	11.676	22.295	1057.2	-0.0090398	11.378	0.10535	liquid
22.430	27.370	68.365	0.014627	0.039141	0.044706	1.9705	11.676	22.295	1057.2	-0.0090398	11.378	0.10535	liquid
22.430	27.373	68.365	0.014627	0.039141	0.044706	1.9705	11.676	22.295	1057.2	-0.0090398	11.378	0.10535	liquid
22.430	27.376	68.365	0.014627	0.039141	0.044707	1.9705	11.676	22.295	1057.2	-0.0090399	11.378	0.10535	liquid
22.430	27.379	68.365	0.014627	0.039141	0.044707	1.9705	11.676	22.295	1057.2	-0.0090399	11.378	0.10535	liquid
22.430	27.382	68.365	0.014627	0.039140	0.044707	1.9705	11.676	22.295	1057.2	-0.0090400	11.378	0.10535	liquid
22.430	27.385	68.365	0.014627	0.039140	0.044708	1.9705	11.676	22.295	1057.2	-0.0090400	11.378	0.10535	liquid
22.430	27.388	68.365	0.014627	0.039140	0.044708	1.9705	11.676	22.295	1057.2	-0.0090400	11.378	0.10535	liquid
22.430	27.391	68.365	0.014627	0.039139	0.044708	1.9704	11.676	22.295	1057.2	-0.0090401	11.378	0.10535	liquid
22.430	27.394	68.365	0.014627	0.039139	0.044709	1.9704	11.676	22.295	1057.2	-0.0090401	11.378	0.10535	liquid
22.430	27.397	68.365	0.014627	0.039139	0.044709	1.9704	11.676	22.295	1057.2	-0.0090401	11.378	0.10535	liquid
22.430	27.400	68.365	0.014627	0.039139	0.044709	1.9704	11.676	22.295	1057.2	-0.0090402	11.378	0.10535	liquid
