Temperature (K)	Pressure (psia)	Density (kg/m3)	Volume (m3/kg)	Internal Energy (kJ/mol)	Enthalpy (kJ/mol)	Entropy (J/mol*K)	Cv (J/mol*K)	Cp (J/mol*K)	Sound Spd. (m/s)	Joule-Thomson (F/psia)	Viscosity (uPa*s)	Therm. Cond. (W/m*K)	Phase
22.450	25.600	2.2042	0.45368	0.76292	0.92435	41.247	13.200	26.299	367.02	0.20237	1.2088	0.019432	vapor
22.450	25.603	2.2045	0.45362	0.76292	0.92435	41.246	13.200	26.301	367.02	0.20238	1.2088	0.019433	vapor
22.450	25.606	2.2048	0.45355	0.76291	0.92434	41.245	13.200	26.302	367.02	0.20238	1.2088	0.019433	vapor
22.450	25.609	2.2051	0.45349	0.76291	0.92433	41.244	13.200	26.303	367.01	0.20238	1.2088	0.019433	vapor
22.450	25.612	2.2054	0.45343	0.76290	0.92432	41.242	13.201	26.304	367.01	0.20238	1.2089	0.019433	vapor
22.450	25.615	2.2057	0.45337	0.76290	0.92431	41.241	13.201	26.305	367.00	0.20239	1.2089	0.019433	vapor
22.450	25.618	2.2060	0.45330	0.76289	0.92430	41.240	13.201	26.306	367.00	0.20239	1.2089	0.019434	vapor
22.450	25.621	2.2063	0.45324	0.76289	0.92429	41.239	13.201	26.307	367.00	0.20239	1.2089	0.019434	vapor
22.450	25.624	2.2066	0.45318	0.76288	0.92428	41.237	13.201	26.309	366.99	0.20240	1.2089	0.019434	vapor
22.450	25.627	2.2070	0.45311	0.76288	0.92427	41.236	13.201	26.310	366.99	0.20240	1.2089	0.019434	vapor
22.450	25.630	2.2073	0.45305	0.76287	0.92427	41.235	13.202	26.311	366.99	0.20240	1.2089	0.019434	vapor
22.450	25.633	2.2076	0.45299	0.76286	0.92426	41.234	13.202	26.312	366.98	0.20240	1.2089	0.019435	vapor
22.450	25.636	2.2079	0.45293	0.76286	0.92425	41.232	13.202	26.313	366.98	0.20241	1.2089	0.019435	vapor
22.450	25.639	2.2082	0.45286	0.76285	0.92424	41.231	13.202	26.314	366.97	0.20241	1.2089	0.019435	vapor
22.450	25.642	2.2085	0.45280	0.76285	0.92423	41.230	13.202	26.316	366.97	0.20241	1.2089	0.019435	vapor
22.450	25.645	2.2088	0.45274	0.76284	0.92422	41.229	13.202	26.317	366.97	0.20242	1.2089	0.019436	vapor
22.450	25.648	2.2091	0.45267	0.76284	0.92421	41.227	13.203	26.318	366.96	0.20242	1.2089	0.019436	vapor
22.450	25.651	2.2094	0.45261	0.76283	0.92420	41.226	13.203	26.319	366.96	0.20242	1.2089	0.019436	vapor
22.450	25.654	2.2097	0.45255	0.76283	0.92419	41.225	13.203	26.320	366.96	0.20242	1.2089	0.019436	vapor
22.450	25.657	2.2100	0.45249	0.76282	0.92419	41.224	13.203	26.321	366.95	0.20243	1.2090	0.019436	vapor
22.450	25.660	2.2103	0.45242	0.76282	0.92418	41.223	13.203	26.322	366.95	0.20243	1.2090	0.019437	vapor
22.450	25.663	2.2106	0.45236	0.76281	0.92417	41.221	13.204	26.324	366.94	0.20243	1.2090	0.019437	vapor
22.450	25.666	2.2109	0.45230	0.76281	0.92416	41.220	13.204	26.325	366.94	0.20244	1.2090	0.019437	vapor
22.450	25.669	2.2112	0.45224	0.76280	0.92415	41.219	13.204	26.326	366.94	0.20244	1.2090	0.019437	vapor
22.450	25.672	2.2115	0.45217	0.76279	0.92414	41.218	13.204	26.327	366.93	0.20244	1.2090	0.019437	vapor
22.450	25.675	2.2118	0.45211	0.76279	0.92413	41.216	13.204	26.328	366.93	0.20244	1.2090	0.019438	vapor
22.450	25.678	2.2122	0.45205	0.76278	0.92412	41.215	13.204	26.329	366.93	0.20245	1.2090	0.019438	vapor
22.450	25.681	2.2125	0.45199	0.76278	0.92411	41.214	13.205	26.330	366.92	0.20245	1.2090	0.019438	vapor
22.450	25.684	2.2128	0.45192	0.76277	0.92411	41.213	13.205	26.332	366.92	0.20245	1.2090	0.019438	vapor
22.450	25.687	2.2131	0.45186	0.76277	0.92410	41.211	13.205	26.333	366.91	0.20246	1.2090	0.019439	vapor
22.450	25.690	2.2134	0.45180	0.76276	0.92409	41.210	13.205	26.334	366.91	0.20246	1.2090	0.019439	vapor
22.450	25.693	2.2137	0.45173	0.76276	0.92408	41.209	13.205	26.335	366.91	0.20246	1.2090	0.019439	vapor
22.450	25.696	2.2140	0.45167	0.76275	0.92407	41.208	13.205	26.336	366.90	0.20246	1.2090	0.019439	vapor
22.450	25.699	2.2143	0.45161	0.76275	0.92406	41.206	13.206	26.337	366.90	0.20247	1.2091	0.019439	vapor
22.450	25.702	2.2146	0.45155	0.76274	0.92405	41.205	13.206	26.339	366.89	0.20247	1.2091	0.019440	vapor
22.450	25.705	2.2149	0.45148	0.76274	0.92404	41.204	13.206	26.340	366.89	0.20247	1.2091	0.019440	vapor
22.450	25.708	2.2152	0.45142	0.76273	0.92403	41.203	13.206	26.341	366.89	0.20248	1.2091	0.019440	vapor
22.450	25.711	2.2155	0.45136	0.76272	0.92403	41.202	13.206	26.342	366.88	0.20248	1.2091	0.019440	vapor
22.450	25.714	2.2158	0.45130	0.76272	0.92402	41.200	13.206	26.343	366.88	0.20248	1.2091	0.019440	vapor
22.450	25.717	2.2161	0.45124	0.76271	0.92401	41.199	13.207	26.344	366.88	0.20248	1.2091	0.019441	vapor
22.450	25.720	2.2164	0.45117	0.76271	0.92400	41.198	13.207	26.345	366.87	0.20249	1.2091	0.019441	vapor
22.450	25.723	2.2168	0.45111	0.76270	0.92399	41.197	13.207	26.347	366.87	0.20249	1.2091	0.019441	vapor
22.450	25.726	2.2171	0.45105	0.76270	0.92398	41.195	13.207	26.348	366.86	0.20249	1.2091	0.019441	vapor
22.450	25.729	2.2174	0.45099	0.76269	0.92397	41.194	13.207	26.349	366.86	0.20250	1.2091	0.019441	vapor
22.450	25.732	2.2177	0.45092	0.76269	0.92396	41.193	13.208	26.350	366.86	0.20250	1.2091	0.019442	vapor
22.450	25.735	2.2180	0.45086	0.76268	0.92395	41.192	13.208	26.351	366.85	0.20250	1.2091	0.019442	vapor
22.450	25.738	2.2183	0.45080	0.76268	0.92395	41.190	13.208	26.352	366.85	0.20250	1.2091	0.019442	vapor
22.450	25.741	2.2186	0.45074	0.76267	0.92394	41.189	13.208	26.354	366.85	0.20251	1.2092	0.019442	vapor
22.450	25.744	2.2189	0.45067	0.76267	0.92393	41.188	13.208	26.355	366.84	0.20251	1.2092	0.019443	vapor
22.450	25.747	2.2192	0.45061	0.76266	0.92392	41.187	13.208	26.356	366.84	0.20251	1.2092	0.019443	vapor
22.450	25.750	2.2195	0.45055	0.76265	0.92391	41.185	13.209	26.357	366.83	0.20252	1.2092	0.019443	vapor
22.450	25.753	2.2198	0.45049	0.76265	0.92390	41.184	13.209	26.358	366.83	0.20252	1.2092	0.019443	vapor
22.450	25.756	2.2201	0.45042	0.76264	0.92389	41.183	13.209	26.359	366.83	0.20252	1.2092	0.019443	vapor
22.450	25.759	2.2204	0.45036	0.76264	0.92388	41.182	13.209	26.361	366.82	0.20252	1.2092	0.019444	vapor
22.450	25.762	2.2207	0.45030	0.76263	0.92387	41.181	13.209	26.362	366.82	0.20253	1.2092	0.019444	vapor
22.450	25.765	2.2210	0.45024	0.76263	0.92387	41.179	13.209	26.363	366.82	0.20253	1.2092	0.019444	vapor
22.450	25.768	2.2214	0.45018	0.76262	0.92386	41.178	13.210	26.364	366.81	0.20253	1.2092	0.019444	vapor
22.450	25.771	2.2217	0.45011	0.76262	0.92385	41.177	13.210	26.365	366.81	0.20254	1.2092	0.019444	vapor
22.450	25.774	2.2220	0.45005	0.76261	0.92384	41.176	13.210	26.366	366.80	0.20254	1.2092	0.019445	vapor
22.450	25.777	2.2223	0.44999	0.76261	0.92383	41.174	13.210	26.367	366.80	0.20254	1.2092	0.019445	vapor
22.450	25.780	2.2226	0.44993	0.76260	0.92382	41.173	13.210	26.369	366.80	0.20254	1.2092	0.019445	vapor
22.450	25.783	2.2229	0.44987	0.76259	0.92381	41.172	13.210	26.370	366.79	0.20255	1.2093	0.019445	vapor
22.450	25.786	2.2232	0.44980	0.76259	0.92380	41.171	13.211	26.371	366.79	0.20255	1.2093	0.019446	vapor
22.450	25.789	2.2235	0.44974	0.76258	0.92379	41.169	13.211	26.372	366.78	0.20255	1.2093	0.019446	vapor
22.450	25.792	2.2238	0.44968	0.76258	0.92379	41.168	13.211	26.373	366.78	0.20256	1.2093	0.019446	vapor
22.450	25.795	2.2241	0.44962	0.76257	0.92378	41.167	13.211	26.374	366.78	0.20256	1.2093	0.019446	vapor
22.450	25.798	2.2244	0.44955	0.76257	0.92377	41.166	13.211	26.376	366.77	0.20256	1.2093	0.019446	vapor
22.450	25.801	2.2247	0.44949	0.76256	0.92376	41.165	13.212	26.377	366.77	0.20256	1.2093	0.019447	vapor
22.450	25.804	2.2250	0.44943	0.76256	0.92375	41.163	13.212	26.378	366.77	0.20257	1.2093	0.019447	vapor
22.450	25.807	2.2253	0.44937	0.76255	0.92374	41.162	13.212	26.379	366.76	0.20257	1.2093	0.019447	vapor
22.450	25.810	2.2257	0.44931	0.76255	0.92373	41.161	13.212	26.380	366.76	0.20257	1.2093	0.019447	vapor
22.450	25.813	2.2260	0.44924	0.76254	0.92372	41.160	13.212	26.381	366.75	0.20258	1.2093	0.019447	vapor
22.450	25.816	2.2263	0.44918	0.76254	0.92371	41.158	13.212	26.383	366.75	0.20258	1.2093	0.019448	vapor
22.450	25.819	2.2266	0.44912	0.76253	0.92371	41.157	13.213	26.384	366.75	0.20258	1.2093	0.019448	vapor
22.450	25.822	2.2269	0.44906	0.76252	0.92370	41.156	13.213	26.385	366.74	0.20258	1.2093	0.019448	vapor
22.450	25.825	2.2272	0.44900	0.76252	0.92369	41.155	13.213	26.386	366.74	0.20259	1.2094	0.019448	vapor
22.450	25.828	2.2275	0.44894	0.76251	0.92368	41.153	13.213	26.387	366.74	0.20259	1.2094	0.019449	vapor
22.450	25.831	2.2278	0.44887	0.76251	0.92367	41.152	13.213	26.388	366.73	0.20259	1.2094	0.019449	vapor
22.450	25.834	2.2281	0.44881	0.76250	0.92366	41.151	13.213	26.390	366.73	0.20260	1.2094	0.019449	vapor
22.450	25.837	2.2284	0.44875	0.76250	0.92365	41.150	13.214	26.391	366.72	0.20260	1.2094	0.019449	vapor
22.450	25.840	2.2287	0.44869	0.76249	0.92364	41.149	13.214	26.392	366.72	0.20260	1.2094	0.019449	vapor
22.450	25.843	2.2290	0.44863	0.76249	0.92363	41.147	13.214	26.393	366.72	0.20260	1.2094	0.019450	vapor
22.450	25.846	2.2293	0.44856	0.76248	0.92363	41.146	13.214	26.394	366.71	0.20261	1.2094	0.019450	vapor
22.450	25.849	2.2296	0.44850	0.76248	0.92362	41.145	13.214	26.395	366.71	0.20261	1.2094	0.019450	vapor
22.450	25.852	2.2300	0.44844	0.76247	0.92361	41.144	13.215	26.396	366.71	0.20261	1.2094	0.019450	vapor
22.450	25.855	2.2303	0.44838	0.76247	0.92360	41.142	13.215	26.398	366.70	0.20262	1.2094	0.019450	vapor
22.450	25.858	2.2306	0.44832	0.76246	0.92359	41.141	13.215	26.399	366.70	0.20262	1.2094	0.019451	vapor
22.450	25.861	2.2309	0.44826	0.76245	0.92358	41.140	13.215	26.400	366.69	0.20262	1.2094	0.019451	vapor
22.450	25.864	2.2312	0.44819	0.76245	0.92357	41.139	13.215	26.401	366.69	0.20262	1.2094	0.019451	vapor
22.450	25.867	2.2315	0.44813	0.76244	0.92356	41.137	13.215	26.402	366.69	0.20263	1.2095	0.019451	vapor
22.450	25.870	2.2318	0.44807	0.76244	0.92355	41.136	13.216	26.403	366.68	0.20263	1.2095	0.019452	vapor
22.450	25.873	2.2321	0.44801	0.76243	0.92355	41.135	13.216	26.405	366.68	0.20263	1.2095	0.019452	vapor
22.450	25.876	2.2324	0.44795	0.76243	0.92354	41.134	13.216	26.406	366.67	0.20264	1.2095	0.019452	vapor
22.450	25.879	2.2327	0.44788	0.76242	0.92353	41.133	13.216	26.407	366.67	0.20264	1.2095	0.019452	vapor
22.450	25.882	2.2330	0.44782	0.76242	0.92352	41.131	13.216	26.408	366.67	0.20264	1.2095	0.019452	vapor
22.450	25.885	2.2333	0.44776	0.76241	0.92351	41.130	13.216	26.409	366.66	0.20264	1.2095	0.019453	vapor
22.450	25.888	2.2336	0.44770	0.76241	0.92350	41.129	13.217	26.410	366.66	0.20265	1.2095	0.019453	vapor
22.450	25.889	2.2338	0.44767	0.76240	0.92350	41.128	13.217	26.411	366.66	0.20265	1.2095	0.019453	vapor
22.450	25.889	68.320	0.014637	0.039720	0.044987	1.9965	11.678	22.342	1055.8	-0.0089911	11.351	0.10531	liquid
22.450	25.891	68.320	0.014637	0.039720	0.044987	1.9965	11.678	22.342	1055.8	-0.0089911	11.351	0.10531	liquid
22.450	25.894	68.320	0.014637	0.039719	0.044987	1.9965	11.678	22.342	1055.8	-0.0089912	11.351	0.10531	liquid
22.450	25.897	68.320	0.014637	0.039719	0.044988	1.9964	11.678	22.342	1055.8	-0.0089912	11.351	0.10531	liquid
22.450	25.900	68.320	0.014637	0.039719	0.044988	1.9964	11.678	22.342	1055.8	-0.0089913	11.351	0.10531	liquid
22.450	25.903	68.320	0.014637	0.039719	0.044988	1.9964	11.678	22.342	1055.8	-0.0089913	11.351	0.10531	liquid
22.450	25.906	68.320	0.014637	0.039718	0.044989	1.9964	11.678	22.342	1055.8	-0.0089913	11.351	0.10531	liquid
22.450	25.909	68.320	0.014637	0.039718	0.044989	1.9964	11.678	22.342	1055.8	-0.0089914	11.351	0.10531	liquid
22.450	25.912	68.320	0.014637	0.039718	0.044989	1.9964	11.678	22.342	1055.8	-0.0089914	11.351	0.10531	liquid
22.450	25.915	68.320	0.014637	0.039717	0.044990	1.9964	11.678	22.342	1055.8	-0.0089914	11.351	0.10531	liquid
22.450	25.918	68.320	0.014637	0.039717	0.044990	1.9964	11.678	22.342	1055.8	-0.0089915	11.351	0.10531	liquid
22.450	25.921	68.320	0.014637	0.039717	0.044990	1.9963	11.678	22.342	1055.8	-0.0089915	11.351	0.10531	liquid
22.450	25.924	68.320	0.014637	0.039717	0.044991	1.9963	11.678	22.341	1055.8	-0.0089915	11.351	0.10531	liquid
22.450	25.927	68.321	0.014637	0.039716	0.044991	1.9963	11.678	22.341	1055.8	-0.0089916	11.351	0.10531	liquid
22.450	25.930	68.321	0.014637	0.039716	0.044991	1.9963	11.678	22.341	1055.8	-0.0089916	11.351	0.10531	liquid
22.450	25.933	68.321	0.014637	0.039716	0.044992	1.9963	11.678	22.341	1055.8	-0.0089917	11.351	0.10531	liquid
22.450	25.936	68.321	0.014637	0.039716	0.044992	1.9963	11.678	22.341	1055.8	-0.0089917	11.351	0.10531	liquid
22.450	25.939	68.321	0.014637	0.039715	0.044992	1.9963	11.678	22.341	1055.8	-0.0089917	11.351	0.10531	liquid
22.450	25.942	68.321	0.014637	0.039715	0.044993	1.9963	11.678	22.341	1055.8	-0.0089918	11.351	0.10531	liquid
22.450	25.945	68.321	0.014637	0.039715	0.044993	1.9962	11.678	22.341	1055.8	-0.0089918	11.351	0.10531	liquid
22.450	25.948	68.321	0.014637	0.039714	0.044993	1.9962	11.678	22.341	1055.8	-0.0089918	11.351	0.10532	liquid
22.450	25.951	68.321	0.014637	0.039714	0.044994	1.9962	11.678	22.341	1055.8	-0.0089919	11.351	0.10532	liquid
22.450	25.954	68.321	0.014637	0.039714	0.044994	1.9962	11.678	22.341	1055.8	-0.0089919	11.351	0.10532	liquid
22.450	25.957	68.321	0.014637	0.039714	0.044994	1.9962	11.678	22.341	1055.8	-0.0089920	11.351	0.10532	liquid
22.450	25.960	68.321	0.014637	0.039713	0.044995	1.9962	11.678	22.341	1055.8	-0.0089920	11.351	0.10532	liquid
22.450	25.963	68.321	0.014637	0.039713	0.044995	1.9962	11.678	22.341	1055.8	-0.0089920	11.351	0.10532	liquid
22.450	25.966	68.321	0.014637	0.039713	0.044995	1.9962	11.678	22.341	1055.8	-0.0089921	11.351	0.10532	liquid
22.450	25.969	68.321	0.014637	0.039713	0.044996	1.9961	11.678	22.341	1055.8	-0.0089921	11.351	0.10532	liquid
22.450	25.972	68.321	0.014637	0.039712	0.044996	1.9961	11.678	22.341	1055.8	-0.0089921	11.352	0.10532	liquid
22.450	25.975	68.321	0.014637	0.039712	0.044996	1.9961	11.678	22.341	1055.8	-0.0089922	11.352	0.10532	liquid
22.450	25.978	68.321	0.014637	0.039712	0.044997	1.9961	11.678	22.341	1055.8	-0.0089922	11.352	0.10532	liquid
22.450	25.981	68.321	0.014637	0.039711	0.044997	1.9961	11.678	22.341	1055.8	-0.0089922	11.352	0.10532	liquid
22.450	25.984	68.321	0.014637	0.039711	0.044997	1.9961	11.678	22.341	1055.8	-0.0089923	11.352	0.10532	liquid
22.450	25.987	68.321	0.014637	0.039711	0.044998	1.9961	11.678	22.341	1055.8	-0.0089923	11.352	0.10532	liquid
22.450	25.990	68.321	0.014637	0.039711	0.044998	1.9961	11.678	22.341	1055.8	-0.0089924	11.352	0.10532	liquid
22.450	25.993	68.321	0.014637	0.039710	0.044998	1.9960	11.678	22.341	1055.8	-0.0089924	11.352	0.10532	liquid
22.450	25.996	68.321	0.014637	0.039710	0.044999	1.9960	11.678	22.341	1055.8	-0.0089924	11.352	0.10532	liquid
22.450	25.999	68.321	0.014637	0.039710	0.044999	1.9960	11.678	22.341	1055.8	-0.0089925	11.352	0.10532	liquid
22.450	26.002	68.321	0.014637	0.039710	0.044999	1.9960	11.678	22.341	1055.8	-0.0089925	11.352	0.10532	liquid
22.450	26.005	68.321	0.014637	0.039709	0.045000	1.9960	11.678	22.341	1055.8	-0.0089925	11.352	0.10532	liquid
22.450	26.008	68.321	0.014637	0.039709	0.045000	1.9960	11.678	22.341	1055.8	-0.0089926	11.352	0.10532	liquid
22.450	26.011	68.321	0.014637	0.039709	0.045000	1.9960	11.678	22.340	1055.8	-0.0089926	11.352	0.10532	liquid
22.450	26.014	68.322	0.014637	0.039708	0.045001	1.9960	11.678	22.340	1055.8	-0.0089926	11.352	0.10532	liquid
22.450	26.017	68.322	0.014637	0.039708	0.045001	1.9959	11.678	22.340	1055.8	-0.0089927	11.352	0.10532	liquid
22.450	26.020	68.322	0.014637	0.039708	0.045001	1.9959	11.678	22.340	1055.8	-0.0089927	11.352	0.10532	liquid
22.450	26.023	68.322	0.014637	0.039708	0.045002	1.9959	11.678	22.340	1055.8	-0.0089928	11.352	0.10532	liquid
22.450	26.026	68.322	0.014637	0.039707	0.045002	1.9959	11.678	22.340	1055.8	-0.0089928	11.352	0.10532	liquid
22.450	26.029	68.322	0.014637	0.039707	0.045002	1.9959	11.678	22.340	1055.8	-0.0089928	11.352	0.10532	liquid
22.450	26.032	68.322	0.014637	0.039707	0.045003	1.9959	11.678	22.340	1055.8	-0.0089929	11.352	0.10532	liquid
22.450	26.035	68.322	0.014637	0.039707	0.045003	1.9959	11.678	22.340	1055.8	-0.0089929	11.352	0.10532	liquid
22.450	26.038	68.322	0.014637	0.039706	0.045003	1.9959	11.678	22.340	1055.8	-0.0089929	11.352	0.10532	liquid
22.450	26.041	68.322	0.014637	0.039706	0.045004	1.9958	11.678	22.340	1055.8	-0.0089930	11.352	0.10532	liquid
22.450	26.044	68.322	0.014637	0.039706	0.045004	1.9958	11.678	22.340	1055.9	-0.0089930	11.352	0.10532	liquid
22.450	26.047	68.322	0.014637	0.039705	0.045004	1.9958	11.678	22.340	1055.9	-0.0089931	11.352	0.10532	liquid
22.450	26.050	68.322	0.014637	0.039705	0.045005	1.9958	11.678	22.340	1055.9	-0.0089931	11.352	0.10532	liquid
22.450	26.053	68.322	0.014637	0.039705	0.045005	1.9958	11.678	22.340	1055.9	-0.0089931	11.352	0.10532	liquid
22.450	26.056	68.322	0.014637	0.039705	0.045005	1.9958	11.678	22.340	1055.9	-0.0089932	11.352	0.10532	liquid
22.450	26.059	68.322	0.014637	0.039704	0.045006	1.9958	11.678	22.340	1055.9	-0.0089932	11.352	0.10532	liquid
22.450	26.062	68.322	0.014637	0.039704	0.045006	1.9958	11.678	22.340	1055.9	-0.0089932	11.352	0.10532	liquid
22.450	26.065	68.322	0.014637	0.039704	0.045006	1.9958	11.678	22.340	1055.9	-0.0089933	11.352	0.10532	liquid
22.450	26.068	68.322	0.014637	0.039704	0.045007	1.9957	11.678	22.340	1055.9	-0.0089933	11.352	0.10532	liquid
22.450	26.071	68.322	0.014637	0.039703	0.045007	1.9957	11.678	22.340	1055.9	-0.0089933	11.352	0.10532	liquid
22.450	26.074	68.322	0.014637	0.039703	0.045007	1.9957	11.678	22.340	1055.9	-0.0089934	11.352	0.10532	liquid
22.450	26.077	68.322	0.014637	0.039703	0.045008	1.9957	11.678	22.340	1055.9	-0.0089934	11.352	0.10532	liquid
22.450	26.080	68.322	0.014637	0.039702	0.045008	1.9957	11.678	22.340	1055.9	-0.0089935	11.352	0.10532	liquid
22.450	26.083	68.322	0.014636	0.039702	0.045008	1.9957	11.678	22.340	1055.9	-0.0089935	11.352	0.10532	liquid
22.450	26.086	68.322	0.014636	0.039702	0.045009	1.9957	11.678	22.340	1055.9	-0.0089935	11.352	0.10532	liquid
22.450	26.089	68.322	0.014636	0.039702	0.045009	1.9957	11.678	22.340	1055.9	-0.0089936	11.352	0.10532	liquid
22.450	26.092	68.322	0.014636	0.039701	0.045009	1.9956	11.678	22.340	1055.9	-0.0089936	11.352	0.10532	liquid
22.450	26.095	68.322	0.014636	0.039701	0.045010	1.9956	11.678	22.340	1055.9	-0.0089936	11.352	0.10532	liquid
22.450	26.098	68.323	0.014636	0.039701	0.045010	1.9956	11.678	22.339	1055.9	-0.0089937	11.352	0.10532	liquid
22.450	26.101	68.323	0.014636	0.039701	0.045011	1.9956	11.678	22.339	1055.9	-0.0089937	11.352	0.10532	liquid
22.450	26.104	68.323	0.014636	0.039700	0.045011	1.9956	11.678	22.339	1055.9	-0.0089938	11.352	0.10532	liquid
22.450	26.107	68.323	0.014636	0.039700	0.045011	1.9956	11.678	22.339	1055.9	-0.0089938	11.352	0.10532	liquid
22.450	26.110	68.323	0.014636	0.039700	0.045012	1.9956	11.678	22.339	1055.9	-0.0089938	11.352	0.10532	liquid
22.450	26.113	68.323	0.014636	0.039699	0.045012	1.9956	11.678	22.339	1055.9	-0.0089939	11.352	0.10532	liquid
22.450	26.116	68.323	0.014636	0.039699	0.045012	1.9955	11.678	22.339	1055.9	-0.0089939	11.352	0.10532	liquid
22.450	26.119	68.323	0.014636	0.039699	0.045013	1.9955	11.678	22.339	1055.9	-0.0089939	11.352	0.10532	liquid
22.450	26.122	68.323	0.014636	0.039699	0.045013	1.9955	11.678	22.339	1055.9	-0.0089940	11.352	0.10532	liquid
22.450	26.125	68.323	0.014636	0.039698	0.045013	1.9955	11.678	22.339	1055.9	-0.0089940	11.352	0.10532	liquid
22.450	26.128	68.323	0.014636	0.039698	0.045014	1.9955	11.678	22.339	1055.9	-0.0089940	11.353	0.10532	liquid
22.450	26.131	68.323	0.014636	0.039698	0.045014	1.9955	11.678	22.339	1055.9	-0.0089941	11.353	0.10532	liquid
22.450	26.134	68.323	0.014636	0.039698	0.045014	1.9955	11.678	22.339	1055.9	-0.0089941	11.353	0.10532	liquid
22.450	26.137	68.323	0.014636	0.039697	0.045015	1.9955	11.678	22.339	1055.9	-0.0089942	11.353	0.10532	liquid
22.450	26.140	68.323	0.014636	0.039697	0.045015	1.9954	11.678	22.339	1055.9	-0.0089942	11.353	0.10532	liquid
22.450	26.143	68.323	0.014636	0.039697	0.045015	1.9954	11.678	22.339	1055.9	-0.0089942	11.353	0.10532	liquid
22.450	26.146	68.323	0.014636	0.039696	0.045016	1.9954	11.678	22.339	1055.9	-0.0089943	11.353	0.10532	liquid
22.450	26.149	68.323	0.014636	0.039696	0.045016	1.9954	11.678	22.339	1055.9	-0.0089943	11.353	0.10532	liquid
22.450	26.152	68.323	0.014636	0.039696	0.045016	1.9954	11.678	22.339	1055.9	-0.0089943	11.353	0.10532	liquid
22.450	26.155	68.323	0.014636	0.039696	0.045017	1.9954	11.678	22.339	1055.9	-0.0089944	11.353	0.10532	liquid
22.450	26.158	68.323	0.014636	0.039695	0.045017	1.9954	11.678	22.339	1055.9	-0.0089944	11.353	0.10532	liquid
22.450	26.161	68.323	0.014636	0.039695	0.045017	1.9954	11.678	22.339	1055.9	-0.0089945	11.353	0.10532	liquid
22.450	26.164	68.323	0.014636	0.039695	0.045018	1.9953	11.678	22.339	1055.9	-0.0089945	11.353	0.10532	liquid
22.450	26.167	68.323	0.014636	0.039695	0.045018	1.9953	11.678	22.339	1055.9	-0.0089945	11.353	0.10532	liquid
22.450	26.170	68.323	0.014636	0.039694	0.045018	1.9953	11.678	22.339	1055.9	-0.0089946	11.353	0.10532	liquid
22.450	26.173	68.323	0.014636	0.039694	0.045019	1.9953	11.678	22.339	1055.9	-0.0089946	11.353	0.10532	liquid
22.450	26.176	68.323	0.014636	0.039694	0.045019	1.9953	11.678	22.339	1055.9	-0.0089946	11.353	0.10532	liquid
22.450	26.179	68.323	0.014636	0.039693	0.045019	1.9953	11.678	22.339	1055.9	-0.0089947	11.353	0.10532	liquid
22.450	26.182	68.324	0.014636	0.039693	0.045020	1.9953	11.678	22.339	1055.9	-0.0089947	11.353	0.10532	liquid
22.450	26.185	68.324	0.014636	0.039693	0.045020	1.9953	11.678	22.338	1055.9	-0.0089947	11.353	0.10532	liquid
22.450	26.188	68.324	0.014636	0.039693	0.045020	1.9952	11.678	22.338	1055.9	-0.0089948	11.353	0.10532	liquid
22.450	26.191	68.324	0.014636	0.039692	0.045021	1.9952	11.678	22.338	1055.9	-0.0089948	11.353	0.10532	liquid
22.450	26.194	68.324	0.014636	0.039692	0.045021	1.9952	11.678	22.338	1055.9	-0.0089949	11.353	0.10532	liquid
22.450	26.197	68.324	0.014636	0.039692	0.045021	1.9952	11.678	22.338	1055.9	-0.0089949	11.353	0.10532	liquid
22.450	26.200	68.324	0.014636	0.039692	0.045022	1.9952	11.678	22.338	1055.9	-0.0089949	11.353	0.10532	liquid
22.450	26.203	68.324	0.014636	0.039691	0.045022	1.9952	11.678	22.338	1055.9	-0.0089950	11.353	0.10532	liquid
22.450	26.206	68.324	0.014636	0.039691	0.045022	1.9952	11.678	22.338	1055.9	-0.0089950	11.353	0.10532	liquid
22.450	26.209	68.324	0.014636	0.039691	0.045023	1.9952	11.678	22.338	1055.9	-0.0089950	11.353	0.10532	liquid
22.450	26.212	68.324	0.014636	0.039690	0.045023	1.9952	11.678	22.338	1055.9	-0.0089951	11.353	0.10532	liquid
22.450	26.215	68.324	0.014636	0.039690	0.045023	1.9951	11.678	22.338	1055.9	-0.0089951	11.353	0.10532	liquid
22.450	26.218	68.324	0.014636	0.039690	0.045024	1.9951	11.678	22.338	1055.9	-0.0089952	11.353	0.10532	liquid
22.450	26.221	68.324	0.014636	0.039690	0.045024	1.9951	11.678	22.338	1055.9	-0.0089952	11.353	0.10532	liquid
22.450	26.224	68.324	0.014636	0.039689	0.045024	1.9951	11.678	22.338	1055.9	-0.0089952	11.353	0.10532	liquid
22.450	26.227	68.324	0.014636	0.039689	0.045025	1.9951	11.678	22.338	1055.9	-0.0089953	11.353	0.10532	liquid
22.450	26.230	68.324	0.014636	0.039689	0.045025	1.9951	11.678	22.338	1055.9	-0.0089953	11.353	0.10532	liquid
22.450	26.233	68.324	0.014636	0.039689	0.045025	1.9951	11.678	22.338	1055.9	-0.0089953	11.353	0.10532	liquid
22.450	26.236	68.324	0.014636	0.039688	0.045026	1.9951	11.678	22.338	1055.9	-0.0089954	11.353	0.10532	liquid
22.450	26.239	68.324	0.014636	0.039688	0.045026	1.9950	11.678	22.338	1055.9	-0.0089954	11.353	0.10532	liquid
22.450	26.242	68.324	0.014636	0.039688	0.045026	1.9950	11.678	22.338	1055.9	-0.0089954	11.353	0.10532	liquid
22.450	26.245	68.324	0.014636	0.039687	0.045027	1.9950	11.678	22.338	1055.9	-0.0089955	11.353	0.10532	liquid
22.450	26.248	68.324	0.014636	0.039687	0.045027	1.9950	11.678	22.338	1055.9	-0.0089955	11.353	0.10532	liquid
22.450	26.251	68.324	0.014636	0.039687	0.045027	1.9950	11.678	22.338	1055.9	-0.0089956	11.353	0.10532	liquid
22.450	26.254	68.324	0.014636	0.039687	0.045028	1.9950	11.678	22.338	1055.9	-0.0089956	11.353	0.10532	liquid
22.450	26.257	68.324	0.014636	0.039686	0.045028	1.9950	11.678	22.338	1055.9	-0.0089956	11.353	0.10532	liquid
22.450	26.260	68.324	0.014636	0.039686	0.045028	1.9950	11.678	22.338	1055.9	-0.0089957	11.353	0.10532	liquid
22.450	26.263	68.324	0.014636	0.039686	0.045029	1.9949	11.678	22.338	1056.0	-0.0089957	11.353	0.10532	liquid
22.450	26.266	68.325	0.014636	0.039686	0.045029	1.9949	11.678	22.338	1056.0	-0.0089957	11.353	0.10532	liquid
22.450	26.269	68.325	0.014636	0.039685	0.045029	1.9949	11.678	22.338	1056.0	-0.0089958	11.353	0.10532	liquid
22.450	26.272	68.325	0.014636	0.039685	0.045030	1.9949	11.678	22.338	1056.0	-0.0089958	11.353	0.10532	liquid
22.450	26.275	68.325	0.014636	0.039685	0.045030	1.9949	11.678	22.337	1056.0	-0.0089959	11.353	0.10532	liquid
22.450	26.278	68.325	0.014636	0.039684	0.045030	1.9949	11.678	22.337	1056.0	-0.0089959	11.353	0.10532	liquid
22.450	26.281	68.325	0.014636	0.039684	0.045031	1.9949	11.678	22.337	1056.0	-0.0089959	11.353	0.10532	liquid
22.450	26.284	68.325	0.014636	0.039684	0.045031	1.9949	11.678	22.337	1056.0	-0.0089960	11.354	0.10532	liquid
22.450	26.287	68.325	0.014636	0.039684	0.045031	1.9948	11.678	22.337	1056.0	-0.0089960	11.354	0.10532	liquid
22.450	26.290	68.325	0.014636	0.039683	0.045032	1.9948	11.678	22.337	1056.0	-0.0089960	11.354	0.10532	liquid
22.450	26.293	68.325	0.014636	0.039683	0.045032	1.9948	11.678	22.337	1056.0	-0.0089961	11.354	0.10532	liquid
22.450	26.296	68.325	0.014636	0.039683	0.045032	1.9948	11.678	22.337	1056.0	-0.0089961	11.354	0.10532	liquid
22.450	26.299	68.325	0.014636	0.039683	0.045033	1.9948	11.678	22.337	1056.0	-0.0089961	11.354	0.10532	liquid
22.450	26.302	68.325	0.014636	0.039682	0.045033	1.9948	11.678	22.337	1056.0	-0.0089962	11.354	0.10532	liquid
22.450	26.305	68.325	0.014636	0.039682	0.045033	1.9948	11.678	22.337	1056.0	-0.0089962	11.354	0.10532	liquid
22.450	26.308	68.325	0.014636	0.039682	0.045034	1.9948	11.678	22.337	1056.0	-0.0089963	11.354	0.10532	liquid
22.450	26.311	68.325	0.014636	0.039681	0.045034	1.9947	11.678	22.337	1056.0	-0.0089963	11.354	0.10532	liquid
22.450	26.314	68.325	0.014636	0.039681	0.045034	1.9947	11.678	22.337	1056.0	-0.0089963	11.354	0.10532	liquid
22.450	26.317	68.325	0.014636	0.039681	0.045035	1.9947	11.678	22.337	1056.0	-0.0089964	11.354	0.10532	liquid
22.450	26.320	68.325	0.014636	0.039681	0.045035	1.9947	11.678	22.337	1056.0	-0.0089964	11.354	0.10532	liquid
22.450	26.323	68.325	0.014636	0.039680	0.045035	1.9947	11.678	22.337	1056.0	-0.0089964	11.354	0.10532	liquid
22.450	26.326	68.325	0.014636	0.039680	0.045036	1.9947	11.678	22.337	1056.0	-0.0089965	11.354	0.10532	liquid
22.450	26.329	68.325	0.014636	0.039680	0.045036	1.9947	11.678	22.337	1056.0	-0.0089965	11.354	0.10532	liquid
22.450	26.332	68.325	0.014636	0.039680	0.045036	1.9947	11.678	22.337	1056.0	-0.0089965	11.354	0.10532	liquid
22.450	26.335	68.325	0.014636	0.039679	0.045037	1.9946	11.678	22.337	1056.0	-0.0089966	11.354	0.10532	liquid
22.450	26.338	68.325	0.014636	0.039679	0.045037	1.9946	11.678	22.337	1056.0	-0.0089966	11.354	0.10532	liquid
22.450	26.341	68.325	0.014636	0.039679	0.045037	1.9946	11.678	22.337	1056.0	-0.0089967	11.354	0.10532	liquid
22.450	26.344	68.325	0.014636	0.039678	0.045038	1.9946	11.678	22.337	1056.0	-0.0089967	11.354	0.10532	liquid
22.450	26.347	68.325	0.014636	0.039678	0.045038	1.9946	11.678	22.337	1056.0	-0.0089967	11.354	0.10532	liquid
22.450	26.350	68.326	0.014636	0.039678	0.045038	1.9946	11.678	22.337	1056.0	-0.0089968	11.354	0.10532	liquid
22.450	26.353	68.326	0.014636	0.039678	0.045039	1.9946	11.678	22.337	1056.0	-0.0089968	11.354	0.10532	liquid
22.450	26.356	68.326	0.014636	0.039677	0.045039	1.9946	11.678	22.337	1056.0	-0.0089968	11.354	0.10532	liquid
22.450	26.359	68.326	0.014636	0.039677	0.045039	1.9945	11.678	22.337	1056.0	-0.0089969	11.354	0.10532	liquid
22.450	26.362	68.326	0.014636	0.039677	0.045040	1.9945	11.678	22.336	1056.0	-0.0089969	11.354	0.10532	liquid
22.450	26.365	68.326	0.014636	0.039677	0.045040	1.9945	11.678	22.336	1056.0	-0.0089970	11.354	0.10532	liquid
22.450	26.368	68.326	0.014636	0.039676	0.045040	1.9945	11.679	22.336	1056.0	-0.0089970	11.354	0.10532	liquid
22.450	26.371	68.326	0.014636	0.039676	0.045041	1.9945	11.679	22.336	1056.0	-0.0089970	11.354	0.10532	liquid
22.450	26.374	68.326	0.014636	0.039676	0.045041	1.9945	11.679	22.336	1056.0	-0.0089971	11.354	0.10532	liquid
22.450	26.377	68.326	0.014636	0.039675	0.045041	1.9945	11.679	22.336	1056.0	-0.0089971	11.354	0.10532	liquid
22.450	26.380	68.326	0.014636	0.039675	0.045042	1.9945	11.679	22.336	1056.0	-0.0089971	11.354	0.10532	liquid
22.450	26.383	68.326	0.014636	0.039675	0.045042	1.9945	11.679	22.336	1056.0	-0.0089972	11.354	0.10532	liquid
22.450	26.386	68.326	0.014636	0.039675	0.045042	1.9944	11.679	22.336	1056.0	-0.0089972	11.354	0.10533	liquid
22.450	26.389	68.326	0.014636	0.039674	0.045043	1.9944	11.679	22.336	1056.0	-0.0089972	11.354	0.10533	liquid
22.450	26.392	68.326	0.014636	0.039674	0.045043	1.9944	11.679	22.336	1056.0	-0.0089973	11.354	0.10533	liquid
22.450	26.395	68.326	0.014636	0.039674	0.045043	1.9944	11.679	22.336	1056.0	-0.0089973	11.354	0.10533	liquid
22.450	26.398	68.326	0.014636	0.039674	0.045044	1.9944	11.679	22.336	1056.0	-0.0089974	11.354	0.10533	liquid
22.450	26.401	68.326	0.014636	0.039673	0.045044	1.9944	11.679	22.336	1056.0	-0.0089974	11.354	0.10533	liquid
22.450	26.404	68.326	0.014636	0.039673	0.045044	1.9944	11.679	22.336	1056.0	-0.0089974	11.354	0.10533	liquid
22.450	26.407	68.326	0.014636	0.039673	0.045045	1.9944	11.679	22.336	1056.0	-0.0089975	11.354	0.10533	liquid
22.450	26.410	68.326	0.014636	0.039672	0.045045	1.9943	11.679	22.336	1056.0	-0.0089975	11.354	0.10533	liquid
22.450	26.413	68.326	0.014636	0.039672	0.045045	1.9943	11.679	22.336	1056.0	-0.0089975	11.354	0.10533	liquid
22.450	26.416	68.326	0.014636	0.039672	0.045046	1.9943	11.679	22.336	1056.0	-0.0089976	11.354	0.10533	liquid
22.450	26.419	68.326	0.014636	0.039672	0.045046	1.9943	11.679	22.336	1056.0	-0.0089976	11.354	0.10533	liquid
22.450	26.422	68.326	0.014636	0.039671	0.045046	1.9943	11.679	22.336	1056.0	-0.0089977	11.354	0.10533	liquid
22.450	26.425	68.326	0.014636	0.039671	0.045047	1.9943	11.679	22.336	1056.0	-0.0089977	11.354	0.10533	liquid
22.450	26.428	68.326	0.014636	0.039671	0.045047	1.9943	11.679	22.336	1056.0	-0.0089977	11.354	0.10533	liquid
22.450	26.431	68.326	0.014636	0.039671	0.045047	1.9943	11.679	22.336	1056.0	-0.0089978	11.354	0.10533	liquid
22.450	26.434	68.326	0.014636	0.039670	0.045048	1.9942	11.679	22.336	1056.0	-0.0089978	11.354	0.10533	liquid
22.450	26.437	68.327	0.014636	0.039670	0.045048	1.9942	11.679	22.336	1056.0	-0.0089978	11.354	0.10533	liquid
22.450	26.440	68.327	0.014636	0.039670	0.045048	1.9942	11.679	22.336	1056.0	-0.0089979	11.355	0.10533	liquid
22.450	26.443	68.327	0.014636	0.039669	0.045049	1.9942	11.679	22.336	1056.0	-0.0089979	11.355	0.10533	liquid
22.450	26.446	68.327	0.014636	0.039669	0.045049	1.9942	11.679	22.336	1056.0	-0.0089979	11.355	0.10533	liquid
22.450	26.449	68.327	0.014636	0.039669	0.045049	1.9942	11.679	22.335	1056.0	-0.0089980	11.355	0.10533	liquid
22.450	26.452	68.327	0.014636	0.039669	0.045050	1.9942	11.679	22.335	1056.0	-0.0089980	11.355	0.10533	liquid
22.450	26.455	68.327	0.014636	0.039668	0.045050	1.9942	11.679	22.335	1056.0	-0.0089981	11.355	0.10533	liquid
22.450	26.458	68.327	0.014636	0.039668	0.045050	1.9941	11.679	22.335	1056.0	-0.0089981	11.355	0.10533	liquid
22.450	26.461	68.327	0.014636	0.039668	0.045051	1.9941	11.679	22.335	1056.0	-0.0089981	11.355	0.10533	liquid
22.450	26.464	68.327	0.014636	0.039668	0.045051	1.9941	11.679	22.335	1056.0	-0.0089982	11.355	0.10533	liquid
22.450	26.467	68.327	0.014636	0.039667	0.045051	1.9941	11.679	22.335	1056.0	-0.0089982	11.355	0.10533	liquid
22.450	26.470	68.327	0.014636	0.039667	0.045052	1.9941	11.679	22.335	1056.0	-0.0089982	11.355	0.10533	liquid
22.450	26.473	68.327	0.014636	0.039667	0.045052	1.9941	11.679	22.335	1056.0	-0.0089983	11.355	0.10533	liquid
22.450	26.476	68.327	0.014636	0.039666	0.045052	1.9941	11.679	22.335	1056.0	-0.0089983	11.355	0.10533	liquid
22.450	26.479	68.327	0.014635	0.039666	0.045053	1.9941	11.679	22.335	1056.0	-0.0089984	11.355	0.10533	liquid
22.450	26.482	68.327	0.014635	0.039666	0.045053	1.9940	11.679	22.335	1056.1	-0.0089984	11.355	0.10533	liquid
22.450	26.485	68.327	0.014635	0.039666	0.045053	1.9940	11.679	22.335	1056.1	-0.0089984	11.355	0.10533	liquid
22.450	26.488	68.327	0.014635	0.039665	0.045054	1.9940	11.679	22.335	1056.1	-0.0089985	11.355	0.10533	liquid
22.450	26.491	68.327	0.014635	0.039665	0.045054	1.9940	11.679	22.335	1056.1	-0.0089985	11.355	0.10533	liquid
22.450	26.494	68.327	0.014635	0.039665	0.045054	1.9940	11.679	22.335	1056.1	-0.0089985	11.355	0.10533	liquid
22.450	26.497	68.327	0.014635	0.039665	0.045055	1.9940	11.679	22.335	1056.1	-0.0089986	11.355	0.10533	liquid
22.450	26.500	68.327	0.014635	0.039664	0.045055	1.9940	11.679	22.335	1056.1	-0.0089986	11.355	0.10533	liquid
22.450	26.503	68.327	0.014635	0.039664	0.045055	1.9940	11.679	22.335	1056.1	-0.0089986	11.355	0.10533	liquid
22.450	26.506	68.327	0.014635	0.039664	0.045056	1.9939	11.679	22.335	1056.1	-0.0089987	11.355	0.10533	liquid
22.450	26.509	68.327	0.014635	0.039663	0.045056	1.9939	11.679	22.335	1056.1	-0.0089987	11.355	0.10533	liquid
22.450	26.512	68.327	0.014635	0.039663	0.045056	1.9939	11.679	22.335	1056.1	-0.0089988	11.355	0.10533	liquid
22.450	26.515	68.327	0.014635	0.039663	0.045057	1.9939	11.679	22.335	1056.1	-0.0089988	11.355	0.10533	liquid
22.450	26.518	68.327	0.014635	0.039663	0.045057	1.9939	11.679	22.335	1056.1	-0.0089988	11.355	0.10533	liquid
22.450	26.521	68.328	0.014635	0.039662	0.045057	1.9939	11.679	22.335	1056.1	-0.0089989	11.355	0.10533	liquid
22.450	26.524	68.328	0.014635	0.039662	0.045058	1.9939	11.679	22.335	1056.1	-0.0089989	11.355	0.10533	liquid
22.450	26.527	68.328	0.014635	0.039662	0.045058	1.9939	11.679	22.335	1056.1	-0.0089989	11.355	0.10533	liquid
22.450	26.530	68.328	0.014635	0.039662	0.045058	1.9938	11.679	22.335	1056.1	-0.0089990	11.355	0.10533	liquid
22.450	26.533	68.328	0.014635	0.039661	0.045059	1.9938	11.679	22.335	1056.1	-0.0089990	11.355	0.10533	liquid
22.450	26.536	68.328	0.014635	0.039661	0.045059	1.9938	11.679	22.334	1056.1	-0.0089990	11.355	0.10533	liquid
22.450	26.539	68.328	0.014635	0.039661	0.045059	1.9938	11.679	22.334	1056.1	-0.0089991	11.355	0.10533	liquid
22.450	26.542	68.328	0.014635	0.039660	0.045060	1.9938	11.679	22.334	1056.1	-0.0089991	11.355	0.10533	liquid
22.450	26.545	68.328	0.014635	0.039660	0.045060	1.9938	11.679	22.334	1056.1	-0.0089992	11.355	0.10533	liquid
22.450	26.548	68.328	0.014635	0.039660	0.045060	1.9938	11.679	22.334	1056.1	-0.0089992	11.355	0.10533	liquid
22.450	26.551	68.328	0.014635	0.039660	0.045061	1.9938	11.679	22.334	1056.1	-0.0089992	11.355	0.10533	liquid
22.450	26.554	68.328	0.014635	0.039659	0.045061	1.9938	11.679	22.334	1056.1	-0.0089993	11.355	0.10533	liquid
22.450	26.557	68.328	0.014635	0.039659	0.045061	1.9937	11.679	22.334	1056.1	-0.0089993	11.355	0.10533	liquid
22.450	26.560	68.328	0.014635	0.039659	0.045062	1.9937	11.679	22.334	1056.1	-0.0089993	11.355	0.10533	liquid
22.450	26.563	68.328	0.014635	0.039659	0.045062	1.9937	11.679	22.334	1056.1	-0.0089994	11.355	0.10533	liquid
22.450	26.566	68.328	0.014635	0.039658	0.045062	1.9937	11.679	22.334	1056.1	-0.0089994	11.355	0.10533	liquid
22.450	26.569	68.328	0.014635	0.039658	0.045063	1.9937	11.679	22.334	1056.1	-0.0089995	11.355	0.10533	liquid
22.450	26.572	68.328	0.014635	0.039658	0.045063	1.9937	11.679	22.334	1056.1	-0.0089995	11.355	0.10533	liquid
22.450	26.575	68.328	0.014635	0.039657	0.045063	1.9937	11.679	22.334	1056.1	-0.0089995	11.355	0.10533	liquid
22.450	26.578	68.328	0.014635	0.039657	0.045064	1.9937	11.679	22.334	1056.1	-0.0089996	11.355	0.10533	liquid
22.450	26.581	68.328	0.014635	0.039657	0.045064	1.9936	11.679	22.334	1056.1	-0.0089996	11.355	0.10533	liquid
22.450	26.584	68.328	0.014635	0.039657	0.045064	1.9936	11.679	22.334	1056.1	-0.0089996	11.355	0.10533	liquid
22.450	26.587	68.328	0.014635	0.039656	0.045065	1.9936	11.679	22.334	1056.1	-0.0089997	11.355	0.10533	liquid
22.450	26.590	68.328	0.014635	0.039656	0.045065	1.9936	11.679	22.334	1056.1	-0.0089997	11.355	0.10533	liquid
22.450	26.593	68.328	0.014635	0.039656	0.045065	1.9936	11.679	22.334	1056.1	-0.0089997	11.355	0.10533	liquid
22.450	26.596	68.328	0.014635	0.039656	0.045066	1.9936	11.679	22.334	1056.1	-0.0089998	11.356	0.10533	liquid
22.450	26.599	68.328	0.014635	0.039655	0.045066	1.9936	11.679	22.334	1056.1	-0.0089998	11.356	0.10533	liquid
22.450	26.602	68.328	0.014635	0.039655	0.045066	1.9936	11.679	22.334	1056.1	-0.0089999	11.356	0.10533	liquid
22.450	26.605	68.329	0.014635	0.039655	0.045067	1.9935	11.679	22.334	1056.1	-0.0089999	11.356	0.10533	liquid
22.450	26.608	68.329	0.014635	0.039654	0.045067	1.9935	11.679	22.334	1056.1	-0.0089999	11.356	0.10533	liquid
22.450	26.611	68.329	0.014635	0.039654	0.045067	1.9935	11.679	22.334	1056.1	-0.0090000	11.356	0.10533	liquid
22.450	26.614	68.329	0.014635	0.039654	0.045068	1.9935	11.679	22.334	1056.1	-0.0090000	11.356	0.10533	liquid
22.450	26.617	68.329	0.014635	0.039654	0.045068	1.9935	11.679	22.334	1056.1	-0.0090000	11.356	0.10533	liquid
22.450	26.620	68.329	0.014635	0.039653	0.045068	1.9935	11.679	22.334	1056.1	-0.0090001	11.356	0.10533	liquid
22.450	26.623	68.329	0.014635	0.039653	0.045069	1.9935	11.679	22.333	1056.1	-0.0090001	11.356	0.10533	liquid
22.450	26.626	68.329	0.014635	0.039653	0.045069	1.9935	11.679	22.333	1056.1	-0.0090002	11.356	0.10533	liquid
22.450	26.629	68.329	0.014635	0.039653	0.045069	1.9934	11.679	22.333	1056.1	-0.0090002	11.356	0.10533	liquid
22.450	26.632	68.329	0.014635	0.039652	0.045070	1.9934	11.679	22.333	1056.1	-0.0090002	11.356	0.10533	liquid
22.450	26.635	68.329	0.014635	0.039652	0.045070	1.9934	11.679	22.333	1056.1	-0.0090003	11.356	0.10533	liquid
22.450	26.638	68.329	0.014635	0.039652	0.045070	1.9934	11.679	22.333	1056.1	-0.0090003	11.356	0.10533	liquid
22.450	26.641	68.329	0.014635	0.039652	0.045071	1.9934	11.679	22.333	1056.1	-0.0090003	11.356	0.10533	liquid
22.450	26.644	68.329	0.014635	0.039651	0.045071	1.9934	11.679	22.333	1056.1	-0.0090004	11.356	0.10533	liquid
22.450	26.647	68.329	0.014635	0.039651	0.045071	1.9934	11.679	22.333	1056.1	-0.0090004	11.356	0.10533	liquid
22.450	26.650	68.329	0.014635	0.039651	0.045072	1.9934	11.679	22.333	1056.1	-0.0090004	11.356	0.10533	liquid
22.450	26.653	68.329	0.014635	0.039650	0.045072	1.9933	11.679	22.333	1056.1	-0.0090005	11.356	0.10533	liquid
22.450	26.656	68.329	0.014635	0.039650	0.045072	1.9933	11.679	22.333	1056.1	-0.0090005	11.356	0.10533	liquid
22.450	26.659	68.329	0.014635	0.039650	0.045073	1.9933	11.679	22.333	1056.1	-0.0090006	11.356	0.10533	liquid
22.450	26.662	68.329	0.014635	0.039650	0.045073	1.9933	11.679	22.333	1056.1	-0.0090006	11.356	0.10533	liquid
22.450	26.665	68.329	0.014635	0.039649	0.045073	1.9933	11.679	22.333	1056.1	-0.0090006	11.356	0.10533	liquid
22.450	26.668	68.329	0.014635	0.039649	0.045074	1.9933	11.679	22.333	1056.1	-0.0090007	11.356	0.10533	liquid
22.450	26.671	68.329	0.014635	0.039649	0.045074	1.9933	11.679	22.333	1056.1	-0.0090007	11.356	0.10533	liquid
22.450	26.674	68.329	0.014635	0.039649	0.045074	1.9933	11.679	22.333	1056.1	-0.0090007	11.356	0.10533	liquid
22.450	26.677	68.329	0.014635	0.039648	0.045075	1.9932	11.679	22.333	1056.1	-0.0090008	11.356	0.10533	liquid
22.450	26.680	68.329	0.014635	0.039648	0.045075	1.9932	11.679	22.333	1056.1	-0.0090008	11.356	0.10533	liquid
22.450	26.683	68.329	0.014635	0.039648	0.045075	1.9932	11.679	22.333	1056.1	-0.0090008	11.356	0.10533	liquid
22.450	26.686	68.329	0.014635	0.039647	0.045076	1.9932	11.679	22.333	1056.1	-0.0090009	11.356	0.10533	liquid
22.450	26.689	68.330	0.014635	0.039647	0.045076	1.9932	11.679	22.333	1056.1	-0.0090009	11.356	0.10533	liquid
22.450	26.692	68.330	0.014635	0.039647	0.045076	1.9932	11.679	22.333	1056.1	-0.0090010	11.356	0.10533	liquid
22.450	26.695	68.330	0.014635	0.039647	0.045077	1.9932	11.679	22.333	1056.1	-0.0090010	11.356	0.10533	liquid
22.450	26.698	68.330	0.014635	0.039646	0.045077	1.9932	11.679	22.333	1056.1	-0.0090010	11.356	0.10533	liquid
22.450	26.701	68.330	0.014635	0.039646	0.045077	1.9932	11.679	22.333	1056.1	-0.0090011	11.356	0.10533	liquid
22.450	26.704	68.330	0.014635	0.039646	0.045078	1.9931	11.679	22.333	1056.2	-0.0090011	11.356	0.10533	liquid
22.450	26.707	68.330	0.014635	0.039646	0.045078	1.9931	11.679	22.333	1056.2	-0.0090011	11.356	0.10533	liquid
22.450	26.710	68.330	0.014635	0.039645	0.045078	1.9931	11.679	22.332	1056.2	-0.0090012	11.356	0.10533	liquid
22.450	26.713	68.330	0.014635	0.039645	0.045079	1.9931	11.679	22.332	1056.2	-0.0090012	11.356	0.10533	liquid
22.450	26.716	68.330	0.014635	0.039645	0.045079	1.9931	11.679	22.332	1056.2	-0.0090013	11.356	0.10533	liquid
22.450	26.719	68.330	0.014635	0.039644	0.045080	1.9931	11.679	22.332	1056.2	-0.0090013	11.356	0.10533	liquid
22.450	26.722	68.330	0.014635	0.039644	0.045080	1.9931	11.679	22.332	1056.2	-0.0090013	11.356	0.10533	liquid
22.450	26.725	68.330	0.014635	0.039644	0.045080	1.9931	11.679	22.332	1056.2	-0.0090014	11.356	0.10533	liquid
22.450	26.728	68.330	0.014635	0.039644	0.045081	1.9930	11.679	22.332	1056.2	-0.0090014	11.356	0.10533	liquid
22.450	26.731	68.330	0.014635	0.039643	0.045081	1.9930	11.679	22.332	1056.2	-0.0090014	11.356	0.10533	liquid
22.450	26.734	68.330	0.014635	0.039643	0.045081	1.9930	11.679	22.332	1056.2	-0.0090015	11.356	0.10533	liquid
22.450	26.737	68.330	0.014635	0.039643	0.045082	1.9930	11.679	22.332	1056.2	-0.0090015	11.356	0.10533	liquid
22.450	26.740	68.330	0.014635	0.039643	0.045082	1.9930	11.679	22.332	1056.2	-0.0090015	11.356	0.10533	liquid
22.450	26.743	68.330	0.014635	0.039642	0.045082	1.9930	11.679	22.332	1056.2	-0.0090016	11.356	0.10533	liquid
22.450	26.746	68.330	0.014635	0.039642	0.045083	1.9930	11.679	22.332	1056.2	-0.0090016	11.356	0.10533	liquid
22.450	26.749	68.330	0.014635	0.039642	0.045083	1.9930	11.679	22.332	1056.2	-0.0090017	11.356	0.10533	liquid
22.450	26.752	68.330	0.014635	0.039641	0.045083	1.9929	11.679	22.332	1056.2	-0.0090017	11.357	0.10533	liquid
22.450	26.755	68.330	0.014635	0.039641	0.045084	1.9929	11.679	22.332	1056.2	-0.0090017	11.357	0.10533	liquid
22.450	26.758	68.330	0.014635	0.039641	0.045084	1.9929	11.679	22.332	1056.2	-0.0090018	11.357	0.10533	liquid
22.450	26.761	68.330	0.014635	0.039641	0.045084	1.9929	11.679	22.332	1056.2	-0.0090018	11.357	0.10533	liquid
22.450	26.764	68.330	0.014635	0.039640	0.045085	1.9929	11.679	22.332	1056.2	-0.0090018	11.357	0.10533	liquid
22.450	26.767	68.330	0.014635	0.039640	0.045085	1.9929	11.679	22.332	1056.2	-0.0090019	11.357	0.10533	liquid
22.450	26.770	68.330	0.014635	0.039640	0.045085	1.9929	11.679	22.332	1056.2	-0.0090019	11.357	0.10533	liquid
22.450	26.773	68.331	0.014635	0.039640	0.045086	1.9929	11.679	22.332	1056.2	-0.0090020	11.357	0.10533	liquid
22.450	26.776	68.331	0.014635	0.039639	0.045086	1.9928	11.679	22.332	1056.2	-0.0090020	11.357	0.10533	liquid
22.450	26.779	68.331	0.014635	0.039639	0.045086	1.9928	11.679	22.332	1056.2	-0.0090020	11.357	0.10533	liquid
22.450	26.782	68.331	0.014635	0.039639	0.045087	1.9928	11.679	22.332	1056.2	-0.0090021	11.357	0.10533	liquid
22.450	26.785	68.331	0.014635	0.039638	0.045087	1.9928	11.679	22.332	1056.2	-0.0090021	11.357	0.10533	liquid
22.450	26.788	68.331	0.014635	0.039638	0.045087	1.9928	11.679	22.332	1056.2	-0.0090021	11.357	0.10533	liquid
22.450	26.791	68.331	0.014635	0.039638	0.045088	1.9928	11.679	22.332	1056.2	-0.0090022	11.357	0.10533	liquid
22.450	26.794	68.331	0.014635	0.039638	0.045088	1.9928	11.679	22.332	1056.2	-0.0090022	11.357	0.10533	liquid
22.450	26.797	68.331	0.014635	0.039637	0.045088	1.9928	11.679	22.331	1056.2	-0.0090022	11.357	0.10533	liquid
22.450	26.800	68.331	0.014635	0.039637	0.045089	1.9927	11.679	22.331	1056.2	-0.0090023	11.357	0.10533	liquid
22.450	26.803	68.331	0.014635	0.039637	0.045089	1.9927	11.679	22.331	1056.2	-0.0090023	11.357	0.10533	liquid
22.450	26.806	68.331	0.014635	0.039637	0.045089	1.9927	11.679	22.331	1056.2	-0.0090024	11.357	0.10533	liquid
22.450	26.809	68.331	0.014635	0.039636	0.045090	1.9927	11.679	22.331	1056.2	-0.0090024	11.357	0.10533	liquid
22.450	26.812	68.331	0.014635	0.039636	0.045090	1.9927	11.679	22.331	1056.2	-0.0090024	11.357	0.10533	liquid
22.450	26.815	68.331	0.014635	0.039636	0.045090	1.9927	11.679	22.331	1056.2	-0.0090025	11.357	0.10533	liquid
22.450	26.818	68.331	0.014635	0.039635	0.045091	1.9927	11.679	22.331	1056.2	-0.0090025	11.357	0.10533	liquid
22.450	26.821	68.331	0.014635	0.039635	0.045091	1.9927	11.679	22.331	1056.2	-0.0090025	11.357	0.10533	liquid
22.450	26.824	68.331	0.014635	0.039635	0.045091	1.9926	11.679	22.331	1056.2	-0.0090026	11.357	0.10534	liquid
22.450	26.827	68.331	0.014635	0.039635	0.045092	1.9926	11.679	22.331	1056.2	-0.0090026	11.357	0.10534	liquid
22.450	26.830	68.331	0.014635	0.039634	0.045092	1.9926	11.679	22.331	1056.2	-0.0090026	11.357	0.10534	liquid
22.450	26.833	68.331	0.014635	0.039634	0.045092	1.9926	11.679	22.331	1056.2	-0.0090027	11.357	0.10534	liquid
22.450	26.836	68.331	0.014635	0.039634	0.045093	1.9926	11.679	22.331	1056.2	-0.0090027	11.357	0.10534	liquid
22.450	26.839	68.331	0.014635	0.039634	0.045093	1.9926	11.679	22.331	1056.2	-0.0090028	11.357	0.10534	liquid
22.450	26.842	68.331	0.014635	0.039633	0.045093	1.9926	11.679	22.331	1056.2	-0.0090028	11.357	0.10534	liquid
22.450	26.845	68.331	0.014635	0.039633	0.045094	1.9926	11.679	22.331	1056.2	-0.0090028	11.357	0.10534	liquid
22.450	26.848	68.331	0.014635	0.039633	0.045094	1.9926	11.679	22.331	1056.2	-0.0090029	11.357	0.10534	liquid
22.450	26.851	68.331	0.014635	0.039632	0.045094	1.9925	11.679	22.331	1056.2	-0.0090029	11.357	0.10534	liquid
22.450	26.854	68.331	0.014635	0.039632	0.045095	1.9925	11.679	22.331	1056.2	-0.0090029	11.357	0.10534	liquid
22.450	26.857	68.331	0.014635	0.039632	0.045095	1.9925	11.679	22.331	1056.2	-0.0090030	11.357	0.10534	liquid
22.450	26.860	68.332	0.014635	0.039632	0.045095	1.9925	11.679	22.331	1056.2	-0.0090030	11.357	0.10534	liquid
22.450	26.863	68.332	0.014635	0.039631	0.045096	1.9925	11.679	22.331	1056.2	-0.0090031	11.357	0.10534	liquid
22.450	26.866	68.332	0.014635	0.039631	0.045096	1.9925	11.679	22.331	1056.2	-0.0090031	11.357	0.10534	liquid
22.450	26.869	68.332	0.014635	0.039631	0.045096	1.9925	11.679	22.331	1056.2	-0.0090031	11.357	0.10534	liquid
22.450	26.872	68.332	0.014635	0.039631	0.045097	1.9925	11.679	22.331	1056.2	-0.0090032	11.357	0.10534	liquid
22.450	26.875	68.332	0.014634	0.039630	0.045097	1.9924	11.679	22.331	1056.2	-0.0090032	11.357	0.10534	liquid
22.450	26.878	68.332	0.014634	0.039630	0.045097	1.9924	11.679	22.331	1056.2	-0.0090032	11.357	0.10534	liquid
22.450	26.881	68.332	0.014634	0.039630	0.045098	1.9924	11.679	22.331	1056.2	-0.0090033	11.357	0.10534	liquid
22.450	26.884	68.332	0.014634	0.039629	0.045098	1.9924	11.679	22.330	1056.2	-0.0090033	11.357	0.10534	liquid
22.450	26.887	68.332	0.014634	0.039629	0.045098	1.9924	11.679	22.330	1056.2	-0.0090033	11.357	0.10534	liquid
22.450	26.890	68.332	0.014634	0.039629	0.045099	1.9924	11.679	22.330	1056.2	-0.0090034	11.357	0.10534	liquid
22.450	26.893	68.332	0.014634	0.039629	0.045099	1.9924	11.679	22.330	1056.2	-0.0090034	11.357	0.10534	liquid
22.450	26.896	68.332	0.014634	0.039628	0.045099	1.9924	11.679	22.330	1056.2	-0.0090035	11.357	0.10534	liquid
22.450	26.899	68.332	0.014634	0.039628	0.045100	1.9923	11.679	22.330	1056.2	-0.0090035	11.357	0.10534	liquid
22.450	26.902	68.332	0.014634	0.039628	0.045100	1.9923	11.679	22.330	1056.2	-0.0090035	11.357	0.10534	liquid
22.450	26.905	68.332	0.014634	0.039628	0.045100	1.9923	11.679	22.330	1056.2	-0.0090036	11.357	0.10534	liquid
22.450	26.908	68.332	0.014634	0.039627	0.045101	1.9923	11.679	22.330	1056.2	-0.0090036	11.357	0.10534	liquid
22.450	26.911	68.332	0.014634	0.039627	0.045101	1.9923	11.679	22.330	1056.2	-0.0090036	11.358	0.10534	liquid
22.450	26.914	68.332	0.014634	0.039627	0.045101	1.9923	11.679	22.330	1056.2	-0.0090037	11.358	0.10534	liquid
22.450	26.917	68.332	0.014634	0.039626	0.045102	1.9923	11.679	22.330	1056.2	-0.0090037	11.358	0.10534	liquid
22.450	26.920	68.332	0.014634	0.039626	0.045102	1.9923	11.679	22.330	1056.2	-0.0090038	11.358	0.10534	liquid
22.450	26.923	68.332	0.014634	0.039626	0.045102	1.9922	11.679	22.330	1056.3	-0.0090038	11.358	0.10534	liquid
22.450	26.926	68.332	0.014634	0.039626	0.045103	1.9922	11.679	22.330	1056.3	-0.0090038	11.358	0.10534	liquid
22.450	26.929	68.332	0.014634	0.039625	0.045103	1.9922	11.679	22.330	1056.3	-0.0090039	11.358	0.10534	liquid
22.450	26.932	68.332	0.014634	0.039625	0.045103	1.9922	11.679	22.330	1056.3	-0.0090039	11.358	0.10534	liquid
22.450	26.935	68.332	0.014634	0.039625	0.045104	1.9922	11.679	22.330	1056.3	-0.0090039	11.358	0.10534	liquid
22.450	26.938	68.332	0.014634	0.039625	0.045104	1.9922	11.679	22.330	1056.3	-0.0090040	11.358	0.10534	liquid
22.450	26.941	68.332	0.014634	0.039624	0.045104	1.9922	11.679	22.330	1056.3	-0.0090040	11.358	0.10534	liquid
22.450	26.944	68.333	0.014634	0.039624	0.045105	1.9922	11.679	22.330	1056.3	-0.0090040	11.358	0.10534	liquid
22.450	26.947	68.333	0.014634	0.039624	0.045105	1.9921	11.679	22.330	1056.3	-0.0090041	11.358	0.10534	liquid
22.450	26.950	68.333	0.014634	0.039623	0.045105	1.9921	11.679	22.330	1056.3	-0.0090041	11.358	0.10534	liquid
22.450	26.953	68.333	0.014634	0.039623	0.045106	1.9921	11.679	22.330	1056.3	-0.0090042	11.358	0.10534	liquid
22.450	26.956	68.333	0.014634	0.039623	0.045106	1.9921	11.679	22.330	1056.3	-0.0090042	11.358	0.10534	liquid
22.450	26.959	68.333	0.014634	0.039623	0.045106	1.9921	11.679	22.330	1056.3	-0.0090042	11.358	0.10534	liquid
22.450	26.962	68.333	0.014634	0.039622	0.045107	1.9921	11.679	22.330	1056.3	-0.0090043	11.358	0.10534	liquid
22.450	26.965	68.333	0.014634	0.039622	0.045107	1.9921	11.679	22.330	1056.3	-0.0090043	11.358	0.10534	liquid
22.450	26.968	68.333	0.014634	0.039622	0.045107	1.9921	11.679	22.330	1056.3	-0.0090043	11.358	0.10534	liquid
22.450	26.971	68.333	0.014634	0.039622	0.045108	1.9920	11.679	22.329	1056.3	-0.0090044	11.358	0.10534	liquid
22.450	26.974	68.333	0.014634	0.039621	0.045108	1.9920	11.679	22.329	1056.3	-0.0090044	11.358	0.10534	liquid
22.450	26.977	68.333	0.014634	0.039621	0.045108	1.9920	11.679	22.329	1056.3	-0.0090044	11.358	0.10534	liquid
22.450	26.980	68.333	0.014634	0.039621	0.045109	1.9920	11.679	22.329	1056.3	-0.0090045	11.358	0.10534	liquid
22.450	26.983	68.333	0.014634	0.039620	0.045109	1.9920	11.679	22.329	1056.3	-0.0090045	11.358	0.10534	liquid
22.450	26.986	68.333	0.014634	0.039620	0.045109	1.9920	11.679	22.329	1056.3	-0.0090046	11.358	0.10534	liquid
22.450	26.989	68.333	0.014634	0.039620	0.045110	1.9920	11.679	22.329	1056.3	-0.0090046	11.358	0.10534	liquid
22.450	26.992	68.333	0.014634	0.039620	0.045110	1.9920	11.679	22.329	1056.3	-0.0090046	11.358	0.10534	liquid
22.450	26.995	68.333	0.014634	0.039619	0.045110	1.9919	11.679	22.329	1056.3	-0.0090047	11.358	0.10534	liquid
22.450	26.998	68.333	0.014634	0.039619	0.045111	1.9919	11.679	22.329	1056.3	-0.0090047	11.358	0.10534	liquid
22.450	27.001	68.333	0.014634	0.039619	0.045111	1.9919	11.679	22.329	1056.3	-0.0090047	11.358	0.10534	liquid
22.450	27.004	68.333	0.014634	0.039619	0.045111	1.9919	11.679	22.329	1056.3	-0.0090048	11.358	0.10534	liquid
22.450	27.007	68.333	0.014634	0.039618	0.045112	1.9919	11.679	22.329	1056.3	-0.0090048	11.358	0.10534	liquid
22.450	27.010	68.333	0.014634	0.039618	0.045112	1.9919	11.679	22.329	1056.3	-0.0090049	11.358	0.10534	liquid
22.450	27.013	68.333	0.014634	0.039618	0.045112	1.9919	11.679	22.329	1056.3	-0.0090049	11.358	0.10534	liquid
22.450	27.016	68.333	0.014634	0.039617	0.045113	1.9919	11.679	22.329	1056.3	-0.0090049	11.358	0.10534	liquid
22.450	27.019	68.333	0.014634	0.039617	0.045113	1.9919	11.679	22.329	1056.3	-0.0090050	11.358	0.10534	liquid
22.450	27.022	68.333	0.014634	0.039617	0.045113	1.9918	11.679	22.329	1056.3	-0.0090050	11.358	0.10534	liquid
22.450	27.025	68.333	0.014634	0.039617	0.045114	1.9918	11.679	22.329	1056.3	-0.0090050	11.358	0.10534	liquid
22.450	27.028	68.334	0.014634	0.039616	0.045114	1.9918	11.679	22.329	1056.3	-0.0090051	11.358	0.10534	liquid
22.450	27.031	68.334	0.014634	0.039616	0.045114	1.9918	11.679	22.329	1056.3	-0.0090051	11.358	0.10534	liquid
22.450	27.034	68.334	0.014634	0.039616	0.045115	1.9918	11.679	22.329	1056.3	-0.0090051	11.358	0.10534	liquid
22.450	27.037	68.334	0.014634	0.039616	0.045115	1.9918	11.679	22.329	1056.3	-0.0090052	11.358	0.10534	liquid
22.450	27.040	68.334	0.014634	0.039615	0.045115	1.9918	11.679	22.329	1056.3	-0.0090052	11.358	0.10534	liquid
22.450	27.043	68.334	0.014634	0.039615	0.045116	1.9918	11.679	22.329	1056.3	-0.0090053	11.358	0.10534	liquid
22.450	27.046	68.334	0.014634	0.039615	0.045116	1.9917	11.679	22.329	1056.3	-0.0090053	11.358	0.10534	liquid
22.450	27.049	68.334	0.014634	0.039614	0.045116	1.9917	11.679	22.329	1056.3	-0.0090053	11.358	0.10534	liquid
22.450	27.052	68.334	0.014634	0.039614	0.045117	1.9917	11.679	22.329	1056.3	-0.0090054	11.358	0.10534	liquid
22.450	27.055	68.334	0.014634	0.039614	0.045117	1.9917	11.679	22.329	1056.3	-0.0090054	11.358	0.10534	liquid
22.450	27.058	68.334	0.014634	0.039614	0.045117	1.9917	11.679	22.328	1056.3	-0.0090054	11.358	0.10534	liquid
22.450	27.061	68.334	0.014634	0.039613	0.045118	1.9917	11.679	22.328	1056.3	-0.0090055	11.358	0.10534	liquid
22.450	27.064	68.334	0.014634	0.039613	0.045118	1.9917	11.679	22.328	1056.3	-0.0090055	11.358	0.10534	liquid
22.450	27.067	68.334	0.014634	0.039613	0.045118	1.9917	11.679	22.328	1056.3	-0.0090055	11.359	0.10534	liquid
22.450	27.070	68.334	0.014634	0.039613	0.045119	1.9916	11.679	22.328	1056.3	-0.0090056	11.359	0.10534	liquid
22.450	27.073	68.334	0.014634	0.039612	0.045119	1.9916	11.679	22.328	1056.3	-0.0090056	11.359	0.10534	liquid
22.450	27.076	68.334	0.014634	0.039612	0.045119	1.9916	11.679	22.328	1056.3	-0.0090057	11.359	0.10534	liquid
22.450	27.079	68.334	0.014634	0.039612	0.045120	1.9916	11.679	22.328	1056.3	-0.0090057	11.359	0.10534	liquid
22.450	27.082	68.334	0.014634	0.039611	0.045120	1.9916	11.679	22.328	1056.3	-0.0090057	11.359	0.10534	liquid
22.450	27.085	68.334	0.014634	0.039611	0.045120	1.9916	11.679	22.328	1056.3	-0.0090058	11.359	0.10534	liquid
22.450	27.088	68.334	0.014634	0.039611	0.045121	1.9916	11.679	22.328	1056.3	-0.0090058	11.359	0.10534	liquid
22.450	27.091	68.334	0.014634	0.039611	0.045121	1.9916	11.679	22.328	1056.3	-0.0090058	11.359	0.10534	liquid
22.450	27.094	68.334	0.014634	0.039610	0.045121	1.9915	11.679	22.328	1056.3	-0.0090059	11.359	0.10534	liquid
22.450	27.097	68.334	0.014634	0.039610	0.045122	1.9915	11.679	22.328	1056.3	-0.0090059	11.359	0.10534	liquid
22.450	27.100	68.334	0.014634	0.039610	0.045122	1.9915	11.679	22.328	1056.3	-0.0090060	11.359	0.10534	liquid
22.450	27.103	68.334	0.014634	0.039610	0.045122	1.9915	11.679	22.328	1056.3	-0.0090060	11.359	0.10534	liquid
22.450	27.106	68.334	0.014634	0.039609	0.045123	1.9915	11.679	22.328	1056.3	-0.0090060	11.359	0.10534	liquid
22.450	27.109	68.334	0.014634	0.039609	0.045123	1.9915	11.679	22.328	1056.3	-0.0090061	11.359	0.10534	liquid
22.450	27.112	68.335	0.014634	0.039609	0.045123	1.9915	11.679	22.328	1056.3	-0.0090061	11.359	0.10534	liquid
22.450	27.115	68.335	0.014634	0.039608	0.045124	1.9915	11.679	22.328	1056.3	-0.0090061	11.359	0.10534	liquid
22.450	27.118	68.335	0.014634	0.039608	0.045124	1.9914	11.679	22.328	1056.3	-0.0090062	11.359	0.10534	liquid
22.450	27.121	68.335	0.014634	0.039608	0.045124	1.9914	11.679	22.328	1056.3	-0.0090062	11.359	0.10534	liquid
22.450	27.124	68.335	0.014634	0.039608	0.045125	1.9914	11.679	22.328	1056.3	-0.0090062	11.359	0.10534	liquid
22.450	27.127	68.335	0.014634	0.039607	0.045125	1.9914	11.679	22.328	1056.3	-0.0090063	11.359	0.10534	liquid
22.450	27.130	68.335	0.014634	0.039607	0.045125	1.9914	11.679	22.328	1056.3	-0.0090063	11.359	0.10534	liquid
22.450	27.133	68.335	0.014634	0.039607	0.045126	1.9914	11.679	22.328	1056.3	-0.0090064	11.359	0.10534	liquid
22.450	27.136	68.335	0.014634	0.039607	0.045126	1.9914	11.679	22.328	1056.3	-0.0090064	11.359	0.10534	liquid
22.450	27.139	68.335	0.014634	0.039606	0.045126	1.9914	11.679	22.328	1056.3	-0.0090064	11.359	0.10534	liquid
22.450	27.142	68.335	0.014634	0.039606	0.045127	1.9913	11.679	22.328	1056.3	-0.0090065	11.359	0.10534	liquid
22.450	27.145	68.335	0.014634	0.039606	0.045127	1.9913	11.679	22.328	1056.4	-0.0090065	11.359	0.10534	liquid
22.450	27.148	68.335	0.014634	0.039605	0.045127	1.9913	11.679	22.327	1056.4	-0.0090065	11.359	0.10534	liquid
22.450	27.151	68.335	0.014634	0.039605	0.045128	1.9913	11.679	22.327	1056.4	-0.0090066	11.359	0.10534	liquid
22.450	27.154	68.335	0.014634	0.039605	0.045128	1.9913	11.679	22.327	1056.4	-0.0090066	11.359	0.10534	liquid
22.450	27.157	68.335	0.014634	0.039605	0.045128	1.9913	11.679	22.327	1056.4	-0.0090067	11.359	0.10534	liquid
22.450	27.160	68.335	0.014634	0.039604	0.045129	1.9913	11.679	22.327	1056.4	-0.0090067	11.359	0.10534	liquid
22.450	27.163	68.335	0.014634	0.039604	0.045129	1.9913	11.679	22.327	1056.4	-0.0090067	11.359	0.10534	liquid
22.450	27.166	68.335	0.014634	0.039604	0.045129	1.9913	11.679	22.327	1056.4	-0.0090068	11.359	0.10534	liquid
22.450	27.169	68.335	0.014634	0.039604	0.045130	1.9912	11.679	22.327	1056.4	-0.0090068	11.359	0.10534	liquid
22.450	27.172	68.335	0.014634	0.039603	0.045130	1.9912	11.679	22.327	1056.4	-0.0090068	11.359	0.10534	liquid
22.450	27.175	68.335	0.014634	0.039603	0.045130	1.9912	11.679	22.327	1056.4	-0.0090069	11.359	0.10534	liquid
22.450	27.178	68.335	0.014634	0.039603	0.045131	1.9912	11.679	22.327	1056.4	-0.0090069	11.359	0.10534	liquid
22.450	27.181	68.335	0.014634	0.039602	0.045131	1.9912	11.679	22.327	1056.4	-0.0090069	11.359	0.10534	liquid
22.450	27.184	68.335	0.014634	0.039602	0.045131	1.9912	11.679	22.327	1056.4	-0.0090070	11.359	0.10534	liquid
22.450	27.187	68.335	0.014634	0.039602	0.045132	1.9912	11.679	22.327	1056.4	-0.0090070	11.359	0.10534	liquid
22.450	27.190	68.335	0.014634	0.039602	0.045132	1.9912	11.679	22.327	1056.4	-0.0090071	11.359	0.10534	liquid
22.450	27.193	68.335	0.014634	0.039601	0.045132	1.9911	11.679	22.327	1056.4	-0.0090071	11.359	0.10534	liquid
22.450	27.196	68.336	0.014634	0.039601	0.045133	1.9911	11.679	22.327	1056.4	-0.0090071	11.359	0.10534	liquid
22.450	27.199	68.336	0.014634	0.039601	0.045133	1.9911	11.679	22.327	1056.4	-0.0090072	11.359	0.10534	liquid
22.450	27.202	68.336	0.014634	0.039601	0.045133	1.9911	11.679	22.327	1056.4	-0.0090072	11.359	0.10534	liquid
22.450	27.205	68.336	0.014634	0.039600	0.045134	1.9911	11.679	22.327	1056.4	-0.0090072	11.359	0.10534	liquid
22.450	27.208	68.336	0.014634	0.039600	0.045134	1.9911	11.679	22.327	1056.4	-0.0090073	11.359	0.10534	liquid
22.450	27.211	68.336	0.014634	0.039600	0.045134	1.9911	11.679	22.327	1056.4	-0.0090073	11.359	0.10534	liquid
22.450	27.214	68.336	0.014634	0.039599	0.045135	1.9911	11.679	22.327	1056.4	-0.0090073	11.359	0.10534	liquid
22.450	27.217	68.336	0.014634	0.039599	0.045135	1.9910	11.679	22.327	1056.4	-0.0090074	11.359	0.10534	liquid
22.450	27.220	68.336	0.014634	0.039599	0.045135	1.9910	11.679	22.327	1056.4	-0.0090074	11.359	0.10534	liquid
22.450	27.223	68.336	0.014634	0.039599	0.045136	1.9910	11.679	22.327	1056.4	-0.0090075	11.360	0.10534	liquid
22.450	27.226	68.336	0.014634	0.039598	0.045136	1.9910	11.679	22.327	1056.4	-0.0090075	11.360	0.10534	liquid
22.450	27.229	68.336	0.014634	0.039598	0.045136	1.9910	11.679	22.327	1056.4	-0.0090075	11.360	0.10534	liquid
22.450	27.232	68.336	0.014634	0.039598	0.045137	1.9910	11.679	22.327	1056.4	-0.0090076	11.360	0.10534	liquid
22.450	27.235	68.336	0.014634	0.039598	0.045137	1.9910	11.679	22.326	1056.4	-0.0090076	11.360	0.10534	liquid
22.450	27.238	68.336	0.014634	0.039597	0.045137	1.9910	11.679	22.326	1056.4	-0.0090076	11.360	0.10534	liquid
22.450	27.241	68.336	0.014634	0.039597	0.045138	1.9909	11.679	22.326	1056.4	-0.0090077	11.360	0.10534	liquid
22.450	27.244	68.336	0.014634	0.039597	0.045138	1.9909	11.679	22.326	1056.4	-0.0090077	11.360	0.10534	liquid
22.450	27.247	68.336	0.014634	0.039597	0.045138	1.9909	11.679	22.326	1056.4	-0.0090078	11.360	0.10534	liquid
22.450	27.250	68.336	0.014634	0.039596	0.045139	1.9909	11.679	22.326	1056.4	-0.0090078	11.360	0.10534	liquid
22.450	27.253	68.336	0.014634	0.039596	0.045139	1.9909	11.679	22.326	1056.4	-0.0090078	11.360	0.10534	liquid
22.450	27.256	68.336	0.014634	0.039596	0.045139	1.9909	11.679	22.326	1056.4	-0.0090079	11.360	0.10534	liquid
22.450	27.259	68.336	0.014634	0.039595	0.045140	1.9909	11.679	22.326	1056.4	-0.0090079	11.360	0.10534	liquid
22.450	27.262	68.336	0.014634	0.039595	0.045140	1.9909	11.679	22.326	1056.4	-0.0090079	11.360	0.10535	liquid
22.450	27.265	68.336	0.014634	0.039595	0.045140	1.9908	11.679	22.326	1056.4	-0.0090080	11.360	0.10535	liquid
22.450	27.268	68.336	0.014633	0.039595	0.045141	1.9908	11.679	22.326	1056.4	-0.0090080	11.360	0.10535	liquid
22.450	27.271	68.336	0.014633	0.039594	0.045141	1.9908	11.679	22.326	1056.4	-0.0090080	11.360	0.10535	liquid
22.450	27.274	68.336	0.014633	0.039594	0.045141	1.9908	11.679	22.326	1056.4	-0.0090081	11.360	0.10535	liquid
22.450	27.277	68.336	0.014633	0.039594	0.045142	1.9908	11.679	22.326	1056.4	-0.0090081	11.360	0.10535	liquid
22.450	27.280	68.336	0.014633	0.039594	0.045142	1.9908	11.679	22.326	1056.4	-0.0090082	11.360	0.10535	liquid
22.450	27.283	68.337	0.014633	0.039593	0.045143	1.9908	11.679	22.326	1056.4	-0.0090082	11.360	0.10535	liquid
22.450	27.286	68.337	0.014633	0.039593	0.045143	1.9908	11.679	22.326	1056.4	-0.0090082	11.360	0.10535	liquid
22.450	27.289	68.337	0.014633	0.039593	0.045143	1.9907	11.679	22.326	1056.4	-0.0090083	11.360	0.10535	liquid
22.450	27.292	68.337	0.014633	0.039592	0.045144	1.9907	11.679	22.326	1056.4	-0.0090083	11.360	0.10535	liquid
22.450	27.295	68.337	0.014633	0.039592	0.045144	1.9907	11.679	22.326	1056.4	-0.0090083	11.360	0.10535	liquid
22.450	27.298	68.337	0.014633	0.039592	0.045144	1.9907	11.679	22.326	1056.4	-0.0090084	11.360	0.10535	liquid
22.450	27.301	68.337	0.014633	0.039592	0.045145	1.9907	11.679	22.326	1056.4	-0.0090084	11.360	0.10535	liquid
22.450	27.304	68.337	0.014633	0.039591	0.045145	1.9907	11.679	22.326	1056.4	-0.0090084	11.360	0.10535	liquid
22.450	27.307	68.337	0.014633	0.039591	0.045145	1.9907	11.679	22.326	1056.4	-0.0090085	11.360	0.10535	liquid
22.450	27.310	68.337	0.014633	0.039591	0.045146	1.9907	11.679	22.326	1056.4	-0.0090085	11.360	0.10535	liquid
22.450	27.313	68.337	0.014633	0.039591	0.045146	1.9907	11.679	22.326	1056.4	-0.0090086	11.360	0.10535	liquid
22.450	27.316	68.337	0.014633	0.039590	0.045146	1.9906	11.679	22.326	1056.4	-0.0090086	11.360	0.10535	liquid
22.450	27.319	68.337	0.014633	0.039590	0.045147	1.9906	11.679	22.326	1056.4	-0.0090086	11.360	0.10535	liquid
22.450	27.322	68.337	0.014633	0.039590	0.045147	1.9906	11.679	22.325	1056.4	-0.0090087	11.360	0.10535	liquid
22.450	27.325	68.337	0.014633	0.039589	0.045147	1.9906	11.679	22.325	1056.4	-0.0090087	11.360	0.10535	liquid
22.450	27.328	68.337	0.014633	0.039589	0.045148	1.9906	11.679	22.325	1056.4	-0.0090087	11.360	0.10535	liquid
22.450	27.331	68.337	0.014633	0.039589	0.045148	1.9906	11.679	22.325	1056.4	-0.0090088	11.360	0.10535	liquid
22.450	27.334	68.337	0.014633	0.039589	0.045148	1.9906	11.679	22.325	1056.4	-0.0090088	11.360	0.10535	liquid
22.450	27.337	68.337	0.014633	0.039588	0.045149	1.9906	11.679	22.325	1056.4	-0.0090089	11.360	0.10535	liquid
22.450	27.340	68.337	0.014633	0.039588	0.045149	1.9905	11.679	22.325	1056.4	-0.0090089	11.360	0.10535	liquid
22.450	27.343	68.337	0.014633	0.039588	0.045149	1.9905	11.679	22.325	1056.4	-0.0090089	11.360	0.10535	liquid
22.450	27.346	68.337	0.014633	0.039588	0.045150	1.9905	11.679	22.325	1056.4	-0.0090090	11.360	0.10535	liquid
22.450	27.349	68.337	0.014633	0.039587	0.045150	1.9905	11.679	22.325	1056.4	-0.0090090	11.360	0.10535	liquid
22.450	27.352	68.337	0.014633	0.039587	0.045150	1.9905	11.679	22.325	1056.4	-0.0090090	11.360	0.10535	liquid
22.450	27.355	68.337	0.014633	0.039587	0.045151	1.9905	11.679	22.325	1056.4	-0.0090091	11.360	0.10535	liquid
22.450	27.358	68.337	0.014633	0.039586	0.045151	1.9905	11.679	22.325	1056.4	-0.0090091	11.360	0.10535	liquid
22.450	27.361	68.337	0.014633	0.039586	0.045151	1.9905	11.679	22.325	1056.4	-0.0090091	11.360	0.10535	liquid
22.450	27.364	68.337	0.014633	0.039586	0.045152	1.9904	11.679	22.325	1056.5	-0.0090092	11.360	0.10535	liquid
22.450	27.367	68.338	0.014633	0.039586	0.045152	1.9904	11.679	22.325	1056.5	-0.0090092	11.360	0.10535	liquid
22.450	27.370	68.338	0.014633	0.039585	0.045152	1.9904	11.679	22.325	1056.5	-0.0090093	11.360	0.10535	liquid
22.450	27.373	68.338	0.014633	0.039585	0.045153	1.9904	11.679	22.325	1056.5	-0.0090093	11.360	0.10535	liquid
22.450	27.376	68.338	0.014633	0.039585	0.045153	1.9904	11.679	22.325	1056.5	-0.0090093	11.360	0.10535	liquid
22.450	27.379	68.338	0.014633	0.039585	0.045153	1.9904	11.679	22.325	1056.5	-0.0090094	11.361	0.10535	liquid
22.450	27.382	68.338	0.014633	0.039584	0.045154	1.9904	11.679	22.325	1056.5	-0.0090094	11.361	0.10535	liquid
22.450	27.385	68.338	0.014633	0.039584	0.045154	1.9904	11.679	22.325	1056.5	-0.0090094	11.361	0.10535	liquid
22.450	27.388	68.338	0.014633	0.039584	0.045154	1.9903	11.679	22.325	1056.5	-0.0090095	11.361	0.10535	liquid
22.450	27.391	68.338	0.014633	0.039583	0.045155	1.9903	11.679	22.325	1056.5	-0.0090095	11.361	0.10535	liquid
22.450	27.394	68.338	0.014633	0.039583	0.045155	1.9903	11.679	22.325	1056.5	-0.0090095	11.361	0.10535	liquid
22.450	27.397	68.338	0.014633	0.039583	0.045155	1.9903	11.679	22.325	1056.5	-0.0090096	11.361	0.10535	liquid
22.450	27.400	68.338	0.014633	0.039583	0.045156	1.9903	11.679	22.325	1056.5	-0.0090096	11.361	0.10535	liquid
