RunNumber    target    charge       TLT   TE_SHMS    TE_HMS SHMS_aero  SHMS_cal   HMS_cal   HMS_cer       all
6018        D2   44.5352    0.9764  0.978261  0.997623  0.954649  0.938657  0.993484  0.972669  0.825136
6019        D2   50.6412  0.976419  0.977936  0.996769  0.928229   0.92938  0.992548  0.971402  0.791663
6020        D2   36.7301  0.977612  0.971179  0.996549  0.942308  0.931319  0.990053   0.97101  0.798248
6021        D2   65.0266  0.976318  0.976821  0.996857  0.943693  0.933943  0.994741  0.972659  0.810701
6029        D2   3.81209  0.975443   0.96124         1  0.943042  0.942867  0.999679  0.981392  0.817935
6030        D2   36.6066  0.982124  0.974766  0.996296  0.934753  0.936214  0.993499  0.961725  0.797528
6031        D2   26.9686  0.982905   0.98067  0.993865    0.9327  0.934629  0.994014  0.978911  0.812604
6032        D2    26.677   0.98251  0.976829  0.998081  0.933235  0.937679  0.994491  0.971204  0.809614
6043        D2   21.6747  0.981742  0.979282  0.995914  0.931399  0.931718  0.991751  0.965235  0.795395
6044        D2   31.2374  0.982103  0.976482  0.997161  0.932285  0.933871  0.995683  0.975665  0.808804
6045        D2     8.909  0.982964  0.985507  0.992683  0.931594  0.940674  0.989278   0.98858  0.824146
6049        D2   3.36979  0.981146  0.978571         1  0.940087   0.93573         1         1  0.844588
6050        D2   12.8127  0.981286  0.982222  0.998492  0.922299  0.911323         1         1  0.808899
6051        D2   9.95509  0.982382  0.996997  0.995652  0.934661  0.937107         1         1  0.854132
6052        D2   18.9907  0.982761  0.977044  0.994687   0.92948  0.923314         1         1  0.819668
6053        D2   9.01102  0.981302  0.976676  0.989775   0.91073  0.904573         1         1  0.781489
6054        D2    57.954  0.979603  0.984781  0.996401  0.927161  0.917615         1         1  0.817785
6055        D2   11.9755  0.978797     0.966         1  0.939513  0.936884         1         1  0.832259
6068        D2   47.9666  0.974983  0.966914  0.991361  0.942147    0.9358         1         1  0.823984
6070        D2   46.2509   0.97188  0.974288  0.996501  0.910721  0.911636  0.992306  0.958741    0.7453
6071        D2   36.1019  0.974125  0.959108  0.996348  0.900309  0.907007  0.994618  0.966126  0.730441
6073        D2   108.027  0.978145  0.970229  0.997336  0.929813  0.930815  0.993585  0.960231  0.781554
6081        D2   12.4727  0.978458  0.967742         1   0.72093  0.736434         1         1  0.502723
6088        D2   36.6026   0.98073  0.980936   0.99787  0.933224  0.933892  0.993403  0.973064  0.808748
6089        D2   37.7899  0.981107  0.978616  0.995359  0.926331  0.926445  0.992158  0.983871  0.800594
6090        D2   36.4836  0.980638  0.982843   0.99696  0.929675  0.934284  0.994785  0.973427  0.808189
6091        D2   31.8493  0.981171  0.981707  0.996878  0.895229  0.900067  0.991306  0.974551  0.747463
6093        D2   29.2148  0.982949  0.979592  0.996201  0.934875  0.923844   0.99438   0.98309   0.80988
6094        D2   3.72974  0.981062  0.983871  0.992366  0.957421  0.958637  0.998165  0.978495  0.858667
6095        D2   3.47462  0.980351  0.984293  0.992337  0.950382  0.952926  0.986717  0.982456  0.840675
6096        D2   22.3614  0.981559  0.980961  0.995416  0.906476  0.902853  0.994009  0.964641  0.752147
6112        D2    35.015  0.991782  0.983117  0.997512         1         1  0.991328  0.971674  0.936868
6114        D2   11.6461  0.993035  0.977186  0.996845  0.969109  0.960489  0.971074  0.841667  0.735914
6115        D2   53.4831   0.98947  0.977959  0.995439  0.945728  0.945882  0.990433   0.96302  0.821867
6116        D2   35.1161  0.987348  0.977429  0.996718  0.948988  0.946759   0.99229  0.966309  0.828673
6124        D2   80.6483  0.981357  0.978341  0.996087  0.943976  0.939737  0.989273  0.960796   0.80636
6125        D2   74.4085  0.980004  0.978775  0.995946   0.95271  0.947884  0.990808  0.967383  0.826895
6136        D2   44.9986  0.981876  0.982775  0.996437  0.947188  0.940877  0.988863  0.970543  0.822397
6137        D2   45.3663  0.981908  0.980879  0.995516  0.946128  0.940725  0.987642  0.968554  0.816338
6138        D2   40.5957  0.983661  0.978155  0.994855  0.941288  0.932955  0.989654  0.972527  0.809061
6145        D2   41.1915  0.979549  0.974403   0.99405  0.950178  0.937252  0.989612  0.962766  0.805045
6146        D2   8.19995  0.983754   0.98954  0.997872  0.942523  0.920784  0.989615   0.96453  0.804686
6170        D2   37.1305  0.982172   0.97281  0.996024  0.839875  0.922222  0.988337  0.967147  0.704584
6171        D2   30.4898  0.985229  0.982361  0.995258  0.826519  0.910746  0.990538  0.967908  0.695183
6179        D2   33.7175  0.983793  0.980209  0.995915   0.94435  0.941121   0.98853   0.96897  0.817566
6180        D2   30.3162  0.980847  0.975015  0.996929  0.948481  0.947543  0.990033  0.969791  0.822683
6185        D2   18.4781  0.982166  0.976884  0.997955  0.954684  0.951547  0.989165  0.969502  0.834154
6186        D2   26.5082  0.983075  0.976744  0.997167  0.951509  0.947542  0.990235  0.966107  0.825867
6187        D2   26.0463   0.98358  0.973987  0.998565  0.948896  0.939652  0.989882  0.970413  0.819341
6194        D2   52.7831   0.97917  0.965116  0.993757  0.944805  0.938071  0.993266  0.967302  0.799694
6195        D2   57.2149  0.977164  0.967093  0.999151  0.950283  0.931706  0.993339  0.977913  0.812076
6198        D2   52.8863  0.978562  0.973091  0.993939  0.938347  0.941022  0.994255  0.971387  0.807151
6199        D2   56.8149  0.979102  0.973077  0.996464  0.935193  0.937182  0.993905  0.969682  0.801929
6205        D2    48.664  0.981449  0.979781  0.995115  0.942594   0.94358  0.995185   0.97327  0.824348
6208        D2   14.7371   0.98262  0.967302  0.993644  0.943831  0.945741  0.997489  0.976268  0.820961
6209        D2   60.5326  0.981973  0.978154  0.999436  0.939518  0.940052  0.993412  0.974441  0.820736
6210        D2   25.7086   0.98032  0.975779  0.995816  0.944672  0.942947   0.99379  0.979097  0.825631
6215        D2   9.79498   0.98533  0.974619         1  0.904099  0.895592         1         1  0.777576
6216        D2   39.0107  0.984046  0.980433  0.996607  0.940759  0.926158         1         1  0.837762
6217        D2   11.7879  0.982551   0.98893         1    0.9121  0.902207     0.975  0.958333   0.74712
6219        D2   41.3432  0.983007  0.977035   0.99912  0.932077  0.925992  0.995244  0.979485  0.807367
6220        D2    35.771  0.982632  0.971464  0.997033  0.933613  0.911717  0.993115  0.979847  0.788337
6245        D2   82.8576  0.978583  0.973368  0.993125  0.951412  0.948018  0.991977  0.973338  0.823813
6246        D2   38.8608  0.981501  0.966431  0.993506  0.903494  0.920965  0.995781  0.976709  0.762658
6247        D2   66.7563  0.979724  0.973764  0.997273  0.939583  0.934722  0.991331  0.973684   0.80654
6248        D2   53.2241  0.973243  0.969993  0.994804  0.929949  0.932423  0.994062  0.969216  0.784574
6249        D2   68.2675  0.972884  0.978434  0.995323  0.932192  0.933096  0.994757  0.970503  0.795613
6250        D2   77.5696  0.972731  0.973375  0.993806  0.929302  0.931328  0.992444   0.96981  0.783838
6263        D2   44.9884  0.976557  0.982591  0.997196  0.936134  0.936655  0.993366  0.975631  0.813136
6264        D2   40.9003  0.976951  0.982576  0.995737  0.943087  0.942255  0.994334  0.971799  0.820754
6265        D2    40.531  0.978938   0.98787  0.996321  0.943333  0.939279  0.994223  0.987387  0.838079
6266        D2   80.1646   0.97751   0.97503  0.996872  0.932335  0.931739  0.994889  0.973486  0.799373
6267        D2   55.0656  0.981737  0.976849  0.995471  0.931771  0.930564  0.992461  0.962486  0.790706
6270        D2   47.7444  0.980433   0.97551  0.997253  0.913076   0.89602  0.993402  0.968689  0.750912
6271        D2   74.7107  0.980525  0.979615  0.996264  0.931425  0.911452  0.993045  0.970001  0.782549
6272        D2   71.1519  0.979716   0.98021  0.996962  0.919021  0.903051  0.994116  0.971885  0.767693
6273        D2   32.5382   0.98088  0.978596  0.994631   0.91954  0.904598  0.992303   0.97873  0.771285
6290        D2   126.121  0.985384  0.983711  0.992801  0.948572  0.950952  0.992457  0.960398  0.827422
6291        D2   62.3023  0.986065  0.964832   0.99439  0.946604  0.945186  0.993274   0.96534  0.811612
6292        D2   111.384  0.979535  0.981065  0.995625  0.941688  0.940208  0.992091  0.965778  0.811658
6293        D2   74.1152   0.97896  0.977895   0.99896  0.941911  0.942817  0.991017  0.957211  0.805623
6306        D2    39.353         1  0.969949         1  0.944083  0.941395  0.990019  0.966549  0.824895
6307        D2   155.233         1  0.969392         1   0.94345  0.941165  0.991626  0.965056   0.82373
6308        D2    111.07         1  0.970363         1  0.943504  0.940123  0.989925  0.973285  0.829288
6309        D2   94.3646  0.979413  0.968691  0.997878  0.818065  0.948141  0.994495  0.967405  0.706481
6310        D2   33.4643  0.980121  0.968932         1  0.801746  0.945238   0.99362  0.968718  0.692737
6322        D2   67.1715  0.978847  0.981165  0.994792  0.813721  0.914086  0.990683   0.96639   0.68036
6323        D2   49.2229  0.980392  0.981818  0.989625  0.847144  0.936656  0.991916  0.970261  0.727449
6324        D2   21.2436         1  0.970101         1  0.813551  0.920376  0.996444  0.973436  0.704576
6325        D2   54.6221         1  0.970905         1  0.759074  0.921151  0.992784  0.974516  0.656803
6326        D2   43.4869         1  0.969577         1  0.783236   0.90958  0.992274  0.971995   0.66621
6327        D2   35.2949         1  0.970353         1  0.809298  0.968058   0.98747  0.974883  0.731841
6339        D2   3.85318  0.981541  0.921569         1  0.963933  0.948368  0.998948  0.991536  0.819052
6340        D2   33.2459  0.981778   0.97552  0.998915  0.940458  0.937152  0.993225   0.97723  0.818413
6341        D2   45.8838  0.983034  0.972414  0.999293  0.952952   0.94584  0.994174  0.971917  0.831941
6342        D2   52.4751  0.982878  0.980138  0.995235   0.95131  0.946847  0.991114  0.970727  0.830874
6343        D2   43.4145  0.984558  0.983302  0.995309  0.953552  0.948952  0.987472   0.97516  0.839607
6344        D2   13.2716  0.984777   0.98125         1  0.959956  0.956436  0.995299  0.984524   0.86937
6347        D2   15.5428   0.98218  0.977995  0.997748   0.95073  0.945139  0.993767  0.971651  0.831565
6348        D2   61.5218   0.98084  0.976475  0.996845  0.944525   0.93778  0.991852  0.968094  0.812018
6349        D2   76.7885  0.983378   0.97728  0.996588  0.952108  0.945612  0.992263  0.978617  0.837325
6350        D2   73.4613  0.981478  0.979132  0.995751  0.950433  0.944141  0.993731  0.969967  0.827669
6351        D2    44.282  0.982772  0.983781   0.99552  0.947637  0.938252  0.990925  0.970588  0.823073
6359        D2    143.04   0.98884  0.967894  0.993174  0.950542  0.950506   0.99398  0.970854  0.828775
6360        D2   103.791  0.987966  0.976091  0.995429  0.950949  0.950352  0.994348  0.955052  0.823854
6367        D2   85.6461  0.986819  0.979225  0.997579   0.94252  0.943478  0.991117   0.96986  0.823992
6368        D2   84.4798  0.985647  0.974444  0.996092  0.948608   0.94704  0.992245  0.963423  0.821616
6370        D2   71.0344  0.982683  0.976005  0.994528   0.94473  0.943257  0.991182  0.960097  0.808889
6375        D2    97.012  0.979176  0.976763  0.995699  0.945903  0.939821  0.993173  0.963037  0.809724
6376        D2   150.196  0.978178  0.979098  0.996259  0.944916   0.93602  0.991794  0.966794  0.809189
6377        D2    65.551  0.979284  0.979918  0.995514  0.947874  0.942276  0.993403  0.967974  0.820471
6378        D2   86.1446  0.983074  0.981044  0.995184   0.94584  0.939384  0.992457  0.967894  0.819179
6379        D2   87.2304  0.982696   0.98013  0.996513  0.953174  0.945792  0.991925  0.970157  0.832672
6380        D2   95.4365  0.982454  0.979347  0.997321  0.949179  0.942139  0.991174  0.970179   0.82518
6381        D2   18.5922  0.984186  0.981735  0.993141  0.938198  0.934847  0.993586  0.974706  0.815073
6387        D2   125.015  0.984124  0.978305  0.995313  0.796352  0.939264   0.99276  0.965984   0.68737
6388        D2   106.053  0.982577  0.972743  0.993308  0.807446  0.948278  0.993116  0.965858  0.697286
6393        D2    18.985  0.979956  0.982234   0.99734  0.783375  0.926952  0.990828  0.973123  0.672137
6394        D2   57.0919  0.977652  0.979883  0.994167  0.803805  0.911982  0.994498  0.964447  0.669632
6395        D2   72.2248  0.979821  0.976367  0.998614  0.788091   0.90178  0.992755  0.967567  0.652165
6396        D2   21.0017  0.979757   0.96934         1  0.763325  0.904932  0.992572  0.967675  0.630103
6397        D2   43.5322  0.985473     0.968  0.997863  0.807721  0.958365  0.994294  0.963888  0.706196
6399        D2   15.5185  0.979321  0.986595  0.997468  0.756989  0.949462  0.998299  0.972644  0.672582
6400        D2   7.38588  0.978502  0.988304  0.989011  0.742063  0.922619  0.994642  0.981113  0.639003
6401        D2   3.77044  0.981107         1         1  0.763566  0.926357  0.986641   0.97561     0.668
6402        D2   55.1876  0.982284  0.979356  0.997761  0.765511  0.902372  0.991041  0.975274  0.640855
6403        D2   64.4795  0.981353  0.974504  0.993911  0.790687  0.915399  0.990153  0.971713  0.661929
6404        D2   49.5835  0.982279   0.97389         1  0.758104   0.89419  0.990849   0.97057  0.623646
6411        D2   40.0984  0.983773  0.973256  0.996641   0.95512  0.951277  0.993134  0.973684    0.8384
6412        D2   29.9882  0.983087  0.977671  0.998601  0.947742  0.943016  0.989981  0.972547  0.825892
6413        D2   32.0672  0.982102  0.979299  0.997344  0.955514  0.949462  0.993249  0.974017  0.841892
6415        D2   42.9479   0.98378  0.986395  0.997003  0.948462  0.945568  0.990912  0.970344  0.834293
6416        D2   32.9012  0.982934  0.983895  0.998718  0.956717  0.952806  0.990722  0.971831  0.847708
6417        D2   25.2493  0.981149  0.972441  0.998279  0.950824  0.948099  0.992533  0.972564  0.828833
6419        D2   104.187  0.973638  0.971662   0.99541  0.935622  0.939327  0.994777  0.966433  0.795663
6421        D2   80.6192  0.974523  0.973422   0.99735  0.937858  0.941433  0.996722  0.965077  0.803532
6422        D2   56.2573  0.975979  0.975956    0.9956  0.934709  0.941224  0.993565  0.970129  0.804176
6429        D2   44.9258  0.976816  0.978409   0.99896  0.938498  0.937112  0.992665  0.974707  0.812425
6430        D2    67.584  0.976475  0.980435  0.996508   0.93743   0.94248  0.993604  0.972258  0.814267
6431        D2   34.9813  0.976237  0.980609         1  0.934888  0.936177  0.989523  0.972638  0.806392
6432        D2   63.3227  0.981535  0.976562  0.997451  0.937242  0.939766  0.996607  0.972813  0.816436
6433        D2   60.3664  0.988569   0.97546   0.99867  0.941302  0.941658  0.995327  0.972872  0.826575
6434        D2   63.6957   0.97974  0.978963  0.999356  0.797538  0.931973   0.99566  0.975874   0.69224
6435        D2   62.3412  0.981931  0.981878  0.995924  0.796386  0.929009  0.995694  0.969319  0.685647
6436        D2   37.7698  0.981222  0.977394  0.998878  0.775349  0.934123  0.992796  0.975021  0.671621
6443        D2   29.4471  0.984653  0.987931  0.998573  0.940511   0.93669  0.995946  0.984181  0.838804
6444        D2   32.7197  0.984465  0.966049  0.992147    0.9371  0.933465   0.99232  0.970212  0.794654
6445        D2   30.9191  0.984484   0.97786  0.998658  0.947188   0.94409  0.992488  0.969708  0.827405
6446        D2   28.0629  0.983878  0.984158  0.998405  0.945236  0.940032  0.995203  0.978815  0.836774
6447        D2   28.3752  0.982999  0.972816  0.996785  0.946165  0.942977  0.991499  0.970796  0.818602
6448        D2   31.9009   0.98502   0.98087  0.994602  0.939362   0.93336  0.992303  0.978796  0.818322
6451        D2   65.7482  0.982788  0.947107  0.998521  0.934996  0.936168  0.994939  0.972787  0.787397
6452        D2    77.347  0.982987  0.971591  0.998588  0.931071  0.934462  0.995844  0.973465  0.804403
6459        D2   114.704  0.976431  0.970427  0.996395  0.936231  0.937337  0.992981  0.977088  0.803876
6460        D2   10.1784    0.9775  0.969298         1  0.913413  0.913413  0.990446  0.964555  0.755208
6461        D2   121.823  0.979256  0.975941  0.994001  0.932226  0.934912  0.994115  0.973383  0.801159
6462        D2   109.792   0.98296   0.97149  0.999053  0.933032  0.933933  0.994258   0.96985  0.801638
6463        D2   13.1562  0.985623  0.976879  0.989583  0.933993  0.934158   0.99359  0.977538  0.807438
6464        D2   94.5025  0.986394  0.974256   0.99431    0.9366  0.936035  0.994577   0.96904  0.807368
6465        D2   106.807  0.977311   0.97789  0.997388  0.937008  0.936668  0.992055  0.972568  0.807183
6466        D2   98.7009   0.97775  0.982612  0.996145  0.942414  0.938736  0.993486  0.970052   0.81597
6467        D2   73.6787  0.978461  0.973846  0.995677  0.931342  0.928615  0.993966  0.964957  0.787003
6473        D2   36.6769  0.981115  0.979439  0.996203  0.929027  0.924856  0.993669  0.978966  0.800124
6474        D2   7.33889    0.9809  0.969388  0.996599  0.929969  0.920183  0.996403    0.9763  0.788867
6475        D2   48.7826  0.981574  0.982783  0.996029  0.943621  0.939335  0.991316  0.967921   0.81719
6476        D2   48.6561  0.982808  0.974843  0.997093  0.947734    0.9428  0.994275  0.972166  0.825073
6477        D2    48.601  0.982481  0.979777  0.995979  0.937057  0.933057   0.99482  0.978595  0.816064
6478        D2   48.8687  0.980987  0.978707  0.995803  0.933561  0.929777   0.99454  0.964094  0.795706
6479        D2   44.4713  0.981533  0.982209   0.99746  0.942661  0.934819  0.991755  0.972603  0.817387
6486        D2   85.6808  0.986763  0.975387   0.99539  0.943408  0.945576  0.992116  0.957352  0.811734
6489        D2   45.6045  0.985441   0.97408  0.994916  0.946099  0.943036  0.989657  0.960967  0.810343
6490        D2   35.3455    0.9795  0.979271  0.995498  0.941293  0.937953  0.990391  0.967044  0.807434
6491        D2   17.7102  0.983212  0.976456  0.996306  0.950456  0.943888  0.992861  0.962564  0.820093
6493        D2   35.1581  0.980251  0.980978  0.996775  0.942661  0.939328  0.990883  0.967955  0.814036
6496        D2   23.1581  0.982637  0.974824  0.996154  0.947903  0.945767  0.991511  0.968298  0.821298
6497        D2   33.8776  0.982399  0.982202  0.994436  0.948811  0.943972  0.989411    0.9724  0.826849
6498        D2   34.5412   0.98332  0.980311  0.996797  0.950461  0.942355  0.988941  0.961914  0.818693
6499        D2   32.9476  0.984136   0.97895  0.996511   0.94583  0.941643  0.990613  0.971775  0.823127
6500        D2    32.738  0.981104  0.974707  0.992583  0.793033  0.939232  0.992999  0.959806  0.673834
6501        D2      30.2  0.977139  0.971098   0.99258  0.821061  0.941805  0.990738  0.960395  0.692996
6506        D2   19.7566  0.981082   0.97619  0.994441  0.797206  0.929432  0.991581  0.973386  0.681114
6507        D2    23.938  0.978892  0.977931  0.996431  0.803752  0.909271  0.991756  0.965377  0.667432
6509        D2   21.7243  0.982966  0.975824  0.997069  0.753761  0.854315  0.987307  0.975442  0.593117
6510        D2   21.9996  0.985235  0.973839  0.994131  0.710339  0.896613  0.992603  0.971692  0.585929
6514        D2   16.0794  0.985407  0.975379  0.995981   0.95386  0.949566  0.989121  0.973286  0.834718
6515        D2    18.826  0.982876  0.982049  0.994392  0.953661  0.949182  0.993668   0.97329  0.840264
6516        D2   11.8454   0.98353  0.984551  0.995439  0.954901  0.955992  0.993996  0.973491  0.851471
6517        D2   18.2733  0.982847   0.97624  0.998706  0.947298  0.943017  0.991308  0.976125  0.828324
6518        D2   25.1226  0.976979  0.952153  0.989848  0.930944  0.936367  0.991167  0.975714  0.776246
6519        D2   67.6762  0.973674  0.974026  0.998101  0.936152   0.93995  0.994699  0.968989  0.802824
6520        D2   51.6643  0.974096  0.975309  0.997722  0.937484  0.944782  0.995636  0.974903  0.814912
6524        D2   97.1729  0.978556  0.957077  0.998998  0.932888  0.932615   0.99639  0.970019  0.786753
6525        D2   94.0029  0.979895  0.974648  0.997478  0.917358  0.921588  0.994962   0.97455  0.780939
6526        D2   91.9368  0.978785  0.966252  0.996795  0.927832   0.92953  0.995429  0.975158  0.789226
6527        D2   57.5722  0.972904  0.960554  0.993415  0.939371  0.944695  0.996462  0.980312  0.804778
6528        D2   47.4612  0.973186  0.972853  0.997266    0.9212  0.928342  0.993892  0.968048  0.776877
6529        D2   47.4445  0.973394  0.974571  0.996778  0.931822    0.9379  0.994033  0.965756  0.793338
6535        D2   31.9653  0.978943  0.978836  0.992701  0.824951  0.928994  0.996528  0.979276  0.711412
6536        D2   29.7864  0.976257   0.97379  0.997238  0.833904  0.921804  0.992967  0.970286  0.702129
6537        D2   10.1253  0.975329  0.977465         1  0.938961  0.942783  0.992636  0.965713  0.809001
6541        D2   7.07903  0.979647   0.97615         1  0.936014  0.938606  0.992199  0.967262  0.806296
6542        D2   6.57552  0.981411  0.967578         1   0.94076  0.944828  0.991438   0.97046  0.812104
6543        D2   6.93521  0.983485  0.972288         1  0.946929   0.94095  0.995008  0.970081  0.822396
6545        D2   5.82177  0.974937    0.9772         1  0.941643  0.951681    0.9933  0.954802  0.809713
6548        D2    4.5305  0.974482  0.969342         1  0.908667  0.915553  0.994805  0.967758  0.756561
6549        D2   4.37139  0.974715  0.972461         1  0.925954  0.925703  0.991071  0.960753  0.773619
6550        D2  0.417331  0.980397  0.974596         1  0.904531  0.898058         1         1  0.776166
6551        D2 0.0494672  0.978896  0.945205         1         1         1         1         1  0.925258
7593        D2   82.2951  0.992456  0.904762         1   0.93085  0.931001         1         1  0.778171
7608        D2   180.015  0.989451  0.955556         1  0.938802  0.936432  0.996362  0.966029  0.800032
7609        D2   181.932  0.990244  0.955752         1    0.9336  0.935085  0.997197  0.969976  0.799174
7610        D2   112.291  0.990446  0.985507         1  0.932534  0.928836  0.997575  0.966062  0.814788
7611        D2   159.482  0.984409     0.968  0.988889  0.922367  0.922189    0.9951  0.968076  0.772144
7612        D2   129.333  0.984802  0.976879         1  0.918787   0.91533   0.99497  0.966244   0.77782
7613        D2   170.171  0.983881  0.969072         1   0.91651  0.914939   0.99592  0.967574  0.770436
7614        D2   167.222   0.98377  0.943128         1  0.919307  0.919781  0.997133  0.966532  0.756098
7615        D2   174.771  0.982576  0.973077         1  0.916346  0.914762  0.995172  0.965968  0.770446
7616        D2   56.1858  0.981613  0.984848         1  0.915361  0.906928  0.995585  0.971325    0.7761
7625        D2   107.982  0.981055  0.974359         1  0.891172  0.893603  0.995886   0.96888  0.734511
7626        D2   117.147  0.980909  0.962617         1  0.911675  0.907819   0.99636  0.972656   0.75735
7627        D2   88.0902  0.980709  0.968254         1   0.89305  0.890958  0.994981  0.970066  0.729253
7628        D2   103.719  0.980096  0.940594  0.979592  0.894117  0.886878  0.996011  0.972178  0.693401
7629        D2   97.7991  0.981328      0.96         1  0.903995  0.897441  0.996078  0.970071  0.738507
7630        D2   109.593  0.979727   0.95339         1  0.908412  0.902299  0.995224  0.969697  0.738866
7631        D2   113.863  0.979893  0.954774         1  0.903931  0.894837  0.994817  0.977927  0.736221
7632        D2   115.889  0.979364  0.955556         1  0.886137  0.877429  0.996194  0.958576  0.694838
7633        D2   106.919  0.981077  0.975369         1  0.894411  0.881639  0.996243   0.98014  0.736807
7634        D2   121.161  0.979696  0.972727         1  0.907713  0.902361  0.997484  0.973512  0.757981
7635        D2   80.6847  0.993894         1         1  0.950171  0.950584  0.998829  0.973962  0.873304
7636        D2   89.3829  0.994179  0.952381         1  0.942994  0.944654  0.997875  0.966725  0.813647
7637        D2   29.6148  0.994284         1         1  0.941606  0.942466  0.996334  0.975603  0.857677
7642        D2   79.5994  0.991591  0.928571         1  0.941265  0.941903   0.99508  0.968557  0.786773
7643        D2   69.3745  0.992137         1         1  0.939362  0.939007   0.99722   0.97474  0.850654
7644        D2   80.9185  0.992314  0.954545         1  0.946286   0.94573  0.997157  0.968532  0.818677
7645        D2   35.4978  0.991498         1         1  0.940618   0.94004  0.998375  0.973679  0.852238
7646        D2   64.1563  0.985474  0.938776         1  0.933112  0.933534  0.998116  0.976563   0.78551
7647        D2   66.8697  0.987615  0.977273         1  0.929051  0.925792  0.997018  0.971072  0.803731
7648        D2   71.3906  0.987857   0.95122         1  0.920732  0.918781  0.996901  0.974709  0.772408
7649        D2   66.0191  0.986647  0.902439         1  0.929503  0.929865  0.996655  0.970847  0.744639
7650        D2    69.748  0.986932  0.895833         1  0.923508  0.924114   0.99411  0.962565  0.722013
7651        D2   77.2174  0.985192  0.954545         1   0.91839  0.913901  0.996028  0.972494  0.764543
7652        D2   79.5751  0.983673  0.948276         1  0.937602  0.932232  0.998209  0.976234  0.794517
7661        D2   48.6415  0.981991         1         1    0.9117  0.910675   0.99573  0.969539  0.787099
7662        D2   47.6496  0.985053  0.954545         1  0.922356  0.916248  0.993611  0.975291  0.770049
7663        D2    50.325  0.983779  0.945455         1  0.905339  0.901077  0.995746  0.976752  0.737979
7666        D2   19.4809  0.984249  0.947368         1  0.924991  0.917883  0.993396  0.975381  0.767088
7667        D2   27.5004  0.983002  0.954545         1  0.922184  0.917598         1         1  0.794001
7668        D2   45.9028  0.985308         1         1  0.920693  0.906494  0.999708  0.975192  0.801705
7669        D2   46.7693  0.984098  0.923077         1  0.913397  0.908095  0.996835  0.969427  0.728124
7670        D2   43.5773  0.984244  0.959184         1   0.91235  0.907946  0.995681  0.974538  0.758831
7671        D2    152.84  0.977189  0.929032         1  0.899732  0.901573  0.995075  0.976921  0.715877
7672        D2    179.37  0.976277  0.915094         1  0.886055  0.888998   0.99427   0.96898  0.677984
7679        D2   110.939  0.978761  0.922581         1  0.885124  0.888327  0.995891  0.971784  0.687131
7680        D2   101.787  0.978953  0.973154  0.989362  0.898512  0.896672  0.995054  0.978716  0.739535
7681        D2   105.509  0.978033  0.921569         1   0.89028   0.89028  0.994412  0.972857  0.691114
7682        D2    105.72  0.978438   0.94186         1  0.901588   0.90381   0.99192    0.9729  0.724686
7684        D2   57.1786   0.97921  0.941748         1  0.890294  0.892299  0.993548  0.974345  0.709179
7685        D2   56.4573  0.980705  0.974138         1   0.89279   0.89308  0.991949  0.966627  0.730377
7686        D2    56.144  0.980638  0.960526         1  0.891373  0.890441  0.997164  0.969523  0.722782
7687        D2   59.3899  0.981985  0.942529  0.967742  0.895723  0.890708  0.993913  0.975871   0.69312
7688        D2   47.8869  0.981875  0.963636         1  0.900716  0.899467  0.991661  0.980576  0.745397
7689        D2   68.8901  0.981158    0.9375         1  0.911451  0.908903  0.995845  0.979793  0.743511
7690        D2   24.9764  0.979958  0.979167         1  0.894703  0.896318  0.991379  0.971372  0.741021
7692        D2   30.0164  0.982243  0.863636  0.956522  0.888938  0.887474  0.995521  0.972222  0.619566
7699        D2   107.738  0.980024  0.932203         1  0.867168  0.924812         1         1  0.732662
7702        D2   104.341  0.979457  0.962687         1  0.915281  0.915158  0.997361  0.975265  0.768238
7703        D2   15.4219  0.979301    0.9375         1  0.912221  0.913191  0.997946  0.965827   0.73715
7706        D2   61.9703  0.980991  0.935065         1  0.915684  0.915397  0.993401  0.970564  0.741329
7707        D2    53.835  0.981024  0.904762         1  0.913237  0.911942  0.995914  0.973283  0.716517
7708        D2   57.3091  0.980483         1         1  0.916059  0.916014  0.989858  0.971942   0.79155
7709        D2   59.8159  0.980743  0.968254      0.98  0.903957  0.908924  0.991432  0.972282  0.737057
7710        D2   30.3413  0.981908  0.967742         1  0.903387  0.908317  0.991429  0.979653  0.757314
7716        D2   31.8969  0.983726  0.933333         1  0.907304  0.904847  0.996021  0.965602  0.724945
7717        D2   33.8135  0.983817  0.955556         1  0.908429  0.902751  0.997805  0.970529  0.746593
7718        D2   37.5694  0.984293      0.95  0.956522  0.914292  0.911428  0.995917  0.974009  0.722996
7719        D2   30.6436  0.984117      0.92         1  0.916194  0.914735  0.993827   0.97164  0.732713
7720        D2   31.6632  0.984142  0.962963         1  0.914636  0.916542         1         1  0.794453
7721        D2   35.1805  0.982214  0.939394         1    0.9113  0.903697  0.994933  0.972017  0.734862
7722        D2   30.6857  0.983689  0.857143         1  0.914336  0.910114  0.994815  0.967979  0.675649
7724        D2   103.539  0.992653         1         1  0.919018  0.917123  0.994649  0.971315  0.808312
7735        D2   156.112         1  0.970935         1  0.923625  0.924586   0.99454  0.971008  0.800715
7736        D2   179.289         1  0.970155         1  0.928591   0.93017  0.997063  0.975473  0.815016
7737        D2   145.796  0.984256   0.93985         1  0.902585  0.903933  0.997844  0.976376   0.73531
7738        D2   155.962  0.983147  0.957627         1  0.919475  0.920321  0.994934  0.969219  0.768264
7739        D2   16.8447  0.982143  0.882353         1  0.914894  0.910703  0.992611  0.961538  0.689144
7740        D2   181.941  0.983463  0.951872         1  0.912599  0.910474  0.996767  0.973227  0.754556
7757        D2   142.723  0.980281  0.958955  0.994186  0.911418  0.911786  0.996862  0.966824  0.748531
7758        D2   178.842  0.980914  0.951368  0.994565  0.905951  0.901591  0.996231  0.975775  0.736948
7759        D2   138.664  0.979456   0.92823         1  0.907719  0.897919  0.995518  0.967517  0.713734
7760        D2   110.974  0.991429  0.923077         1  0.944383  0.948367  0.997441  0.972971  0.795446
7767        D2    3.1884         1  0.971214         1  0.901515  0.922559         1         1   0.80776
7768        D2   64.9165         1   0.97454         1  0.938431  0.938661  0.995851  0.969134  0.828494
7769        D2   43.2659         1  0.975158         1  0.938971   0.94167  0.997919  0.969218  0.833955
7770        D2   30.2892         1  0.972984         1  0.946203  0.946722   0.99722   0.96757  0.840981
7771        D2   33.6331         1  0.973755         1  0.939366  0.943271  0.994985  0.966115  0.829405
7775        D2   82.5619  0.987155  0.949153  0.967742  0.933042  0.931193  0.993888  0.974808   0.76327
7776        D2   74.0055  0.986959      0.96         1  0.931113  0.931955  0.998159  0.971109  0.796958
7777        D2   85.2502   0.98695  0.976744         1   0.93085  0.930434  0.996281  0.973001   0.80935
7783        D2    55.667  0.982689  0.938776         1  0.909827  0.906578  0.996325  0.971005  0.736147
7784        D2   58.6496  0.982352  0.981818         1  0.917749  0.913474  0.996871  0.968933     0.781
7785        D2     61.07  0.982814         1         1  0.918301  0.918569  0.993838  0.974738  0.803102
7786        D2   56.8929  0.981985  0.978723         1  0.911733   0.90573  0.997175  0.974297  0.771071
7787        D2   37.6954   0.98096       0.9  0.958333  0.925621  0.918766  0.994332  0.973917   0.69679
7796        D2   154.307  0.985847  0.932584         1  0.912555    0.9147  0.995238  0.968229  0.739504
7797        D2   145.118  0.985942  0.956044  0.983333  0.904995  0.905465  0.994708  0.969321  0.732336
7798        D2   154.306  0.979822  0.923469         1  0.894264  0.892408  0.994627  0.973532  0.699212
7799        D2   149.577  0.978984  0.965686  0.991803  0.902441  0.903645  0.995307  0.972229  0.739911
7800        D2   82.0727  0.989672  0.948276         1  0.914223  0.913765  0.994697  0.976644  0.761623
7805        D2   100.839  0.978968  0.921687  0.988636  0.908109  0.909459  0.994619  0.971891  0.712171
7806        D2   120.081  0.980761  0.939227         1    0.8979  0.898614   0.99282  0.972936  0.717943
7807        D2   61.2382  0.980879    0.9375         1  0.912959  0.913895  0.994576  0.974925  0.743949
7808        D2   89.7701  0.987209  0.962963         1  0.934865  0.936505  0.994331  0.975533  0.807329
7809        D2   78.7684   0.98894  0.938776         1  0.930287  0.932388  0.997304   0.97005  0.779053
7813        D2   73.7786  0.982959  0.927536         1  0.921348   0.92166  0.995273   0.96945  0.747014
7814        D2   97.3131  0.982789  0.920354         1  0.920711  0.919976  0.995735  0.975716  0.744359
7815        D2   51.6986  0.981405  0.932203         1  0.910005  0.906687  0.995111  0.967401  0.726672
7816        D2   55.5482  0.982869  0.962963         1   0.91517  0.913126  0.995398  0.974243  0.767011
7817        D2   63.4904  0.982494  0.983871         1  0.905979  0.906617  0.992532  0.970836  0.765068
