#kingroup 1 hms_p -4.357 shms_p 3.514 
7671 7672 7673 7674 7697 7698 7699 7702 7703 
#kingroup 2 hms_p -4.357 shms_p 2.928 
7675 7676 7677 7678 7679 7680 7681 7682 7706 7707 7708 7709 7710 7711 7712 
#kingroup 3 hms_p -4.357 shms_p 2.341 
7684 7685 7686 7687 7688 7689 7690 7692 7694 7695 7713 7714 7715 7716 7717 7718 7719 7720 7721 7722 
#kingroup 4 hms_p -4.508 shms_p 4.262 
6018 6019 6020 6021 6022 6023 6024 6025 6026 6065 6066 6067 6068 6070 6071 
#kingroup 5 hms_p -4.508 shms_p 3.653 
6027 6028 6029 6030 6031 6032 6033 6034 6035 6036 6073 6080 6081 6082 
#kingroup 6 hms_p -4.508 shms_p 3.043 
6038 6039 6040 6041 6042 6043 6044 6045 6046 6083 6084 6085 6086 6087 6088 6089 6090 
#kingroup 7 hms_p -4.508 shms_p 2.433 
6049 6050 6051 6052 6053 6054 6055 6056 6057 6058 6059 6060 6061 6062 6063 6064 6091 6093 6094 6095 6096 6097 6098 6099 6101 6102 6103 
#kingroup 8 hms_p -4.736 shms_p 4.102 
6518 6519 6520 6521 6522 6523 6524 6525 6526 
#kingroup 9 hms_p -4.736 shms_p 3.515 
6527 6528 6529 6531 6532 6533 6534 6535 6536 
#kingroup 10 hms_p -4.89 shms_p 3.461 
7793 7794 7796 7797 7808 7809 7811 
#kingroup 11 hms_p -4.89 shms_p 2.928 
7798 7799 7800 7801 7802 7812 7813 7814 
#kingroup 12 hms_p -4.89 shms_p 2.394 
7803 7804 7805 7806 7807 7815 7816 7817 7819 7820 
#kingroup 13 hms_p -4.973 shms_p 3.936 
6192 6193 6194 6195 6196 6237 6240 6241 6242 6243 6244 6245 6246 6247 
#kingroup 14 hms_p -4.973 shms_p 3.373 
6197 6198 6199 6200 6201 6248 6249 6250 6251 6252 6253 6254 6255 
#kingroup 15 hms_p -4.973 shms_p 2.81 
6202 6203 6204 6205 6208 6209 6210 6211 6212 6256 6257 6258 6259 6260 6261 6262 6263 6264 6265 6266 
#kingroup 16 hms_p -4.973 shms_p 2.246 
6213 6214 6215 6216 6217 6219 6220 6221 6222 6223 6224 6225 6267 6270 6271 6272 6273 6274 6275 6276 6277 6281 6282 6284 
#kingroup 17 hms_p -5.27 shms_p 6.193 
6017 
#kingroup 18 hms_p -5.27 shms_p 4.452 
7723 7724 7725 7760 7762 7763 
#kingroup 19 hms_p -5.27 shms_p 3.729 
6419 6421 6422 6423 6425 6426 6449 6450 6451 6452 6453 6454 6455 6537 6545 6546 
#kingroup 20 hms_p -5.27 shms_p 3.214 
7726 7727 7728 7730 7733 7735 7736 7765 7766 7767 7768 7769 7770 7771 7772 
#kingroup 21 hms_p -5.27 shms_p 3.195 
6427 6428 6429 6430 6431 6432 6433 6456 6459 6460 6461 6462 6463 6464 6538 6539 6541 6547 6548 6549 
#kingroup 22 hms_p -5.27 shms_p 2.718 
7737 7738 7739 7740 7741 7742 7743 7747 7748 7749 7773 7774 7775 7776 7777 7778 7779 
#kingroup 23 hms_p -5.27 shms_p 2.662 
6434 6435 6436 6439 6440 6465 6466 6467 6468 6469 6470 6542 6543 6544 6550 6551 6552 
#kingroup 24 hms_p -5.27 shms_p 2.223 
7750 7751 7752 7753 7754 7755 7757 7758 7759 7781 7782 7783 7784 7785 7786 7787 7790 7791 7792 
#kingroup 25 hms_p -5.27 shms_p 2.128 
6441 6442 6443 6444 6445 6446 6447 6448 6471 6472 6473 6474 6475 6476 6477 6478 6479 
#kingroup 26 hms_p -5.27 shms_p 2.01 
6553 6554 6556 6557 6558 6559 
#kingroup 27 hms_p -5.714 shms_p 5.744 
6015 6016 
#kingroup 28 hms_p -5.714 shms_p 5.65 
7822 7823 7824 
#kingroup 29 hms_p -5.714 shms_p 5.36 
7826 7827 7828 
#kingroup 30 hms_p -5.714 shms_p 5.07 
7829 7830 
#kingroup 31 hms_p -5.714 shms_p 3.15 
7593 7594 7595 7596 7597 7599 7600 7601 7602 7603 7604 7635 7636 7637 7638 7639 
#kingroup 32 hms_p -5.714 shms_p 2.699 
7605 7606 7607 7608 7609 7610 7640 7641 7642 7643 7644 7645 
#kingroup 33 hms_p -5.714 shms_p 2.248 
7611 7612 7613 7614 7615 7616 7617 7618 7619 7646 7647 7648 7649 7650 7651 7652 7654 7655 
#kingroup 34 hms_p -5.714 shms_p 1.797 
7620 7621 7622 7623 7625 7626 7627 7628 7629 7630 7631 7632 7633 7634 7657 7658 7659 7660 7661 7662 7663 7666 7667 7668 7669 7670 
#kingroup 35 hms_p -5.983 shms_p 5.471 
6013 6014 
#kingroup 36 hms_p -5.983 shms_p 3.229 
6104 6105 6106 6109 6110 6111 6112 6114 6142 6144 6145 6146 6155 6163 6164 6166 6168 6169 6285 6286 6287 6288 6289 6290 6291 6309 6310 6311 6312 6313 6314 
#kingroup 37 hms_p -5.983 shms_p 2.767 
6115 6116 6117 6118 6119 6120 6121 6170 6171 6172 6174 6175 6292 6293 6294 6295 6296 6297 6298 6299 6315 6316 6317 6318 6322 6323 
#kingroup 38 hms_p -5.983 shms_p 2.304 
6122 6123 6124 6125 6126 6127 6128 6177 6178 6179 6180 6181 6182 6300 6301 6302 6304 6305 6306 6307 6308 6324 6325 6326 6327 6328 6329 6331 6332 
#kingroup 39 hms_p -5.983 shms_p 1.842 
6129 6130 6132 6133 6135 6136 6137 6138 6139 6140 6141 6183 6184 6185 6186 6187 6188 6189 6190 6334 6335 6336 6337 6338 6339 6340 6341 6342 6343 6344 6345 6346 6347 6348 6349 6350 6351 6352 6353 6354 6355 6356 6357 6358 
#kingroup 40 hms_p -6.358 shms_p 7 
6482 6483 6484 6485 
#kingroup 41 hms_p -6.358 shms_p 5.471 
6012 
#kingroup 42 hms_p -6.358 shms_p 5.414 
6009 
#kingroup 43 hms_p -6.358 shms_p 5.09 
6010 6011 
#kingroup 44 hms_p -6.358 shms_p 2.966 
6359 6360 6363 6364 6365 6385 6386 6387 6388 6389 6397 6398 6486 6487 6500 6501 6502 
#kingroup 45 hms_p -6.358 shms_p 2.541 
6367 6368 6370 6371 6372 6390 6391 6393 6394 6395 6396 6488 6489 6503 6504 6506 6507 
#kingroup 46 hms_p -6.358 shms_p 2.116 
6373 6374 6375 6376 6377 6399 6400 6401 6402 6403 6404 6405 6406 6490 6491 6493 6494 6509 6510 6512 
#kingroup 47 hms_p -6.358 shms_p 1.691 
6378 6379 6380 6381 6382 6383 6407 6408 6410 6411 6412 6413 6415 6416 6417 6495 6496 6497 6498 6499 6513 6514 6515 6516 6517 
