aray 0 0
runnumber momentumgain
7593 3.15 0
7597 3.15 0
7608 2.699 0
7611 2.248 0
7625 1.797 0
7671 3.514 0
7679 2.928 0
7684 2.341 0
7723 4.452 0
7729 3.214 0
7741 2.718 0
7753 2.223 0
7796 3.461 0
7798 2.928 0
7805 2.394 0
aray 0 1
runnumber momentumgain
7593 3.15 0
7597 3.15 0
7608 2.699 0
7611 2.248 0
7625 1.797 0
7671 3.514 0
7679 2.928 0
7684 2.341 0
7723 4.452 0
7729 3.214 0
7741 2.718 0
7753 2.223 0
7796 3.461 0
7798 2.928 0
7805 2.394 0
aray 0 2
runnumber momentumgain
7593 3.15 0
7597 3.15 0
7608 2.699 0
7611 2.248 0
7625 1.797 0
7671 3.514 0
7679 2.928 0
7684 2.341 0
7723 4.452 0
7729 3.214 0
7741 2.718 0
7753 2.223 0
7796 3.461 0
7798 2.928 0
7805 2.394 0
aray 0 3
runnumber momentumgain
7593 3.15 0
7597 3.15 0
7608 2.699 0
7611 2.248 0
7625 1.797 0
7671 3.514 11.01
7679 2.928 0
7684 2.341 0
7723 4.452 0
7729 3.214 0
7741 2.718 0
7753 2.223 0
7796 3.461 0
7798 2.928 0
7805 2.394 0
aray 0 4
runnumber momentumgain
7593 3.15 0
7597 3.15 0
7608 2.699 0
7611 2.248 0
7625 1.797 0
7671 3.514 67.98
7679 2.928 0
7684 2.341 0
7723 4.452 0
7729 3.214 0
7741 2.718 0
7753 2.223 0
7796 3.461 0
7798 2.928 0
7805 2.394 0
aray 0 5
runnumber momentumgain
7593 3.15 0
7597 3.15 0
7608 2.699 0
7611 2.248 0
7625 1.797 0
7671 3.514 0
7679 2.928 0
7684 2.341 0
7723 4.452 0
7729 3.214 0
7741 2.718 0
7753 2.223 0
7796 3.461 0
7798 2.928 0
7805 2.394 0
aray 0 6
runnumber momentumgain
7593 3.15 0
7597 3.15 0
7608 2.699 0
7611 2.248 0
7625 1.797 0
7671 3.514 0
7679 2.928 0
7684 2.341 0
7723 4.452 0
7729 3.214 0
7741 2.718 0
7753 2.223 0
7796 3.461 0
7798 2.928 0
7805 2.394 0
aray 0 7
runnumber momentumgain
7593 3.15 0
7597 3.15 0
7608 2.699 0
7611 2.248 0
7625 1.797 0
7671 3.514 0
7679 2.928 0
7684 2.341 0
7723 4.452 0
7729 3.214 0
7741 2.718 0
7753 2.223 0
7796 3.461 0
7798 2.928 0
7805 2.394 0
aray 0 8
runnumber momentumgain
7593 3.15 0
7597 3.15 0
7608 2.699 0
7611 2.248 0
7625 1.797 0
7671 3.514 0
7679 2.928 0
7684 2.341 0
7723 4.452 0
7729 3.214 0
7741 2.718 0
7753 2.223 0
7796 3.461 0
7798 2.928 0
7805 2.394 0
aray 0 9
runnumber momentumgain
7593 3.15 0
7597 3.15 0
7608 2.699 0
7611 2.248 0
7625 1.797 0
7671 3.514 0
7679 2.928 0
7684 2.341 0
7723 4.452 0
7729 3.214 0
7741 2.718 0
7753 2.223 0
7796 3.461 0
7798 2.928 0
7805 2.394 0
aray 0 10
runnumber momentumgain
7593 3.15 0
7597 3.15 0
7608 2.699 0
7611 2.248 0
7625 1.797 0
7671 3.514 0
7679 2.928 0
7684 2.341 0
7723 4.452 0
7729 3.214 0
7741 2.718 0
7753 2.223 0
7796 3.461 0
7798 2.928 0
7805 2.394 0
aray 0 11
runnumber momentumgain
7593 3.15 0
7597 3.15 0
7608 2.699 0
7611 2.248 0
7625 1.797 0
7671 3.514 0
7679 2.928 0
7684 2.341 0
7723 4.452 0
7729 3.214 0
7741 2.718 0
7753 2.223 0
7796 3.461 0
7798 2.928 0
7805 2.394 0
aray 0 12
runnumber momentumgain
7593 3.15 0
7597 3.15 0
7608 2.699 0
7611 2.248 0
7625 1.797 0
7671 3.514 0
7679 2.928 0
7684 2.341 0
7723 4.452 0
7729 3.214 0
7741 2.718 0
7753 2.223 0
7796 3.461 0
7798 2.928 0
7805 2.394 0
aray 0 13
runnumber momentumgain
7593 3.15 0
7597 3.15 0
7608 2.699 0
7611 2.248 0
7625 1.797 0
7671 3.514 0
7679 2.928 0
7684 2.341 0
7723 4.452 0
7729 3.214 0
7741 2.718 0
7753 2.223 0
7796 3.461 0
7798 2.928 0
7805 2.394 0
aray 0 14
runnumber momentumgain
7593 3.15 0
7597 3.15 0
7608 2.699 0
7611 2.248 0
7625 1.797 0
7671 3.514 0
7679 2.928 0
7684 2.341 0
7723 4.452 0
7729 3.214 0
7741 2.718 0
7753 2.223 0
7796 3.461 0
7798 2.928 0
7805 2.394 0
aray 0 15
runnumber momentumgain
7593 3.15 0
7597 3.15 0
7608 2.699 0
7611 2.248 0
7625 1.797 0
7671 3.514 0
7679 2.928 0
7684 2.341 0
7723 4.452 0
7729 3.214 0
7741 2.718 0
7753 2.223 0
7796 3.461 0
7798 2.928 0
7805 2.394 0
aray 1 0
runnumber momentumgain
7593 3.15 0
7597 3.15 0
7608 2.699 0
7611 2.248 0
7625 1.797 0
7671 3.514 0
7679 2.928 0
7684 2.341 0
7723 4.452 0
7729 3.214 0
7741 2.718 0
7753 2.223 0
7796 3.461 0
7798 2.928 0
7805 2.394 0
aray 1 1
runnumber momentumgain
7593 3.15 0
7597 3.15 0
7608 2.699 0
7611 2.248 0
7625 1.797 0
7671 3.514 0
7679 2.928 0
7684 2.341 0
7723 4.452 0
7729 3.214 0
7741 2.718 0
7753 2.223 0
7796 3.461 0
7798 2.928 0
7805 2.394 0
aray 1 2
runnumber momentumgain
7593 3.15 0
7597 3.15 0
7608 2.699 0
7611 2.248 0
7625 1.797 0
7671 3.514 53.24
7679 2.928 0
7684 2.341 0
7723 4.452 0
7729 3.214 0
7741 2.718 0
7753 2.223 0
7796 3.461 0
7798 2.928 0
7805 2.394 0
aray 1 3
runnumber momentumgain
7593 3.15 0
7597 3.15 0
7608 2.699 0
7611 2.248 0
7625 1.797 0
7671 3.514 32.19
7679 2.928 155.05
7684 2.341 0
7723 4.452 0
7729 3.214 0
7741 2.718 0
7753 2.223 0
7796 3.461 44.72
7798 2.928 193.7
7805 2.394 0
aray 1 4
runnumber momentumgain
7593 3.15 0
7597 3.15 0
7608 2.699 0
7611 2.248 0
7625 1.797 0
7671 3.514 37.76
7679 2.928 94.56
7684 2.341 0
7723 4.452 0
7729 3.214 0
7741 2.718 0
7753 2.223 0
7796 3.461 44
7798 2.928 53.43
7805 2.394 0
aray 1 5
runnumber momentumgain
7593 3.15 0
7597 3.15 0
7608 2.699 0
7611 2.248 0
7625 1.797 0
7671 3.514 119.4
7679 2.928 89.19
7684 2.341 0
7723 4.452 0
7729 3.214 0
7741 2.718 0
7753 2.223 0
7796 3.461 0
7798 2.928 39.71
7805 2.394 0
aray 1 6
runnumber momentumgain
7593 3.15 0
7597 3.15 1.36
7608 2.699 0
7611 2.248 0
7625 1.797 0
7671 3.514 -2.69
7679 2.928 0
7684 2.341 0
7723 4.452 0
7729 3.214 0
7741 2.718 0
7753 2.223 0
7796 3.461 60.68
7798 2.928 0
7805 2.394 0
aray 1 7
runnumber momentumgain
7593 3.15 0
7597 3.15 0
7608 2.699 0
7611 2.248 0
7625 1.797 0
7671 3.514 126.74
7679 2.928 25.23
7684 2.341 0
7723 4.452 0
7729 3.214 0
7741 2.718 0
7753 2.223 0
7796 3.461 64.1
7798 2.928 0
7805 2.394 0
aray 1 8
runnumber momentumgain
7593 3.15 0
7597 3.15 0
7608 2.699 0
7611 2.248 0
7625 1.797 0
7671 3.514 0
7679 2.928 71.69
7684 2.341 0
7723 4.452 0
7729 3.214 0
7741 2.718 0
7753 2.223 0
7796 3.461 0
7798 2.928 0
7805 2.394 0
aray 1 9
runnumber momentumgain
7593 3.15 0
7597 3.15 0
7608 2.699 0
7611 2.248 0
7625 1.797 0
7671 3.514 0
7679 2.928 0
7684 2.341 0
7723 4.452 0
7729 3.214 0
7741 2.718 0
7753 2.223 0
7796 3.461 0
7798 2.928 0
7805 2.394 0
aray 1 10
runnumber momentumgain
7593 3.15 0
7597 3.15 0
7608 2.699 0
7611 2.248 0
7625 1.797 0
7671 3.514 0
7679 2.928 0
7684 2.341 0
7723 4.452 0
7729 3.214 0
7741 2.718 0
7753 2.223 0
7796 3.461 0
7798 2.928 0
7805 2.394 0
aray 1 11
runnumber momentumgain
7593 3.15 0
7597 3.15 0
7608 2.699 0
7611 2.248 0
7625 1.797 0
7671 3.514 0
7679 2.928 0
7684 2.341 0
7723 4.452 0
7729 3.214 0
7741 2.718 0
7753 2.223 0
7796 3.461 0
7798 2.928 0
7805 2.394 0
aray 1 12
runnumber momentumgain
7593 3.15 0
7597 3.15 0
7608 2.699 0
7611 2.248 0
7625 1.797 0
7671 3.514 0
7679 2.928 0
7684 2.341 0
7723 4.452 0
7729 3.214 0
7741 2.718 0
7753 2.223 0
7796 3.461 0
7798 2.928 0
7805 2.394 0
aray 1 13
runnumber momentumgain
7593 3.15 0
7597 3.15 0
7608 2.699 0
7611 2.248 0
7625 1.797 0
7671 3.514 0
7679 2.928 0
7684 2.341 0
7723 4.452 0
7729 3.214 0
7741 2.718 0
7753 2.223 0
7796 3.461 0
7798 2.928 0
7805 2.394 0
aray 1 14
runnumber momentumgain
7593 3.15 0
7597 3.15 0
7608 2.699 0
7611 2.248 0
7625 1.797 0
7671 3.514 0
7679 2.928 0
7684 2.341 0
7723 4.452 0
7729 3.214 0
7741 2.718 0
7753 2.223 0
7796 3.461 0
7798 2.928 0
7805 2.394 0
aray 1 15
runnumber momentumgain
7593 3.15 0
7597 3.15 0
7608 2.699 0
7611 2.248 0
7625 1.797 0
7671 3.514 0
7679 2.928 0
7684 2.341 0
7723 4.452 0
7729 3.214 0
7741 2.718 0
7753 2.223 0
7796 3.461 0
7798 2.928 0
7805 2.394 0
aray 2 0
runnumber momentumgain
7593 3.15 0
7597 3.15 0
7608 2.699 0
7611 2.248 0
7625 1.797 0
7671 3.514 0
7679 2.928 0
7684 2.341 0
7723 4.452 0
7729 3.214 0
7741 2.718 0
7753 2.223 0
7796 3.461 0
7798 2.928 0
7805 2.394 0
aray 2 1
runnumber momentumgain
7593 3.15 0
7597 3.15 0
7608 2.699 0
7611 2.248 0
7625 1.797 0
7671 3.514 30.62
7679 2.928 0
7684 2.341 0
7723 4.452 0
7729 3.214 0
7741 2.718 0
7753 2.223 0
7796 3.461 47.44
7798 2.928 0
7805 2.394 0
aray 2 2
runnumber momentumgain
7593 3.15 8.8
7597 3.15 80.15
7608 2.699 0
7611 2.248 0
7625 1.797 0
7671 3.514 36.94
7679 2.928 58.98
7684 2.341 0
7723 4.452 0
7729 3.214 0
7741 2.718 0
7753 2.223 0
7796 3.461 52.19
7798 2.928 -0.2
7805 2.394 0
aray 2 3
runnumber momentumgain
7593 3.15 36.28
7597 3.15 26.25
7608 2.699 31.13
7611 2.248 0
7625 1.797 0
7671 3.514 27.1
7679 2.928 38.8
7684 2.341 0
7723 4.452 30.74
7729 3.214 73.54
7741 2.718 0
7753 2.223 27.8
7796 3.461 33.58
7798 2.928 38.62
7805 2.394 31.32
aray 2 4
runnumber momentumgain
7593 3.15 86.44
7597 3.15 69.3
7608 2.699 46.1
7611 2.248 65.1
7625 1.797 0
7671 3.514 55.18
7679 2.928 49.51
7684 2.341 87.43
7723 4.452 66.79
7729 3.214 55.07
7741 2.718 50.2
7753 2.223 0
7796 3.461 48.39
7798 2.928 51.67
7805 2.394 100.69
aray 2 5
runnumber momentumgain
7593 3.15 43.84
7597 3.15 62.02
7608 2.699 72.65
7611 2.248 61.58
7625 1.797 0
7671 3.514 54.61
7679 2.928 51.87
7684 2.341 77.75
7723 4.452 55.21
7729 3.214 57.01
7741 2.718 48.03
7753 2.223 0
7796 3.461 54.28
7798 2.928 55.8
7805 2.394 54.02
aray 2 6
runnumber momentumgain
7593 3.15 61.08
7597 3.15 54.28
7608 2.699 0
7611 2.248 0
7625 1.797 0
7671 3.514 38.73
7679 2.928 44.29
7684 2.341 0
7723 4.452 42.95
7729 3.214 104.05
7741 2.718 0
7753 2.223 0
7796 3.461 43.25
7798 2.928 47.71
7805 2.394 60.67
aray 2 7
runnumber momentumgain
7593 3.15 125.44
7597 3.15 41.38
7608 2.699 0
7611 2.248 0
7625 1.797 0
7671 3.514 55.53
7679 2.928 56.66
7684 2.341 0
7723 4.452 0
7729 3.214 0
7741 2.718 0
7753 2.223 0
7796 3.461 58.23
7798 2.928 44.9
7805 2.394 0
aray 2 8
runnumber momentumgain
7593 3.15 0
7597 3.15 57.18
7608 2.699 0
7611 2.248 0
7625 1.797 0
7671 3.514 50.78
7679 2.928 63.08
7684 2.341 0
7723 4.452 0
7729 3.214 56.86
7741 2.718 0
7753 2.223 0
7796 3.461 48.46
7798 2.928 63.26
7805 2.394 0
aray 2 9
runnumber momentumgain
7593 3.15 0
7597 3.15 0
7608 2.699 0
7611 2.248 0
7625 1.797 0
7671 3.514 -35.84
7679 2.928 79.56
7684 2.341 0
7723 4.452 0
7729 3.214 0
7741 2.718 0
7753 2.223 0
7796 3.461 0
7798 2.928 78.94
7805 2.394 0
aray 2 10
runnumber momentumgain
7593 3.15 0
7597 3.15 0
7608 2.699 0
7611 2.248 0
7625 1.797 0
7671 3.514 39.12
7679 2.928 58.01
7684 2.341 0
7723 4.452 0
7729 3.214 0
7741 2.718 0
7753 2.223 0
7796 3.461 0
7798 2.928 0
7805 2.394 0
aray 2 11
runnumber momentumgain
7593 3.15 0
7597 3.15 0
7608 2.699 0
7611 2.248 0
7625 1.797 0
7671 3.514 0
7679 2.928 0
7684 2.341 0
7723 4.452 0
7729 3.214 0
7741 2.718 0
7753 2.223 0
7796 3.461 0
7798 2.928 0
7805 2.394 0
aray 2 12
runnumber momentumgain
7593 3.15 0
7597 3.15 0
7608 2.699 0
7611 2.248 0
7625 1.797 0
7671 3.514 12.67
7679 2.928 51.44
7684 2.341 46.42
7723 4.452 0
7729 3.214 0
7741 2.718 0
7753 2.223 0
7796 3.461 0
7798 2.928 0
7805 2.394 45.38
aray 2 13
runnumber momentumgain
7593 3.15 0
7597 3.15 0
7608 2.699 0
7611 2.248 0
7625 1.797 0
7671 3.514 0
7679 2.928 0
7684 2.341 0
7723 4.452 0
7729 3.214 0
7741 2.718 0
7753 2.223 0
7796 3.461 0
7798 2.928 0
7805 2.394 0
aray 2 14
runnumber momentumgain
7593 3.15 0
7597 3.15 0
7608 2.699 0
7611 2.248 0
7625 1.797 0
7671 3.514 0
7679 2.928 0
7684 2.341 0
7723 4.452 0
7729 3.214 0
7741 2.718 0
7753 2.223 0
7796 3.461 0
7798 2.928 0
7805 2.394 0
aray 2 15
runnumber momentumgain
7593 3.15 0
7597 3.15 0
7608 2.699 0
7611 2.248 0
7625 1.797 0
7671 3.514 0
7679 2.928 0
7684 2.341 0
7723 4.452 0
7729 3.214 0
7741 2.718 0
7753 2.223 0
7796 3.461 0
7798 2.928 0
7805 2.394 0
aray 3 0
runnumber momentumgain
7593 3.15 0
7597 3.15 0
7608 2.699 0
7611 2.248 0
7625 1.797 0
7671 3.514 0
7679 2.928 0
7684 2.341 0
7723 4.452 0
7729 3.214 0
7741 2.718 0
7753 2.223 0
7796 3.461 0
7798 2.928 0
7805 2.394 0
aray 3 1
runnumber momentumgain
7593 3.15 0
7597 3.15 0
7608 2.699 0
7611 2.248 0
7625 1.797 0
7671 3.514 35.98
7679 2.928 47.44
7684 2.341 0
7723 4.452 0
7729 3.214 0
7741 2.718 0
7753 2.223 0
7796 3.461 61.03
7798 2.928 0
7805 2.394 0
aray 3 2
runnumber momentumgain
7593 3.15 41.9
7597 3.15 46.96
7608 2.699 33.92
7611 2.248 0
7625 1.797 0
7671 3.514 29.33
7679 2.928 35.99
7684 2.341 35.47
7723 4.452 31.79
7729 3.214 47.79
7741 2.718 0
7753 2.223 0
7796 3.461 30.38
7798 2.928 34.06
7805 2.394 35.54
aray 3 3
runnumber momentumgain
7593 3.15 43.09
7597 3.15 50.02
7608 2.699 46.04
7611 2.248 47.77
7625 1.797 49.65
7671 3.514 44.45
7679 2.928 44.45
7684 2.341 46.5
7723 4.452 43.39
7729 3.214 41.68
7741 2.718 43.04
7753 2.223 43.75
7796 3.461 42.95
7798 2.928 40.99
7805 2.394 48.18
aray 3 4
runnumber momentumgain
7593 3.15 37.38
7597 3.15 33.78
7608 2.699 30.4
7611 2.248 29.57
7625 1.797 31.74
7671 3.514 32.87
7679 2.928 33.29
7684 2.341 30.84
7723 4.452 30.86
7729 3.214 32.76
7741 2.718 30.31
7753 2.223 33.03
7796 3.461 32.7
7798 2.928 33.73
7805 2.394 32.64
aray 3 5
runnumber momentumgain
7593 3.15 29.52
7597 3.15 28.91
7608 2.699 25.73
7611 2.248 26.4
7625 1.797 26.8
7671 3.514 26.7
7679 2.928 27.15
7684 2.341 26.26
7723 4.452 25.22
7729 3.214 25.94
7741 2.718 25.34
7753 2.223 26.75
7796 3.461 26.03
7798 2.928 26.36
7805 2.394 28.63
aray 3 6
runnumber momentumgain
7593 3.15 75.21
7597 3.15 82.57
7608 2.699 80.07
7611 2.248 78.18
7625 1.797 89.44
7671 3.514 74.48
7679 2.928 80.05
7684 2.341 83.77
7723 4.452 74.08
7729 3.214 71.58
7741 2.718 74.1
7753 2.223 73.85
7796 3.461 75.37
7798 2.928 75.74
7805 2.394 76.75
aray 3 7
runnumber momentumgain
7593 3.15 56.09
7597 3.15 64.83
7608 2.699 56.52
7611 2.248 52.39
7625 1.797 0
7671 3.514 57.76
7679 2.928 63.15
7684 2.341 79.83
7723 4.452 56.66
7729 3.214 59.94
7741 2.718 46.97
7753 2.223 58.01
7796 3.461 54.2
7798 2.928 64.56
7805 2.394 92.27
aray 3 8
runnumber momentumgain
7593 3.15 63.07
7597 3.15 69.36
7608 2.699 96.44
7611 2.248 0
7625 1.797 0
7671 3.514 56.79
7679 2.928 82.52
7684 2.341 0
7723 4.452 165.69
7729 3.214 60.31
7741 2.718 0
7753 2.223 0
7796 3.461 48.24
7798 2.928 68.26
7805 2.394 0
aray 3 9
runnumber momentumgain
7593 3.15 0
7597 3.15 94.22
7608 2.699 46.81
7611 2.248 0
7625 1.797 0
7671 3.514 60.36
7679 2.928 61.21
7684 2.341 0
7723 4.452 0
7729 3.214 0
7741 2.718 0
7753 2.223 0
7796 3.461 124.22
7798 2.928 42.23
7805 2.394 113.47
aray 3 10
runnumber momentumgain
7593 3.15 0
7597 3.15 0
7608 2.699 85.95
7611 2.248 0
7625 1.797 0
7671 3.514 40.67
7679 2.928 33.89
7684 2.341 0
7723 4.452 0
7729 3.214 0
7741 2.718 0
7753 2.223 0
7796 3.461 0
7798 2.928 51.4
7805 2.394 0
aray 3 11
runnumber momentumgain
7593 3.15 0
7597 3.15 0
7608 2.699 -4.33
7611 2.248 0
7625 1.797 0
7671 3.514 21.04
7679 2.928 15.54
7684 2.341 42.66
7723 4.452 0
7729 3.214 0
7741 2.718 13.33
7753 2.223 0
7796 3.461 3.21
7798 2.928 20.52
7805 2.394 42.15
aray 3 12
runnumber momentumgain
7593 3.15 0
7597 3.15 0
7608 2.699 222.01
7611 2.248 192.38
7625 1.797 0
7671 3.514 178.87
7679 2.928 150.16
7684 2.341 187.73
7723 4.452 0
7729 3.214 0
7741 2.718 145.39
7753 2.223 0
7796 3.461 159.44
7798 2.928 213.84
7805 2.394 155.7
aray 3 13
runnumber momentumgain
7593 3.15 0
7597 3.15 0
7608 2.699 67.32
7611 2.248 0
7625 1.797 0
7671 3.514 -17.65
7679 2.928 25.49
7684 2.341 7.12
7723 4.452 0
7729 3.214 0
7741 2.718 0
7753 2.223 0
7796 3.461 65.68
7798 2.928 0
7805 2.394 48.09
aray 3 14
runnumber momentumgain
7593 3.15 0
7597 3.15 0
7608 2.699 0
7611 2.248 0
7625 1.797 0
7671 3.514 0
7679 2.928 0
7684 2.341 0
7723 4.452 0
7729 3.214 0
7741 2.718 0
7753 2.223 0
7796 3.461 0
7798 2.928 0
7805 2.394 0
aray 3 15
runnumber momentumgain
7593 3.15 0
7597 3.15 0
7608 2.699 0
7611 2.248 0
7625 1.797 0
7671 3.514 0
7679 2.928 0
7684 2.341 0
7723 4.452 0
7729 3.214 0
7741 2.718 0
7753 2.223 0
7796 3.461 0
7798 2.928 0
7805 2.394 0
aray 4 0
runnumber momentumgain
7593 3.15 0
7597 3.15 0
7608 2.699 0
7611 2.248 0
7625 1.797 0
7671 3.514 37.56
7679 2.928 55.27
7684 2.341 0
7723 4.452 0
7729 3.214 0
7741 2.718 0
7753 2.223 0
7796 3.461 54.02
7798 2.928 0
7805 2.394 0
aray 4 1
runnumber momentumgain
7593 3.15 0
7597 3.15 0
7608 2.699 0
7611 2.248 0
7625 1.797 0
7671 3.514 26.88
7679 2.928 29.94
7684 2.341 0
7723 4.452 0
7729 3.214 40.84
7741 2.718 0
7753 2.223 0
7796 3.461 45.02
7798 2.928 140.1
7805 2.394 0
aray 4 2
runnumber momentumgain
7593 3.15 32.4
7597 3.15 26.94
7608 2.699 32.73
7611 2.248 31.56
7625 1.797 27.84
7671 3.514 27.44
7679 2.928 26.96
7684 2.341 31.36
7723 4.452 29.96
7729 3.214 24.66
7741 2.718 12.9
7753 2.223 30.53
7796 3.461 26.48
7798 2.928 26.23
7805 2.394 31.81
aray 4 3
runnumber momentumgain
7593 3.15 28.92
7597 3.15 28.32
7608 2.699 24.79
7611 2.248 24.16
7625 1.797 26.9
7671 3.514 24.43
7679 2.928 25.84
7684 2.341 24.25
7723 4.452 24.46
7729 3.214 26.26
7741 2.718 23.67
7753 2.223 26.04
7796 3.461 24.81
7798 2.928 25.73
7805 2.394 27.7
aray 4 4
runnumber momentumgain
7593 3.15 60.47
7597 3.15 57.5
7608 2.699 51.6
7611 2.248 53.57
7625 1.797 52.5
7671 3.514 54.11
7679 2.928 55.28
7684 2.341 55.22
7723 4.452 53.07
7729 3.214 53.29
7741 2.718 51.47
7753 2.223 52.47
7796 3.461 53.48
7798 2.928 54.61
7805 2.394 57.77
aray 4 5
runnumber momentumgain
7593 3.15 49.88
7597 3.15 49.91
7608 2.699 46.57
7611 2.248 47.62
7625 1.797 47.7
7671 3.514 47.44
7679 2.928 50.52
7684 2.341 48.74
7723 4.452 45.74
7729 3.214 45.97
7741 2.718 44.34
7753 2.223 45.14
7796 3.461 46.83
7798 2.928 48.48
7805 2.394 50.23
aray 4 6
runnumber momentumgain
7593 3.15 42.39
7597 3.15 42.59
7608 2.699 38.7
7611 2.248 39.07
7625 1.797 40.15
7671 3.514 39.01
7679 2.928 40.78
7684 2.341 41.37
7723 4.452 38.15
7729 3.214 38.93
7741 2.718 37.54
7753 2.223 38.1
7796 3.461 38.87
7798 2.928 39.87
7805 2.394 40.55
aray 4 7
runnumber momentumgain
7593 3.15 34.53
7597 3.15 29.62
7608 2.699 30.25
7611 2.248 30.33
7625 1.797 30.53
7671 3.514 29.49
7679 2.928 29.86
7684 2.341 32.75
7723 4.452 29.14
7729 3.214 29.32
7741 2.718 29.79
7753 2.223 28.81
7796 3.461 29.56
7798 2.928 30.07
7805 2.394 30.98
aray 4 8
runnumber momentumgain
7593 3.15 33.22
7597 3.15 38.58
7608 2.699 33.64
7611 2.248 35.17
7625 1.797 44.34
7671 3.514 31.14
7679 2.928 35.79
7684 2.341 33.19
7723 4.452 30.02
7729 3.214 30.32
7741 2.718 31.68
7753 2.223 34.08
7796 3.461 31.39
7798 2.928 36.23
7805 2.394 35.08
aray 4 9
runnumber momentumgain
7593 3.15 61.13
7597 3.15 58.34
7608 2.699 53.61
7611 2.248 233.56
7625 1.797 0
7671 3.514 55.56
7679 2.928 44.35
7684 2.341 -1.8
7723 4.452 39.46
7729 3.214 48.42
7741 2.718 46.24
7753 2.223 0
7796 3.461 37.58
7798 2.928 38.77
7805 2.394 53.13
aray 4 10
runnumber momentumgain
7593 3.15 80.23
7597 3.15 72.48
7608 2.699 48.88
7611 2.248 0
7625 1.797 0
7671 3.514 43.7
7679 2.928 47.32
7684 2.341 58.73
7723 4.452 0
7729 3.214 49.89
7741 2.718 88.49
7753 2.223 0
7796 3.461 38.51
7798 2.928 38.8
7805 2.394 41.18
aray 4 11
runnumber momentumgain
7593 3.15 92.4
7597 3.15 72.51
7608 2.699 84.04
7611 2.248 0
7625 1.797 0
7671 3.514 50.98
7679 2.928 51.31
7684 2.341 34.98
7723 4.452 151.11
7729 3.214 0
7741 2.718 68.73
7753 2.223 0
7796 3.461 56.21
7798 2.928 39.77
7805 2.394 48.11
aray 4 12
runnumber momentumgain
7593 3.15 30.59
7597 3.15 46.02
7608 2.699 41.2
7611 2.248 50.96
7625 1.797 0
7671 3.514 36.08
7679 2.928 41.75
7684 2.341 50.77
7723 4.452 46.26
7729 3.214 40.31
7741 2.718 37.19
7753 2.223 60.42
7796 3.461 33.12
7798 2.928 40.98
7805 2.394 42.92
aray 4 13
runnumber momentumgain
7593 3.15 152.99
7597 3.15 64.78
7608 2.699 72.43
7611 2.248 92.54
7625 1.797 0
7671 3.514 71.93
7679 2.928 83.35
7684 2.341 81.53
7723 4.452 0
7729 3.214 64.79
7741 2.718 77.39
7753 2.223 0
7796 3.461 83.21
7798 2.928 75.37
7805 2.394 92.24
aray 4 14
runnumber momentumgain
7593 3.15 0
7597 3.15 0
7608 2.699 0
7611 2.248 0
7625 1.797 0
7671 3.514 41.66
7679 2.928 -40.78
7684 2.341 170.84
7723 4.452 0
7729 3.214 0
7741 2.718 0
7753 2.223 0
7796 3.461 0
7798 2.928 18.25
7805 2.394 40.77
aray 4 15
runnumber momentumgain
7593 3.15 0
7597 3.15 0
7608 2.699 0
7611 2.248 0
7625 1.797 0
7671 3.514 0
7679 2.928 0
7684 2.341 0
7723 4.452 0
7729 3.214 0
7741 2.718 0
7753 2.223 0
7796 3.461 0
7798 2.928 0
7805 2.394 0
aray 5 0
runnumber momentumgain
7593 3.15 0
7597 3.15 0
7608 2.699 0
7611 2.248 0
7625 1.797 0
7671 3.514 63.45
7679 2.928 0
7684 2.341 0
7723 4.452 0
7729 3.214 0
7741 2.718 0
7753 2.223 0
7796 3.461 0
7798 2.928 0
7805 2.394 0
aray 5 1
runnumber momentumgain
7593 3.15 0
7597 3.15 39.73
7608 2.699 0
7611 2.248 0
7625 1.797 0
7671 3.514 40.43
7679 2.928 36.72
7684 2.341 0
7723 4.452 155.02
7729 3.214 75.18
7741 2.718 0
7753 2.223 0
7796 3.461 57.72
7798 2.928 36.91
7805 2.394 0
aray 5 2
runnumber momentumgain
7593 3.15 29.15
7597 3.15 33.43
7608 2.699 25.14
7611 2.248 28.39
7625 1.797 46.84
7671 3.514 25.77
7679 2.928 29.25
7684 2.341 27.43
7723 4.452 27.71
7729 3.214 28.6
7741 2.718 27.82
7753 2.223 29.13
7796 3.461 25.33
7798 2.928 25.16
7805 2.394 29.55
aray 5 3
runnumber momentumgain
7593 3.15 63.12
7597 3.15 64.51
7608 2.699 60.38
7611 2.248 59.06
7625 1.797 59
7671 3.514 61.98
7679 2.928 63.76
7684 2.341 65.92
7723 4.452 61.27
7729 3.214 62.24
7741 2.718 57.5
7753 2.223 60.5
7796 3.461 59.09
7798 2.928 61.67
7805 2.394 69.72
aray 5 4
runnumber momentumgain
7593 3.15 18.28
7597 3.15 17.93
7608 2.699 15.79
7611 2.248 16.57
7625 1.797 16.77
7671 3.514 16.66
7679 2.928 17.18
7684 2.341 16.61
7723 4.452 16.1
7729 3.214 16.54
7741 2.718 15.51
7753 2.223 15.91
7796 3.461 16.79
7798 2.928 16.91
7805 2.394 17.85
aray 5 5
runnumber momentumgain
7593 3.15 39.35
7597 3.15 39.79
7608 2.699 37.96
7611 2.248 39.16
7625 1.797 37.89
7671 3.514 37.99
7679 2.928 40.04
7684 2.341 40.58
7723 4.452 37.52
7729 3.214 37.33
7741 2.718 36.75
7753 2.223 38.48
7796 3.461 37.84
7798 2.928 39.25
7805 2.394 40.3
aray 5 6
runnumber momentumgain
7593 3.15 39.46
7597 3.15 38.44
7608 2.699 36.46
7611 2.248 36.2
7625 1.797 37.85
7671 3.514 36.46
7679 2.928 38.5
7684 2.341 37.09
7723 4.452 34.84
7729 3.214 36.47
7741 2.718 35.15
7753 2.223 34.59
7796 3.461 36.24
7798 2.928 37.48
7805 2.394 37.71
aray 5 7
runnumber momentumgain
7593 3.15 47.32
7597 3.15 48.65
7608 2.699 45.19
7611 2.248 44.8
7625 1.797 43.94
7671 3.514 44.9
7679 2.928 47.48
7684 2.341 46.52
7723 4.452 42.11
7729 3.214 44.89
7741 2.718 44.06
7753 2.223 43.6
7796 3.461 44.92
7798 2.928 47.12
7805 2.394 46.13
aray 5 8
runnumber momentumgain
7593 3.15 68.22
7597 3.15 68.15
7608 2.699 67.7
7611 2.248 64.95
7625 1.797 66.01
7671 3.514 63
7679 2.928 66.48
7684 2.341 66.21
7723 4.452 61.56
7729 3.214 65.11
7741 2.718 64.68
7753 2.223 61.07
7796 3.461 63.43
7798 2.928 64.96
7805 2.394 66.18
aray 5 9
runnumber momentumgain
7593 3.15 32.92
7597 3.15 36.44
7608 2.699 38.51
7611 2.248 32.28
7625 1.797 36.15
7671 3.514 32.27
7679 2.928 34.25
7684 2.341 33.46
7723 4.452 28.69
7729 3.214 31.58
7741 2.718 32.52
7753 2.223 29.96
7796 3.461 32.31
7798 2.928 34.66
7805 2.394 35.09
aray 5 10
runnumber momentumgain
7593 3.15 71.96
7597 3.15 57.88
7608 2.699 56.97
7611 2.248 47.26
7625 1.797 19.05
7671 3.514 60.03
7679 2.928 55.33
7684 2.341 89.04
7723 4.452 47.5
7729 3.214 58.5
7741 2.718 51.54
7753 2.223 41.26
7796 3.461 51.29
7798 2.928 53.39
7805 2.394 69.94
aray 5 11
runnumber momentumgain
7593 3.15 51.57
7597 3.15 48.62
7608 2.699 52.12
7611 2.248 52.45
7625 1.797 51.08
7671 3.514 49.35
7679 2.928 51.96
7684 2.341 56.88
7723 4.452 49.31
7729 3.214 50.33
7741 2.718 49.7
7753 2.223 51.88
7796 3.461 49.07
7798 2.928 48.33
7805 2.394 62.47
aray 5 12
runnumber momentumgain
7593 3.15 70.43
7597 3.15 73.66
7608 2.699 71.93
7611 2.248 74.57
7625 1.797 71.03
7671 3.514 69.52
7679 2.928 71.54
7684 2.341 81.36
7723 4.452 67.63
7729 3.214 69.43
7741 2.718 71.09
7753 2.223 71.89
7796 3.461 68.51
7798 2.928 69.97
7805 2.394 82.06
aray 5 13
runnumber momentumgain
7593 3.15 13.65
7597 3.15 13.82
7608 2.699 14.57
7611 2.248 15.07
7625 1.797 15.14
7671 3.514 12.02
7679 2.928 14.41
7684 2.341 16.63
7723 4.452 10.94
7729 3.214 12.97
7741 2.718 12.87
7753 2.223 15.53
7796 3.461 12
7798 2.928 14.47
7805 2.394 19.08
aray 5 14
runnumber momentumgain
7593 3.15 0
7597 3.15 0
7608 2.699 83.9
7611 2.248 79.92
7625 1.797 0
7671 3.514 17.59
7679 2.928 59.66
7684 2.341 18.97
7723 4.452 0
7729 3.214 0
7741 2.718 27.42
7753 2.223 0
7796 3.461 29.12
7798 2.928 50.02
7805 2.394 24.45
aray 5 15
runnumber momentumgain
7593 3.15 0
7597 3.15 0
7608 2.699 0
7611 2.248 0
7625 1.797 0
7671 3.514 0
7679 2.928 0
7684 2.341 70.34
7723 4.452 0
7729 3.214 0
7741 2.718 0
7753 2.223 0
7796 3.461 0
7798 2.928 0
7805 2.394 0
aray 6 0
runnumber momentumgain
7593 3.15 0
7597 3.15 0
7608 2.699 0
7611 2.248 0
7625 1.797 0
7671 3.514 63.85
7679 2.928 0
7684 2.341 0
7723 4.452 0
7729 3.214 0
7741 2.718 0
7753 2.223 0
7796 3.461 0
7798 2.928 0
7805 2.394 0
aray 6 1
runnumber momentumgain
7593 3.15 0
7597 3.15 127.83
7608 2.699 0
7611 2.248 0
7625 1.797 0
7671 3.514 67.21
7679 2.928 60.1
7684 2.341 0
7723 4.452 0
7729 3.214 0
7741 2.718 0
7753 2.223 0
7796 3.461 39.29
7798 2.928 41.91
7805 2.394 0
aray 6 2
runnumber momentumgain
7593 3.15 66.08
7597 3.15 52.86
7608 2.699 43.92
7611 2.248 39.64
7625 1.797 32.16
7671 3.514 42.99
7679 2.928 47.04
7684 2.341 62.96
7723 4.452 47.99
7729 3.214 52.21
7741 2.718 34.97
7753 2.223 0
7796 3.461 42.09
7798 2.928 39.44
7805 2.394 58.25
aray 6 3
runnumber momentumgain
7593 3.15 41.76
7597 3.15 41.34
7608 2.699 39.53
7611 2.248 38.91
7625 1.797 41.73
7671 3.514 39.03
7679 2.928 41.16
7684 2.341 39.23
7723 4.452 39.16
7729 3.214 39.69
7741 2.718 38.03
7753 2.223 46.02
7796 3.461 39.37
7798 2.928 40.42
7805 2.394 44.78
aray 6 4
runnumber momentumgain
7593 3.15 25.13
7597 3.15 23.41
7608 2.699 21.7
7611 2.248 22.04
7625 1.797 22.6
7671 3.514 22.21
7679 2.928 23.37
7684 2.341 22.48
7723 4.452 21.81
7729 3.214 22.23
7741 2.718 21.26
7753 2.223 21.35
7796 3.461 22.02
7798 2.928 22.35
7805 2.394 23.13
aray 6 5
runnumber momentumgain
7593 3.15 45.44
7597 3.15 44.75
7608 2.699 43.67
7611 2.248 45.22
7625 1.797 44.98
7671 3.514 42.8
7679 2.928 44.86
7684 2.341 48.45
7723 4.452 43.71
7729 3.214 42.25
7741 2.718 42.6
7753 2.223 44.49
7796 3.461 42.48
7798 2.928 43.63
7805 2.394 46.48
aray 6 6
runnumber momentumgain
7593 3.15 55.14
7597 3.15 54
7608 2.699 51.16
7611 2.248 51.42
7625 1.797 50.32
7671 3.514 50.05
7679 2.928 51.8
7684 2.341 52.25
7723 4.452 49.44
7729 3.214 49.98
7741 2.718 49.79
7753 2.223 49.47
7796 3.461 50.23
7798 2.928 51.27
7805 2.394 52.54
aray 6 7
runnumber momentumgain
7593 3.15 41.62
7597 3.15 40.46
7608 2.699 40.38
7611 2.248 39.89
7625 1.797 38.82
7671 3.514 38.63
7679 2.928 40.08
7684 2.341 41.17
7723 4.452 38.04
7729 3.214 38.57
7741 2.718 39.29
7753 2.223 39.01
7796 3.461 38.54
7798 2.928 40.11
7805 2.394 41
aray 6 8
runnumber momentumgain
7593 3.15 34.74
7597 3.15 33.36
7608 2.699 33.88
7611 2.248 31.93
7625 1.797 32.89
7671 3.514 31.98
7679 2.928 33.59
7684 2.341 32.29
7723 4.452 30.87
7729 3.214 32.67
7741 2.718 32.84
7753 2.223 31.55
7796 3.461 32.12
7798 2.928 33.07
7805 2.394 32.98
aray 6 9
runnumber momentumgain
7593 3.15 34.79
7597 3.15 34.09
7608 2.699 34.71
7611 2.248 31.97
7625 1.797 31.99
7671 3.514 32.33
7679 2.928 34.03
7684 2.341 31.72
7723 4.452 31.82
7729 3.214 32.71
7741 2.718 32.99
7753 2.223 30.96
7796 3.461 31.94
7798 2.928 33.86
7805 2.394 33.41
aray 6 10
runnumber momentumgain
7593 3.15 29.16
7597 3.15 29.35
7608 2.699 30.34
7611 2.248 28.13
7625 1.797 27.84
7671 3.514 27.56
7679 2.928 29.78
7684 2.341 28.07
7723 4.452 26.7
7729 3.214 27.37
7741 2.718 28.68
7753 2.223 27.35
7796 3.461 27.68
7798 2.928 29.11
7805 2.394 29.42
aray 6 11
runnumber momentumgain
7593 3.15 23.06
7597 3.15 23.35
7608 2.699 23.58
7611 2.248 23.4
7625 1.797 23.4
7671 3.514 21.95
7679 2.928 22.8
7684 2.341 24.43
7723 4.452 21.74
7729 3.214 22.1
7741 2.718 22.49
7753 2.223 22.96
7796 3.461 22.03
7798 2.928 22.24
7805 2.394 25.96
aray 6 12
runnumber momentumgain
7593 3.15 34.49
7597 3.15 34.94
7608 2.699 35.71
7611 2.248 35.44
7625 1.797 33.32
7671 3.514 32.66
7679 2.928 34.87
7684 2.341 38.63
7723 4.452 31.57
7729 3.214 32.91
7741 2.718 33.45
7753 2.223 33.99
7796 3.461 31.99
7798 2.928 33.4
7805 2.394 40.47
aray 6 13
runnumber momentumgain
7593 3.15 33.3
7597 3.15 31.94
7608 2.699 33.23
7611 2.248 36.55
7625 1.797 33.41
7671 3.514 31.17
7679 2.928 34.08
7684 2.341 38.87
7723 4.452 29.4
7729 3.214 30.84
7741 2.718 33.24
7753 2.223 32.37
7796 3.461 29.79
7798 2.928 31.64
7805 2.394 38.25
aray 6 14
runnumber momentumgain
7593 3.15 65.7
7597 3.15 50.56
7608 2.699 74.77
7611 2.248 37.13
7625 1.797 0
7671 3.514 35.12
7679 2.928 39.96
7684 2.341 61.14
7723 4.452 0
7729 3.214 0
7741 2.718 33.6
7753 2.223 25.66
7796 3.461 44.23
7798 2.928 28.35
7805 2.394 50.69
aray 6 15
runnumber momentumgain
7593 3.15 0
7597 3.15 0
7608 2.699 0
7611 2.248 0
7625 1.797 0
7671 3.514 0
7679 2.928 0
7684 2.341 0
7723 4.452 0
7729 3.214 0
7741 2.718 0
7753 2.223 0
7796 3.461 0
7798 2.928 0
7805 2.394 0
aray 7 0
runnumber momentumgain
7593 3.15 0
7597 3.15 0
7608 2.699 0
7611 2.248 0
7625 1.797 0
7671 3.514 18.41
7679 2.928 25.47
7684 2.341 0
7723 4.452 0
7729 3.214 0
7741 2.718 0
7753 2.223 0
7796 3.461 32.51
7798 2.928 39.97
7805 2.394 0
aray 7 1
runnumber momentumgain
7593 3.15 62.41
7597 3.15 39.38
7608 2.699 28.47
7611 2.248 0
7625 1.797 0
7671 3.514 15.78
7679 2.928 18.32
7684 2.341 0
7723 4.452 91.72
7729 3.214 16.08
7741 2.718 0
7753 2.223 0
7796 3.461 26.16
7798 2.928 40.3
7805 2.394 49.56
aray 7 2
runnumber momentumgain
7593 3.15 17.31
7597 3.15 18.43
7608 2.699 13.97
7611 2.248 16.79
7625 1.797 20.41
7671 3.514 15.62
7679 2.928 14
7684 2.341 13.89
7723 4.452 12.85
7729 3.214 12.87
7741 2.718 14.71
7753 2.223 20.25
7796 3.461 14.09
7798 2.928 12.61
7805 2.394 13.03
aray 7 3
runnumber momentumgain
7593 3.15 13.39
7597 3.15 15.52
7608 2.699 10.6
7611 2.248 11.66
7625 1.797 12.18
7671 3.514 13.14
7679 2.928 13.51
7684 2.341 10.95
7723 4.452 12.15
7729 3.214 16.2
7741 2.718 11.13
7753 2.223 9.43
7796 3.461 13.01
7798 2.928 13.09
7805 2.394 11.83
aray 7 4
runnumber momentumgain
7593 3.15 16.95
7597 3.15 16.48
7608 2.699 14.27
7611 2.248 15.97
7625 1.797 15.45
7671 3.514 14.94
7679 2.928 15.59
7684 2.341 14.81
7723 4.452 12.3
7729 3.214 15.26
7741 2.718 13.94
7753 2.223 13.76
7796 3.461 14.69
7798 2.928 14.66
7805 2.394 15.66
aray 7 5
runnumber momentumgain
7593 3.15 12.37
7597 3.15 13.69
7608 2.699 9.94
7611 2.248 10.46
7625 1.797 10.44
7671 3.514 12.38
7679 2.928 13
7684 2.341 10.01
7723 4.452 10.16
7729 3.214 11.82
7741 2.718 9.47
7753 2.223 9.85
7796 3.461 12.79
7798 2.928 12.23
7805 2.394 11.54
aray 7 6
runnumber momentumgain
7593 3.15 16.37
7597 3.15 16.23
7608 2.699 15.61
7611 2.248 15.87
7625 1.797 16.33
7671 3.514 15.04
7679 2.928 15.46
7684 2.341 16.65
7723 4.452 12.37
7729 3.214 15.25
7741 2.718 14.23
7753 2.223 15.39
7796 3.461 14.75
7798 2.928 15.38
7805 2.394 16.76
aray 7 7
runnumber momentumgain
7593 3.15 20.01
7597 3.15 19.35
7608 2.699 19.03
7611 2.248 19.15
7625 1.797 18.98
7671 3.514 18.52
7679 2.928 19.74
7684 2.341 18.88
7723 4.452 17.49
7729 3.214 18.78
7741 2.718 17.85
7753 2.223 18.07
7796 3.461 18.38
7798 2.928 19.23
7805 2.394 19.1
aray 7 8
runnumber momentumgain
7593 3.15 13.3
7597 3.15 12.88
7608 2.699 13.13
7611 2.248 12.52
7625 1.797 12.22
7671 3.514 12.19
7679 2.928 12.61
7684 2.341 12.11
7723 4.452 12.63
7729 3.214 12.18
7741 2.718 12.47
7753 2.223 12.19
7796 3.461 12.35
7798 2.928 12.29
7805 2.394 12.69
aray 7 9
runnumber momentumgain
7593 3.15 16.64
7597 3.15 16.74
7608 2.699 17.02
7611 2.248 16.02
7625 1.797 15.76
7671 3.514 15.67
7679 2.928 16.36
7684 2.341 16.09
7723 4.452 12.48
7729 3.214 15.83
7741 2.718 16.22
7753 2.223 15.93
7796 3.461 15.55
7798 2.928 16.31
7805 2.394 16.59
aray 7 10
runnumber momentumgain
7593 3.15 24.4
7597 3.15 24.08
7608 2.699 24.63
7611 2.248 23.56
7625 1.797 23.41
7671 3.514 22.69
7679 2.928 23.81
7684 2.341 23.49
7723 4.452 21.82
7729 3.214 23.03
7741 2.718 23.29
7753 2.223 23.19
7796 3.461 22.71
7798 2.928 23.49
7805 2.394 24.96
aray 7 11
runnumber momentumgain
7593 3.15 19.99
7597 3.15 19.88
7608 2.699 20.42
7611 2.248 19.48
7625 1.797 19.49
7671 3.514 18.7
7679 2.928 19.51
7684 2.341 20.31
7723 4.452 18.35
7729 3.214 18.69
7741 2.718 18.98
7753 2.223 18.73
7796 3.461 18.55
7798 2.928 19.23
7805 2.394 21.48
aray 7 12
runnumber momentumgain
7593 3.15 27.67
7597 3.15 27.99
7608 2.699 28.46
7611 2.248 28.75
7625 1.797 27.6
7671 3.514 26.61
7679 2.928 27.37
7684 2.341 30.32
7723 4.452 27.28
7729 3.214 26.98
7741 2.718 26.96
7753 2.223 27.02
7796 3.461 26.88
7798 2.928 27.19
7805 2.394 32.06
aray 7 13
runnumber momentumgain
7593 3.15 16.22
7597 3.15 15.33
7608 2.699 16.59
7611 2.248 17.04
7625 1.797 15.07
7671 3.514 15.2
7679 2.928 16.03
7684 2.341 18.23
7723 4.452 14.64
7729 3.214 15.36
7741 2.718 15.23
7753 2.223 15.17
7796 3.461 15.02
7798 2.928 15.86
7805 2.394 19.4
aray 7 14
runnumber momentumgain
7593 3.15 5.24
7597 3.15 19.3
7608 2.699 28.47
7611 2.248 6.88
7625 1.797 25.89
7671 3.514 17.34
7679 2.928 12.08
7684 2.341 14.49
7723 4.452 30.33
7729 3.214 16.52
7741 2.718 7.23
7753 2.223 29.27
7796 3.461 26.42
7798 2.928 17.03
7805 2.394 24.07
aray 7 15
runnumber momentumgain
7593 3.15 0
7597 3.15 0
7608 2.699 0
7611 2.248 69.17
7625 1.797 0
7671 3.514 53.13
7679 2.928 38.6
7684 2.341 -18.32
7723 4.452 0
7729 3.214 0
7741 2.718 0
7753 2.223 0
7796 3.461 0
7798 2.928 0
7805 2.394 -10.97
aray 8 0
runnumber momentumgain
7593 3.15 0
7597 3.15 0
7608 2.699 0
7611 2.248 0
7625 1.797 0
7671 3.514 0
7679 2.928 0
7684 2.341 0
7723 4.452 0
7729 3.214 0
7741 2.718 0
7753 2.223 0
7796 3.461 0
7798 2.928 0
7805 2.394 0
aray 8 1
runnumber momentumgain
7593 3.15 0
7597 3.15 0
7608 2.699 0
7611 2.248 0
7625 1.797 0
7671 3.514 39.2
7679 2.928 56.18
7684 2.341 0
7723 4.452 75.16
7729 3.214 39.84
7741 2.718 0
7753 2.223 0
7796 3.461 66.83
7798 2.928 0
7805 2.394 0
aray 8 2
runnumber momentumgain
7593 3.15 36.06
7597 3.15 31.53
7608 2.699 26.55
7611 2.248 28.39
7625 1.797 31.97
7671 3.514 29
7679 2.928 30.86
7684 2.341 27.99
7723 4.452 25.67
7729 3.214 32.94
7741 2.718 30.31
7753 2.223 21.82
7796 3.461 27.39
7798 2.928 29.95
7805 2.394 36.55
aray 8 3
runnumber momentumgain
7593 3.15 32.74
7597 3.15 31.42
7608 2.699 28.11
7611 2.248 31.88
7625 1.797 29.74
7671 3.514 28.98
7679 2.928 28.91
7684 2.341 29.62
7723 4.452 25.73
7729 3.214 29.77
7741 2.718 29.04
7753 2.223 26.73
7796 3.461 27.72
7798 2.928 28.23
7805 2.394 30.21
aray 8 4
runnumber momentumgain
7593 3.15 50.13
7597 3.15 48.47
7608 2.699 43.66
7611 2.248 47.75
7625 1.797 46.21
7671 3.514 44.44
7679 2.928 46.93
7684 2.341 44.72
7723 4.452 39.55
7729 3.214 43.48
7741 2.718 42.11
7753 2.223 43.81
7796 3.461 43.22
7798 2.928 44.31
7805 2.394 46.96
aray 8 5
runnumber momentumgain
7593 3.15 40.32
7597 3.15 40.22
7608 2.699 37.36
7611 2.248 38.66
7625 1.797 40.82
7671 3.514 36.62
7679 2.928 38.15
7684 2.341 38.45
7723 4.452 31.68
7729 3.214 37.06
7741 2.718 35
7753 2.223 38.34
7796 3.461 36.65
7798 2.928 38.05
7805 2.394 40.38
aray 8 6
runnumber momentumgain
7593 3.15 23.38
7597 3.15 22.21
7608 2.699 21.32
7611 2.248 22.72
7625 1.797 22.51
7671 3.514 20.49
7679 2.928 21.21
7684 2.341 22.18
7723 4.452 17.67
7729 3.214 20.65
7741 2.718 20.28
7753 2.223 21.7
7796 3.461 20.49
7798 2.928 21.11
7805 2.394 23
aray 8 7
runnumber momentumgain
7593 3.15 43.49
7597 3.15 44.13
7608 2.699 43.11
7611 2.248 41.83
7625 1.797 43.55
7671 3.514 42.17
7679 2.928 44.44
7684 2.341 43.41
7723 4.452 40.63
7729 3.214 43.2
7741 2.718 40.84
7753 2.223 40.2
7796 3.461 42.44
7798 2.928 43.25
7805 2.394 43.59
aray 8 8
runnumber momentumgain
7593 3.15 57.33
7597 3.15 55.63
7608 2.699 57.93
7611 2.248 53.92
7625 1.797 52.03
7671 3.514 54.11
7679 2.928 55.71
7684 2.341 55.69
7723 4.452 51.35
7729 3.214 51.51
7741 2.718 54.52
7753 2.223 53.1
7796 3.461 52.77
7798 2.928 54.06
7805 2.394 56.08
aray 8 9
runnumber momentumgain
7593 3.15 83.6
7597 3.15 77.57
7608 2.699 79.74
7611 2.248 76.56
7625 1.797 74.51
7671 3.514 72.86
7679 2.928 75.08
7684 2.341 72.23
7723 4.452 58.48
7729 3.214 69.97
7741 2.718 72.71
7753 2.223 74.04
7796 3.461 70.82
7798 2.928 76.49
7805 2.394 74.65
aray 8 10
runnumber momentumgain
7593 3.15 21.87
7597 3.15 23.52
7608 2.699 24.33
7611 2.248 21.39
7625 1.797 19.41
7671 3.514 20.89
7679 2.928 23.25
7684 2.341 23.11
7723 4.452 18.03
7729 3.214 19.44
7741 2.718 21.55
7753 2.223 18.41
7796 3.461 19.77
7798 2.928 22.51
7805 2.394 25.33
aray 8 11
runnumber momentumgain
7593 3.15 58.93
7597 3.15 58.49
7608 2.699 60.72
7611 2.248 58.09
7625 1.797 57.02
7671 3.514 55.61
7679 2.928 58.01
7684 2.341 61.24
7723 4.452 54.97
7729 3.214 56.11
7741 2.718 55.71
7753 2.223 55.22
7796 3.461 55.49
7798 2.928 56.36
7805 2.394 64.49
aray 8 12
runnumber momentumgain
7593 3.15 27.28
7597 3.15 27.13
7608 2.699 27.68
7611 2.248 28.09
7625 1.797 27.2
7671 3.514 25.83
7679 2.928 26.74
7684 2.341 29.62
7723 4.452 25.85
7729 3.214 26.27
7741 2.718 26.58
7753 2.223 27.09
7796 3.461 25.95
7798 2.928 26.62
7805 2.394 30.81
aray 8 13
runnumber momentumgain
7593 3.15 24.91
7597 3.15 23.65
7608 2.699 25.06
7611 2.248 27.91
7625 1.797 24.43
7671 3.514 23.13
7679 2.928 24.39
7684 2.341 30.7
7723 4.452 23.45
7729 3.214 23.54
7741 2.718 23.99
7753 2.223 23.48
7796 3.461 22.94
7798 2.928 24.07
7805 2.394 30.86
aray 8 14
runnumber momentumgain
7593 3.15 0
7597 3.15 0
7608 2.699 59.17
7611 2.248 52.94
7625 1.797 0
7671 3.514 61.25
7679 2.928 112.17
7684 2.341 25.89
7723 4.452 0
7729 3.214 0
7741 2.718 0
7753 2.223 0
7796 3.461 88.89
7798 2.928 63.22
7805 2.394 64.97
aray 8 15
runnumber momentumgain
7593 3.15 0
7597 3.15 0
7608 2.699 0
7611 2.248 0
7625 1.797 0
7671 3.514 -82.8
7679 2.928 0
7684 2.341 0
7723 4.452 0
7729 3.214 0
7741 2.718 0
7753 2.223 0
7796 3.461 0
7798 2.928 0
7805 2.394 0
aray 9 0
runnumber momentumgain
7593 3.15 0
7597 3.15 0
7608 2.699 0
7611 2.248 0
7625 1.797 0
7671 3.514 0
7679 2.928 0
7684 2.341 0
7723 4.452 0
7729 3.214 0
7741 2.718 0
7753 2.223 0
7796 3.461 0
7798 2.928 0
7805 2.394 0
aray 9 1
runnumber momentumgain
7593 3.15 0
7597 3.15 0
7608 2.699 0
7611 2.248 0
7625 1.797 0
7671 3.514 82.7
7679 2.928 -2.4
7684 2.341 0
7723 4.452 0
7729 3.214 0
7741 2.718 0
7753 2.223 0
7796 3.461 56.25
7798 2.928 129.98
7805 2.394 0
aray 9 2
runnumber momentumgain
7593 3.15 21.66
7597 3.15 21.48
7608 2.699 20.69
7611 2.248 20.45
7625 1.797 32.89
7671 3.514 19.69
7679 2.928 21.82
7684 2.341 20.68
7723 4.452 16.95
7729 3.214 20.02
7741 2.718 22.57
7753 2.223 17.55
7796 3.461 18.75
7798 2.928 20.89
7805 2.394 17.96
aray 9 3
runnumber momentumgain
7593 3.15 42.78
7597 3.15 43.86
7608 2.699 36.74
7611 2.248 45.87
7625 1.797 41.29
7671 3.514 39.63
7679 2.928 41.75
7684 2.341 43.83
7723 4.452 36
7729 3.214 37.91
7741 2.718 38.11
7753 2.223 35.22
7796 3.461 37.35
7798 2.928 37.35
7805 2.394 40.27
aray 9 4
runnumber momentumgain
7593 3.15 24.42
7597 3.15 23.59
7608 2.699 21.41
7611 2.248 23.34
7625 1.797 22.28
7671 3.514 22.14
7679 2.928 22.77
7684 2.341 21.42
7723 4.452 18.74
7729 3.214 22.2
7741 2.718 21.09
7753 2.223 21.09
7796 3.461 21.56
7798 2.928 21.99
7805 2.394 22.92
aray 9 5
runnumber momentumgain
7593 3.15 57
7597 3.15 55.57
7608 2.699 48.74
7611 2.248 51.52
7625 1.797 49.9
7671 3.514 50.71
7679 2.928 53.56
7684 2.341 50.24
7723 4.452 41.75
7729 3.214 47.98
7741 2.718 46.61
7753 2.223 49.58
7796 3.461 50.35
7798 2.928 51.97
7805 2.394 53.65
aray 9 6
runnumber momentumgain
7593 3.15 40.05
7597 3.15 41.02
7608 2.699 38.92
7611 2.248 40.15
7625 1.797 41.21
7671 3.514 38.67
7679 2.928 38.08
7684 2.341 40.16
7723 4.452 32.05
7729 3.214 37.34
7741 2.718 35.13
7753 2.223 39.13
7796 3.461 36.54
7798 2.928 38.67
7805 2.394 46.71
aray 9 7
runnumber momentumgain
7593 3.15 56.92
7597 3.15 56.27
7608 2.699 56.28
7611 2.248 58.93
7625 1.797 52.56
7671 3.514 54.13
7679 2.928 57.46
7684 2.341 56.51
7723 4.452 53.08
7729 3.214 55.88
7741 2.718 51.35
7753 2.223 54.8
7796 3.461 53.15
7798 2.928 57.26
7805 2.394 57.1
aray 9 8
runnumber momentumgain
7593 3.15 46.05
7597 3.15 35.17
7608 2.699 35.27
7611 2.248 40.46
7625 1.797 49.46
7671 3.514 31.71
7679 2.928 33.66
7684 2.341 36.92
7723 4.452 27.96
7729 3.214 35.16
7741 2.718 35.64
7753 2.223 30.3
7796 3.461 33.54
7798 2.928 31.13
7805 2.394 38.48
aray 9 9
runnumber momentumgain
7593 3.15 45.52
7597 3.15 52.21
7608 2.699 67.52
7611 2.248 0
7625 1.797 0
7671 3.514 48.19
7679 2.928 56.25
7684 2.341 14.54
7723 4.452 263.34
7729 3.214 57.77
7741 2.718 76.13
7753 2.223 0
7796 3.461 37.27
7798 2.928 40.08
7805 2.394 73.91
aray 9 10
runnumber momentumgain
7593 3.15 44.89
7597 3.15 77.56
7608 2.699 51
7611 2.248 0
7625 1.797 0
7671 3.514 58.58
7679 2.928 51.94
7684 2.341 43.03
7723 4.452 58.54
7729 3.214 73.53
7741 2.718 49.19
7753 2.223 36.62
7796 3.461 50.72
7798 2.928 49.05
7805 2.394 81.49
aray 9 11
runnumber momentumgain
7593 3.15 41.68
7597 3.15 38.79
7608 2.699 44.98
7611 2.248 44.53
7625 1.797 44.57
7671 3.514 36.38
7679 2.928 42.11
7684 2.341 51.73
7723 4.452 36.76
7729 3.214 38.79
7741 2.718 40.93
7753 2.223 44.11
7796 3.461 37.27
7798 2.928 38.83
7805 2.394 56.66
aray 9 12
runnumber momentumgain
7593 3.15 53.24
7597 3.15 54.01
7608 2.699 53.96
7611 2.248 54.53
7625 1.797 52.54
7671 3.514 51.38
7679 2.928 52.49
7684 2.341 58.5
7723 4.452 50.89
7729 3.214 51.61
7741 2.718 51.35
7753 2.223 50.09
7796 3.461 51
7798 2.928 51.68
7805 2.394 59.8
aray 9 13
runnumber momentumgain
7593 3.15 30.79
7597 3.15 30.24
7608 2.699 33.19
7611 2.248 35.21
7625 1.797 28.96
7671 3.514 29.8
7679 2.928 30.7
7684 2.341 35.72
7723 4.452 30.31
7729 3.214 30.19
7741 2.718 31.27
7753 2.223 32.7
7796 3.461 29.75
7798 2.928 31.41
7805 2.394 38.02
aray 9 14
runnumber momentumgain
7593 3.15 51.94
7597 3.15 26.74
7608 2.699 49.67
7611 2.248 33.86
7625 1.797 0
7671 3.514 14.95
7679 2.928 30.34
7684 2.341 22.45
7723 4.452 -21.13
7729 3.214 0
7741 2.718 10.75
7753 2.223 0
7796 3.461 47.6
7798 2.928 18.45
7805 2.394 27.18
aray 9 15
runnumber momentumgain
7593 3.15 0
7597 3.15 0
7608 2.699 0
7611 2.248 0
7625 1.797 0
7671 3.514 0
7679 2.928 0
7684 2.341 0
7723 4.452 0
7729 3.214 0
7741 2.718 0
7753 2.223 0
7796 3.461 0
7798 2.928 0
7805 2.394 161.76
aray 10 0
runnumber momentumgain
7593 3.15 0
7597 3.15 0
7608 2.699 0
7611 2.248 0
7625 1.797 0
7671 3.514 0
7679 2.928 0
7684 2.341 0
7723 4.452 0
7729 3.214 0
7741 2.718 0
7753 2.223 0
7796 3.461 0
7798 2.928 0
7805 2.394 0
aray 10 1
runnumber momentumgain
7593 3.15 0
7597 3.15 0
7608 2.699 0
7611 2.248 0
7625 1.797 0
7671 3.514 37.11
7679 2.928 0
7684 2.341 0
7723 4.452 0
7729 3.214 0
7741 2.718 0
7753 2.223 0
7796 3.461 34.32
7798 2.928 0
7805 2.394 0
aray 10 2
runnumber momentumgain
7593 3.15 104.23
7597 3.15 70.82
7608 2.699 0
7611 2.248 0
7625 1.797 0
7671 3.514 68.01
7679 2.928 70.74
7684 2.341 56.75
7723 4.452 54.61
7729 3.214 119.49
7741 2.718 82.49
7753 2.223 0
7796 3.461 68.26
7798 2.928 76.42
7805 2.394 0
aray 10 3
runnumber momentumgain
7593 3.15 37.47
7597 3.15 49.74
7608 2.699 43.94
7611 2.248 42.65
7625 1.797 40.17
7671 3.514 36.53
7679 2.928 40.63
7684 2.341 35.75
7723 4.452 32.79
7729 3.214 40.14
7741 2.718 36.99
7753 2.223 35.08
7796 3.461 35.73
7798 2.928 36.24
7805 2.394 42.14
aray 10 4
runnumber momentumgain
7593 3.15 31.23
7597 3.15 31.39
7608 2.699 32.44
7611 2.248 35.99
7625 1.797 37.33
7671 3.514 30.36
7679 2.928 30.27
7684 2.341 25.76
7723 4.452 25.3
7729 3.214 40.01
7741 2.718 27.08
7753 2.223 27.56
7796 3.461 29.06
7798 2.928 28.71
7805 2.394 35.63
aray 10 5
runnumber momentumgain
7593 3.15 46.41
7597 3.15 54.66
7608 2.699 37.83
7611 2.248 43.29
7625 1.797 42.73
7671 3.514 37.27
7679 2.928 42.49
7684 2.341 45.05
7723 4.452 33.31
7729 3.214 40.56
7741 2.718 41.04
7753 2.223 42.75
7796 3.461 42.56
7798 2.928 42.82
7805 2.394 57.05
aray 10 6
runnumber momentumgain
7593 3.15 22.2
7597 3.15 20.12
7608 2.699 26.38
7611 2.248 20.5
7625 1.797 42.35
7671 3.514 26.68
7679 2.928 25.69
7684 2.341 28.99
7723 4.452 12.49
7729 3.214 20.53
7741 2.718 18.03
7753 2.223 23.62
7796 3.461 19.53
7798 2.928 22.39
7805 2.394 22.81
aray 10 7
runnumber momentumgain
7593 3.15 74.1
7597 3.15 81.71
7608 2.699 54.02
7611 2.248 0
7625 1.797 0
7671 3.514 32.39
7679 2.928 42.94
7684 2.341 0
7723 4.452 48.57
7729 3.214 36.2
7741 2.718 0
7753 2.223 0
7796 3.461 42.05
7798 2.928 48.79
7805 2.394 37.78
aray 10 8
runnumber momentumgain
7593 3.15 0
7597 3.15 0
7608 2.699 0
7611 2.248 0
7625 1.797 0
7671 3.514 65.3
7679 2.928 49.14
7684 2.341 0
7723 4.452 0
7729 3.214 0
7741 2.718 0
7753 2.223 0
7796 3.461 61.86
7798 2.928 82.72
7805 2.394 0
aray 10 9
runnumber momentumgain
7593 3.15 0
7597 3.15 0
7608 2.699 101.14
7611 2.248 0
7625 1.797 0
7671 3.514 91.02
7679 2.928 49.74
7684 2.341 0
7723 4.452 0
7729 3.214 0
7741 2.718 0
7753 2.223 0
7796 3.461 118.49
7798 2.928 91.97
7805 2.394 0
aray 10 10
runnumber momentumgain
7593 3.15 0
7597 3.15 164.17
7608 2.699 46.05
7611 2.248 0
7625 1.797 0
7671 3.514 15.61
7679 2.928 48.41
7684 2.341 59.25
7723 4.452 0
7729 3.214 0
7741 2.718 92.67
7753 2.223 0
7796 3.461 37.76
7798 2.928 41.47
7805 2.394 39.34
aray 10 11
runnumber momentumgain
7593 3.15 0
7597 3.15 0
7608 2.699 36.05
7611 2.248 0
7625 1.797 0
7671 3.514 25.74
7679 2.928 70.53
7684 2.341 83.35
7723 4.452 0
7729 3.214 0
7741 2.718 140.38
7753 2.223 0
7796 3.461 38.86
7798 2.928 56.42
7805 2.394 53.66
aray 10 12
runnumber momentumgain
7593 3.15 38.51
7597 3.15 77.25
7608 2.699 35.44
7611 2.248 48.01
7625 1.797 0
7671 3.514 29.28
7679 2.928 36.44
7684 2.341 54.81
7723 4.452 33.5
7729 3.214 15.69
7741 2.718 33.4
7753 2.223 0
7796 3.461 37.49
7798 2.928 33.89
7805 2.394 55.1
aray 10 13
runnumber momentumgain
7593 3.15 23.31
7597 3.15 27.54
7608 2.699 32.85
7611 2.248 30.03
7625 1.797 38.56
7671 3.514 25.36
7679 2.928 26
7684 2.341 41.82
7723 4.452 24.69
7729 3.214 50.45
7741 2.718 29.61
7753 2.223 0
7796 3.461 22.1
7798 2.928 27.16
7805 2.394 33.48
aray 10 14
runnumber momentumgain
7593 3.15 0
7597 3.15 0
7608 2.699 0
7611 2.248 32.25
7625 1.797 0
7671 3.514 2.3
7679 2.928 -20.86
7684 2.341 78.57
7723 4.452 0
7729 3.214 0
7741 2.718 0
7753 2.223 0
7796 3.461 0
7798 2.928 85.24
7805 2.394 -0.2
aray 10 15
runnumber momentumgain
7593 3.15 0
7597 3.15 0
7608 2.699 0
7611 2.248 0
7625 1.797 0
7671 3.514 0
7679 2.928 0
7684 2.341 0
7723 4.452 0
7729 3.214 0
7741 2.718 0
7753 2.223 0
7796 3.461 0
7798 2.928 0
7805 2.394 285.58
aray 11 0
runnumber momentumgain
7593 3.15 0
7597 3.15 0
7608 2.699 0
7611 2.248 0
7625 1.797 0
7671 3.514 0
7679 2.928 0
7684 2.341 0
7723 4.452 0
7729 3.214 0
7741 2.718 0
7753 2.223 0
7796 3.461 0
7798 2.928 0
7805 2.394 0
aray 11 1
runnumber momentumgain
7593 3.15 0
7597 3.15 0
7608 2.699 0
7611 2.248 0
7625 1.797 0
7671 3.514 44.62
7679 2.928 0
7684 2.341 0
7723 4.452 0
7729 3.214 0
7741 2.718 0
7753 2.223 0
7796 3.461 91.07
7798 2.928 0
7805 2.394 0
aray 11 2
runnumber momentumgain
7593 3.15 0
7597 3.15 0
7608 2.699 0
7611 2.248 0
7625 1.797 0
7671 3.514 37.13
7679 2.928 0
7684 2.341 0
7723 4.452 0
7729 3.214 0
7741 2.718 0
7753 2.223 0
7796 3.461 23.66
7798 2.928 0
7805 2.394 0
aray 11 3
runnumber momentumgain
7593 3.15 0
7597 3.15 0
7608 2.699 0
7611 2.248 0
7625 1.797 0
7671 3.514 41.52
7679 2.928 90
7684 2.341 0
7723 4.452 0
7729 3.214 0
7741 2.718 0
7753 2.223 0
7796 3.461 46.82
7798 2.928 86.17
7805 2.394 0
aray 11 4
runnumber momentumgain
7593 3.15 169.49
7597 3.15 0
7608 2.699 0
7611 2.248 0
7625 1.797 0
7671 3.514 33.53
7679 2.928 19.33
7684 2.341 0
7723 4.452 0
7729 3.214 0
7741 2.718 0
7753 2.223 0
7796 3.461 36.64
7798 2.928 46.27
7805 2.394 0
aray 11 5
runnumber momentumgain
7593 3.15 0
7597 3.15 0
7608 2.699 0
7611 2.248 0
7625 1.797 0
7671 3.514 47.69
7679 2.928 21
7684 2.341 0
7723 4.452 0
7729 3.214 94.51
7741 2.718 0
7753 2.223 0
7796 3.461 63.29
7798 2.928 72.45
7805 2.394 0
aray 11 6
runnumber momentumgain
7593 3.15 0
7597 3.15 0
7608 2.699 0
7611 2.248 0
7625 1.797 0
7671 3.514 23.88
7679 2.928 36.54
7684 2.341 0
7723 4.452 172.17
7729 3.214 0
7741 2.718 0
7753 2.223 0
7796 3.461 29.24
7798 2.928 62.82
7805 2.394 204.64
aray 11 7
runnumber momentumgain
7593 3.15 0
7597 3.15 0
7608 2.699 0
7611 2.248 0
7625 1.797 0
7671 3.514 21.4
7679 2.928 6.58
7684 2.341 0
7723 4.452 0
7729 3.214 0
7741 2.718 0
7753 2.223 0
7796 3.461 -3.24
7798 2.928 37.08
7805 2.394 0
aray 11 8
runnumber momentumgain
7593 3.15 0
7597 3.15 0
7608 2.699 0
7611 2.248 0
7625 1.797 0
7671 3.514 70.77
7679 2.928 0
7684 2.341 0
7723 4.452 0
7729 3.214 0
7741 2.718 0
7753 2.223 0
7796 3.461 0
7798 2.928 0
7805 2.394 0
aray 11 9
runnumber momentumgain
7593 3.15 0
7597 3.15 0
7608 2.699 0
7611 2.248 0
7625 1.797 0
7671 3.514 0
7679 2.928 57.73
7684 2.341 0
7723 4.452 0
7729 3.214 0
7741 2.718 0
7753 2.223 0
7796 3.461 0
7798 2.928 7.3
7805 2.394 0
aray 11 10
runnumber momentumgain
7593 3.15 0
7597 3.15 0
7608 2.699 0
7611 2.248 0
7625 1.797 0
7671 3.514 98.98
7679 2.928 40.67
7684 2.341 19.63
7723 4.452 0
7729 3.214 0
7741 2.718 0
7753 2.223 0
7796 3.461 0
7798 2.928 0
7805 2.394 68.96
aray 11 11
runnumber momentumgain
7593 3.15 0
7597 3.15 0
7608 2.699 136.82
7611 2.248 0
7625 1.797 0
7671 3.514 0
7679 2.928 90.4
7684 2.341 0
7723 4.452 0
7729 3.214 0
7741 2.718 0
7753 2.223 0
7796 3.461 0
7798 2.928 126.06
7805 2.394 54.2
aray 11 12
runnumber momentumgain
7593 3.15 0
7597 3.15 0
7608 2.699 0
7611 2.248 0
7625 1.797 0
7671 3.514 70.06
7679 2.928 0
7684 2.341 49.23
7723 4.452 0
7729 3.214 0
7741 2.718 0
7753 2.223 0
7796 3.461 0
7798 2.928 110.29
7805 2.394 18.98
aray 11 13
runnumber momentumgain
7593 3.15 0
7597 3.15 0
7608 2.699 0
7611 2.248 0
7625 1.797 0
7671 3.514 -6.76
7679 2.928 0
7684 2.341 47.78
7723 4.452 0
7729 3.214 0
7741 2.718 0
7753 2.223 0
7796 3.461 0
7798 2.928 0
7805 2.394 83.13
aray 11 14
runnumber momentumgain
7593 3.15 0
7597 3.15 0
7608 2.699 0
7611 2.248 0
7625 1.797 0
7671 3.514 0
7679 2.928 0
7684 2.341 0
7723 4.452 0
7729 3.214 0
7741 2.718 0
7753 2.223 0
7796 3.461 0
7798 2.928 0
7805 2.394 0
aray 11 15
runnumber momentumgain
7593 3.15 0
7597 3.15 0
7608 2.699 0
7611 2.248 0
7625 1.797 0
7671 3.514 0
7679 2.928 0
7684 2.341 0
7723 4.452 0
7729 3.214 0
7741 2.718 0
7753 2.223 0
7796 3.461 0
7798 2.928 0
7805 2.394 0
aray 12 0
runnumber momentumgain
7593 3.15 0
7597 3.15 0
7608 2.699 0
7611 2.248 0
7625 1.797 0
7671 3.514 0
7679 2.928 0
7684 2.341 0
7723 4.452 0
7729 3.214 0
7741 2.718 0
7753 2.223 0
7796 3.461 0
7798 2.928 0
7805 2.394 0
aray 12 1
runnumber momentumgain
7593 3.15 0
7597 3.15 0
7608 2.699 0
7611 2.248 0
7625 1.797 0
7671 3.514 0
7679 2.928 0
7684 2.341 0
7723 4.452 0
7729 3.214 0
7741 2.718 0
7753 2.223 0
7796 3.461 0
7798 2.928 0
7805 2.394 0
aray 12 2
runnumber momentumgain
7593 3.15 0
7597 3.15 0
7608 2.699 0
7611 2.248 0
7625 1.797 0
7671 3.514 0
7679 2.928 0
7684 2.341 0
7723 4.452 0
7729 3.214 0
7741 2.718 0
7753 2.223 0
7796 3.461 0
7798 2.928 0
7805 2.394 0
aray 12 3
runnumber momentumgain
7593 3.15 0
7597 3.15 0
7608 2.699 0
7611 2.248 0
7625 1.797 0
7671 3.514 0
7679 2.928 0
7684 2.341 0
7723 4.452 0
7729 3.214 0
7741 2.718 0
7753 2.223 0
7796 3.461 95.4
7798 2.928 0
7805 2.394 0
aray 12 4
runnumber momentumgain
7593 3.15 0
7597 3.15 0
7608 2.699 0
7611 2.248 0
7625 1.797 0
7671 3.514 0
7679 2.928 0
7684 2.341 0
7723 4.452 0
7729 3.214 0
7741 2.718 0
7753 2.223 0
7796 3.461 0
7798 2.928 0
7805 2.394 0
aray 12 5
runnumber momentumgain
7593 3.15 0
7597 3.15 0
7608 2.699 0
7611 2.248 0
7625 1.797 0
7671 3.514 0
7679 2.928 0
7684 2.341 0
7723 4.452 0
7729 3.214 0
7741 2.718 0
7753 2.223 0
7796 3.461 0
7798 2.928 0
7805 2.394 0
aray 12 6
runnumber momentumgain
7593 3.15 0
7597 3.15 0
7608 2.699 0
7611 2.248 0
7625 1.797 0
7671 3.514 13.14
7679 2.928 0
7684 2.341 0
7723 4.452 0
7729 3.214 0
7741 2.718 0
7753 2.223 0
7796 3.461 0
7798 2.928 0
7805 2.394 0
aray 12 7
runnumber momentumgain
7593 3.15 0
7597 3.15 0
7608 2.699 0
7611 2.248 0
7625 1.797 0
7671 3.514 0
7679 2.928 0
7684 2.341 0
7723 4.452 0
7729 3.214 0
7741 2.718 0
7753 2.223 0
7796 3.461 0
7798 2.928 0
7805 2.394 0
aray 12 8
runnumber momentumgain
7593 3.15 0
7597 3.15 0
7608 2.699 0
7611 2.248 0
7625 1.797 0
7671 3.514 0
7679 2.928 0
7684 2.341 0
7723 4.452 0
7729 3.214 0
7741 2.718 0
7753 2.223 0
7796 3.461 0
7798 2.928 0
7805 2.394 0
aray 12 9
runnumber momentumgain
7593 3.15 0
7597 3.15 0
7608 2.699 0
7611 2.248 0
7625 1.797 0
7671 3.514 0
7679 2.928 0
7684 2.341 0
7723 4.452 0
7729 3.214 0
7741 2.718 0
7753 2.223 0
7796 3.461 0
7798 2.928 0
7805 2.394 0
aray 12 10
runnumber momentumgain
7593 3.15 0
7597 3.15 0
7608 2.699 0
7611 2.248 0
7625 1.797 0
7671 3.514 0
7679 2.928 0
7684 2.341 0
7723 4.452 0
7729 3.214 0
7741 2.718 0
7753 2.223 0
7796 3.461 0
7798 2.928 0
7805 2.394 0
aray 12 11
runnumber momentumgain
7593 3.15 0
7597 3.15 0
7608 2.699 0
7611 2.248 0
7625 1.797 0
7671 3.514 0
7679 2.928 0
7684 2.341 0
7723 4.452 0
7729 3.214 0
7741 2.718 0
7753 2.223 0
7796 3.461 0
7798 2.928 0
7805 2.394 0
aray 12 12
runnumber momentumgain
7593 3.15 0
7597 3.15 0
7608 2.699 0
7611 2.248 0
7625 1.797 0
7671 3.514 0
7679 2.928 0
7684 2.341 0
7723 4.452 0
7729 3.214 0
7741 2.718 0
7753 2.223 0
7796 3.461 0
7798 2.928 0
7805 2.394 0
aray 12 13
runnumber momentumgain
7593 3.15 0
7597 3.15 0
7608 2.699 0
7611 2.248 0
7625 1.797 0
7671 3.514 0
7679 2.928 0
7684 2.341 0
7723 4.452 0
7729 3.214 0
7741 2.718 0
7753 2.223 0
7796 3.461 0
7798 2.928 0
7805 2.394 0
aray 12 14
runnumber momentumgain
7593 3.15 0
7597 3.15 0
7608 2.699 0
7611 2.248 0
7625 1.797 0
7671 3.514 0
7679 2.928 0
7684 2.341 0
7723 4.452 0
7729 3.214 0
7741 2.718 0
7753 2.223 0
7796 3.461 0
7798 2.928 0
7805 2.394 0
aray 12 15
runnumber momentumgain
7593 3.15 0
7597 3.15 0
7608 2.699 0
7611 2.248 0
7625 1.797 0
7671 3.514 0
7679 2.928 0
7684 2.341 0
7723 4.452 0
7729 3.214 0
7741 2.718 0
7753 2.223 0
7796 3.461 0
7798 2.928 0
7805 2.394 0
aray 13 0
runnumber momentumgain
7593 3.15 0
7597 3.15 0
7608 2.699 0
7611 2.248 0
7625 1.797 0
7671 3.514 0
7679 2.928 0
7684 2.341 0
7723 4.452 0
7729 3.214 0
7741 2.718 0
7753 2.223 0
7796 3.461 0
7798 2.928 0
7805 2.394 0
aray 13 1
runnumber momentumgain
7593 3.15 0
7597 3.15 0
7608 2.699 0
7611 2.248 0
7625 1.797 0
7671 3.514 0
7679 2.928 0
7684 2.341 0
7723 4.452 0
7729 3.214 0
7741 2.718 0
7753 2.223 0
7796 3.461 0
7798 2.928 0
7805 2.394 0
aray 13 2
runnumber momentumgain
7593 3.15 0
7597 3.15 0
7608 2.699 0
7611 2.248 0
7625 1.797 0
7671 3.514 0
7679 2.928 0
7684 2.341 0
7723 4.452 0
7729 3.214 0
7741 2.718 0
7753 2.223 0
7796 3.461 0
7798 2.928 0
7805 2.394 0
aray 13 3
runnumber momentumgain
7593 3.15 0
7597 3.15 0
7608 2.699 0
7611 2.248 0
7625 1.797 0
7671 3.514 0
7679 2.928 0
7684 2.341 0
7723 4.452 0
7729 3.214 0
7741 2.718 0
7753 2.223 0
7796 3.461 0
7798 2.928 0
7805 2.394 0
aray 13 4
runnumber momentumgain
7593 3.15 0
7597 3.15 0
7608 2.699 0
7611 2.248 0
7625 1.797 0
7671 3.514 0
7679 2.928 0
7684 2.341 0
7723 4.452 0
7729 3.214 0
7741 2.718 0
7753 2.223 0
7796 3.461 0
7798 2.928 0
7805 2.394 0
aray 13 5
runnumber momentumgain
7593 3.15 0
7597 3.15 0
7608 2.699 0
7611 2.248 0
7625 1.797 0
7671 3.514 0
7679 2.928 0
7684 2.341 0
7723 4.452 0
7729 3.214 0
7741 2.718 0
7753 2.223 0
7796 3.461 0
7798 2.928 0
7805 2.394 0
aray 13 6
runnumber momentumgain
7593 3.15 0
7597 3.15 0
7608 2.699 0
7611 2.248 0
7625 1.797 0
7671 3.514 0
7679 2.928 0
7684 2.341 0
7723 4.452 0
7729 3.214 0
7741 2.718 0
7753 2.223 0
7796 3.461 0
7798 2.928 0
7805 2.394 0
aray 13 7
runnumber momentumgain
7593 3.15 0
7597 3.15 0
7608 2.699 0
7611 2.248 0
7625 1.797 0
7671 3.514 0
7679 2.928 0
7684 2.341 0
7723 4.452 0
7729 3.214 0
7741 2.718 0
7753 2.223 0
7796 3.461 0
7798 2.928 0
7805 2.394 0
aray 13 8
runnumber momentumgain
7593 3.15 0
7597 3.15 0
7608 2.699 0
7611 2.248 0
7625 1.797 0
7671 3.514 0
7679 2.928 0
7684 2.341 0
7723 4.452 0
7729 3.214 0
7741 2.718 0
7753 2.223 0
7796 3.461 0
7798 2.928 0
7805 2.394 0
aray 13 9
runnumber momentumgain
7593 3.15 0
7597 3.15 0
7608 2.699 0
7611 2.248 0
7625 1.797 0
7671 3.514 0
7679 2.928 0
7684 2.341 0
7723 4.452 0
7729 3.214 0
7741 2.718 0
7753 2.223 0
7796 3.461 0
7798 2.928 0
7805 2.394 0
aray 13 10
runnumber momentumgain
7593 3.15 0
7597 3.15 0
7608 2.699 0
7611 2.248 0
7625 1.797 0
7671 3.514 0
7679 2.928 0
7684 2.341 0
7723 4.452 0
7729 3.214 0
7741 2.718 0
7753 2.223 0
7796 3.461 0
7798 2.928 0
7805 2.394 0
aray 13 11
runnumber momentumgain
7593 3.15 0
7597 3.15 0
7608 2.699 0
7611 2.248 0
7625 1.797 0
7671 3.514 0
7679 2.928 0
7684 2.341 0
7723 4.452 0
7729 3.214 0
7741 2.718 0
7753 2.223 0
7796 3.461 0
7798 2.928 0
7805 2.394 0
aray 13 12
runnumber momentumgain
7593 3.15 0
7597 3.15 0
7608 2.699 0
7611 2.248 0
7625 1.797 0
7671 3.514 0
7679 2.928 0
7684 2.341 0
7723 4.452 0
7729 3.214 0
7741 2.718 0
7753 2.223 0
7796 3.461 0
7798 2.928 0
7805 2.394 0
aray 13 13
runnumber momentumgain
7593 3.15 0
7597 3.15 0
7608 2.699 0
7611 2.248 0
7625 1.797 0
7671 3.514 0
7679 2.928 0
7684 2.341 0
7723 4.452 0
7729 3.214 0
7741 2.718 0
7753 2.223 0
7796 3.461 0
7798 2.928 0
7805 2.394 0
aray 13 14
runnumber momentumgain
7593 3.15 0
7597 3.15 0
7608 2.699 0
7611 2.248 0
7625 1.797 0
7671 3.514 0
7679 2.928 0
7684 2.341 0
7723 4.452 0
7729 3.214 0
7741 2.718 0
7753 2.223 0
7796 3.461 0
7798 2.928 0
7805 2.394 0
aray 13 15
runnumber momentumgain
7593 3.15 0
7597 3.15 0
7608 2.699 0
7611 2.248 0
7625 1.797 0
7671 3.514 0
7679 2.928 0
7684 2.341 0
7723 4.452 0
7729 3.214 0
7741 2.718 0
7753 2.223 0
7796 3.461 0
7798 2.928 0
7805 2.394 0
