phgcer_PedDefault= 2085, 2146, 2309, 1979                      
pngcer_PedDefault= 0, 0, 0, 0  
paero_PedPosDefault= 2036, 2041, 1943, 1945, 1917, 1866, 1996  
paero_PedNegDefault= 1845, 2047, 1985, 1965, 2043, 2014, 1997  
pcal_PedPosDefault= 2000, 2024, 2138, 1943, 1972, 2129, 2097, 2076, 2163, 2092, 2131, 2065, 2064, 1986
pcal_PedNegDefault= 1893, 2182, 2088, 2210, 2206, 2154, 2221, 2109, 2141, 2148, 2072, 2160, 2176, 2114
pcal_arr_PedDefault= 2161, 2213, 2097, 2073, 2249, 2326, 2346, 2289, 2319, 2245, 2252, 2332, 2275, 2191, 2176, 2278, 2160, 
2203, 2092, 2201, 2188, 2224, 2280, 2267, 2356, 2234, 2206, 2217, 2313, 2137, 2239, 2245, 2139, 
2174, 2239, 2035, 2148, 2130, 2104, 2152, 2130, 2083, 2089, 2138, 2045, 2183, 2170, 2242, 2341, 
2103, 2224, 2190, 2304, 2311, 2208, 2121, 2200, 2347, 2126, 2231, 2268, 2209, 2204, 2249, 2105, 
2116, 2136, 2108, 2294, 2098, 2161, 2193, 2290, 2102, 2144, 2318, 2197, 2108, 2138, 2096, 2259, 
2352, 2210, 2213, 2280, 2107, 2258, 2190, 2130, 2290, 2239, 2164, 2287, 2205, 2137, 2172, 2310, 
2159, 2291, 2295, 2231, 2179, 2265, 2254, 2100, 2081, 2142, 2257, 2351, 2223, 2178, 2222, 1938, 
1880, 1978, 1961, 1868, 2007, 2044, 1949, 1910, 1985, 1874, 1853, 1924, 2074, 1938, 1798, 2147, 
2195, 2252, 2182, 2144, 2320, 2249, 2228, 2285, 2216, 2240, 2223, 2137, 2238, 2178, 2151, 2290, 
2117, 2154, 2162, 2271, 2090, 2164, 2140, 2164, 2156, 2082, 2286, 2205, 2057, 2135, 2185, 2251, 
2287, 2234, 2061, 2163, 2164, 2256, 2311, 2289, 2265, 2222, 2217, 2202, 2220, 2174, 2226, 2097, 
2233, 2375, 2349, 2200, 2260, 2213, 2292, 2392, 2223, 2310, 2250, 2264, 2210, 2130, 2044, 2231, 
2143, 2217, 2198, 2080, 2294, 2026, 2272, 2261, 2207, 2212, 2247, 2174, 2085, 2194, 2059, 2215, 
2141, 2231, 2217, 2198, 2102, 2215, 2215, 2153, 2238, 2137, 2264, 2236, 2240, 2253, 2215
root [2] run_hms_ped_default("/lcrc/project/jlab/data/hallc/csv/replay/ROOTfiles/coin_replay_production_6111_-1.root")
hcer_PedDefault= 2156, 1935    
hcal_PedPosDefault= 1952, 2104, 2132, 2013, 1999, 2264, 2059, 2205, 2119, 2214, 2160, 1967, 2103
1963, 2237, 1967, 2203, 2180, 2094, 2161, 1992, 2022, 2073, 2078, 2007, 2048
2099, 2102, 2002, 1978, 2137, 2242, 2041, 1961, 2091, 2140, 2047, 2110, 2178
2000, 1988, 1911, 1969, 2157, 2043, 1979, 2093, 2104, 2013, 1920, 2139, 2111
hcal_PedNegDefault= 2084, 2096, 1994, 2014, 2111, 2117, 2071, 2254, 2129, 2094, 2081, 2095, 2174
2050, 2150, 2050, 2034, 2181, 2093, 2185, 2003, 2027, 2002, 2145, 2007, 2049
0, 0, 0, 0, 0, 0, 0, 0, 0, 0, 0, 0, 0                          
0, 0, 0, 0, 0, 0, 0, 0, 0, 0, 0, 0, 0
