phgcer_PedDefault= 2085, 2145, 2309, 1981                      
pngcer_PedDefault= 2085, 2072, 2032, 1957                      
paero_PedPosDefault= 2039, 2043, 1945, 1947, 1918, 1868, 1998  
paero_PedNegDefault= 1848, 2045, 1988, 1967, 2044, 2018, 1997  
pcal_PedPosDefault= 2002, 2028, 2140, 1943, 1974, 2129, 2101, 2078, 2166, 2093, 2131, 2070, 2067, 1989                         
pcal_PedNegDefault= 1892, 2185, 2088, 2210, 2206, 2155, 2223, 2110, 2144, 2150, 2073, 2164, 2177, 2115                         
pcal_arr_PedDefault= 2166, 2215, 2100, 2078, 2254, 2332, 2349, 2292, 2322, 2249, 2256, 2335, 2279, 2192, 2177, 2285, 2163,     
2206, 2094, 2207, 2190, 2228, 2281, 2270, 2357, 2238, 2211, 2221, 2317, 2140, 2243, 2248, 2143,                                
2177, 2240, 2036, 2151, 2131, 2108, 2153, 2131, 2086, 2091, 2144, 2050, 2186, 2174, 2246, 2341,                                
2105, 2226, 2190, 2308, 2315, 2211, 2125, 2204, 2352, 2131, 2234, 2269, 2210, 2207, 2250, 2107,                                
2118, 2139, 2110, 2292, 2100, 2165, 2197, 2294, 2102, 2144, 2320, 2202, 2115, 2144, 2102, 2261,                                
2353, 2214, 2217, 2283, 2109, 2262, 2193, 2133, 2294, 2245, 2168, 2290, 2207, 2142, 2176, 2313,                                
2164, 2294, 2300, 2234, 2181, 2267, 2258, 2104, 2083, 2141, 2262, 2354, 2224, 2181, 2228, 1941,                                
1884, 1982, 1964, 1870, 2009, 2047, 1951, 1914, 1988, 1878, 1856, 1926, 2076, 1943, 1800, 2148,                                
2199, 2255, 2187, 2145, 2322, 2251, 2234, 2290, 2217, 2243, 2226, 2142, 2242, 2182, 2153, 2293,                                
2120, 2159, 2167, 2276, 2095, 2168, 2142, 2168, 2158, 2085, 2289, 2208, 2062, 2137, 2190, 2256,                                
2291, 2237, 2064, 2168, 2168, 2260, 2315, 2293, 2269, 2226, 2222, 2205, 2226, 2177, 2229, 2100,                                
2235, 2375, 2351, 2205, 2264, 2216, 2298, 2396, 2229, 2309, 2255, 2268, 2208, 2135, 2048, 2233,                                
2147, 2219, 2205, 2084, 2296, 2033, 2275, 2268, 2211, 2213, 2249, 2179, 2088, 2198, 2063, 2215,                                
2142, 2233, 2218, 2201, 2104, 2217, 2218, 2154, 2240, 2139, 2264, 2241, 2241, 2260, 2217                                       
root [2] run_hms_ped_default("/lcrc/project/jlab/data/hallc/csv
hcer_PedDefault= 2160, 1940ay_production_7594_-1.root")        
hcal_PedPosDefault= 1955, 2107, 2136, 2018, 2000, 2264, 2063, 2206, 2120, 2216, 2162, 1968, 2105                               
1965, 2241, 1965, 2201, 2183, 2094, 2165, 1996, 2022, 2073, 2079, 2108, 2049                                                   
2099, 2102, 2005, 1977, 2137, 2243, 2045, 1962, 2090, 2142, 2048, 2111, 2180                                                   
2002, 1987, 1910, 1969, 2156, 2041, 1981, 2093, 2105, 2014, 1922, 2142, 2114                                                   
hcal_PedNegDefault= 2088, 2098, 1997, 2018, 2112, 2120, 2075, 2258, 2128, 2097, 2082, 2097, 2175                               
2051, 2152, 2051, 2034, 2184, 2097, 2186, 2006, 2027, 2003, 2146, 2008, 2051                                                   
0, 0, 0, 0, 0, 0, 0, 0, 0, 0, 0, 0, 0                          
0, 0, 0, 0, 0, 0, 0, 0, 0, 0, 0, 0, 0 
